
NEW RESULT

[ p ;  jungle8 ; breaker: 1,0 ] --> 0,2 0,5 0,76 1,37 1,93 2,24 2,72 2,93 
[ b ;  jungle8 ; breaker: 1,0 ] --> 0,2 0,611586 0,8391219 1,219254 1,879294 2,185747 2,744372 2,972053 
[ e ;  jungle8 ; breaker: 1,0 ] --> 0 0,111586 0,07912195 0,1507456 0,05070591 0,05425262 0,02437186 0,04205251 
Absolute Error Mean: 0,06410456

[ p ;  jungle8 ; breaker: 1,0 ] --> 0,2 0,5 0,76 1,37 1,93 2,24 2,72 2,93 
[ b ;  jungle8 ; breaker: 1,0 ] --> 0,2 0,6064872 0,8110175 1,19421 1,825612 2,153099 2,761822 3,01595 
[ e ;  jungle8 ; breaker: 1,0 ] --> 0 0,1064872 0,05101752 0,1757903 0,1043876 0,08690119 0,04182172 0,08594966 
Absolute Error Mean: 0,08154441

[ p ;  jungle8 ; breaker: 1,0 ] --> 0,2 0,5 0,76 1,37 1,93 2,24 2,72 2,93 
[ b ;  jungle8 ; breaker: 1,0 ] --> 0,2 0,5788203 0,7818847 1,163539 1,789026 2,117383 2,643521 2,943281 
[ e ;  jungle8 ; breaker: 1,0 ] --> 0 0,07882035 0,02188468 0,2064612 0,1409742 0,1226172 0,0764792 0,01328087 
Absolute Error Mean: 0,08256471

[ p ;  jungle8 ; breaker: 1,0 ] --> 0,2 0,5 0,76 1,37 1,93 2,24 2,72 2,93 
[ b ;  jungle8 ; breaker: 1,0 ] --> 0,2 0,5312818 0,8129866 1,170368 1,750938 2,110074 2,623059 2,928832 
[ e ;  jungle8 ; breaker: 1,0 ] --> 0 0,03128183 0,05298662 0,1996322 0,1790624 0,1299262 0,09694099 0,001167774 
Absolute Error Mean: 0,08637474

[ p ;  jungle8 ; breaker: 1,0 ] --> 0,2 0,5 0,76 1,37 1,93 2,24 2,72 2,93 
[ b ;  jungle8 ; breaker: 1,0 ] --> 0,2 3,76778 4,123719 4,403646 4,985319 5,56927 5,878144 6,459428 6,812738 
[ e ;  jungle8 ; breaker: 1,0 ] --> 0 3,26778 3,363719 3,033647 3,055319 3,32927 3,158144 3,529428 
Absolute Error Mean: 2,842163

[ p ;  jungle8 ; breaker: 1,0 ] --> 0,2 0,5 0,76 1,37 1,93 2,24 2,72 2,93 
[ b ;  jungle8 ; breaker: 1,0 ] --> 0,2 0,5069569 0,7847421 1,295313 1,979911 2,235277 2,741436 2,993921 
[ e ;  jungle8 ; breaker: 1,0 ] --> 0 0,006956875 0,02474207 0,074687 0,04991138 0,004722595 0,02143621 0,06392121 
Absolute Error Mean: 0,03079717

[ p ;  jungle8 ; breaker: 1,0 ] --> 0,2 0,5 0,76 1,37 1,93 2,24 2,72 2,93 
[ b ;  jungle8 ; breaker: 1,0 ] --> 0,2 0,5561057 0,8136069 1,376153 1,991208 2,271345 2,808233 3,087377 
[ e ;  jungle8 ; breaker: 1,0 ] --> 0 0,05610573 0,05360693 0,006153226 0,06120789 0,03134537 0,08823347 0,1573765 
Absolute Error Mean: 0,05675364

[ p ;  jungle8 ; breaker: 1,0 ] --> 0,2 0,5 0,76 1,37 1,93 2,24 2,72 2,93 
[ b ;  jungle8 ; breaker: 1,0 ] --> 0,2 0,5296944 0,7630952 1,145247 1,785518 2,012348 2,594592 2,772537 
[ e ;  jungle8 ; breaker: 1,0 ] --> 0 0,02969438 0,00309521 0,2247535 0,1444824 0,2276521 0,1254079 0,1574631 
Absolute Error Mean: 0,1140686

[ p ;  jungle8 ; breaker: 1,0 ] --> 0,2 0,5 0,76 1,37 1,93 2,24 2,72 2,93 
[ b ;  jungle8 ; breaker: 1,0 ] --> 0,2 2,639491 2,94867 3,589949 4,049785 4,254082 4,693159 4,869032 
[ e ;  jungle8 ; breaker: 1,0 ] --> 0 2,139491 2,18867 2,219949 2,119785 2,014082 1,973159 1,939032 
Absolute Error Mean: 1,824271

[ p ;  jungle8 ; breaker: 1,0 ] --> 0,2 0,5 0,76 1,37 1,93 2,24 2,72 2,93 
[ b ;  jungle8 ; breaker: 1,0 ] --> 0,2 0,5517367 0,7800654 1,414844 2,068962 2,322325 2,881004 3,058258 
[ e ;  jungle8 ; breaker: 1,0 ] --> 0 0,05173671 0,02006537 0,04484355 0,1389617 0,08232474 0,1610041 0,128258 
Absolute Error Mean: 0,07839926

[ p ;  jungle16 ; breaker: 1,0 ] --> 0,2 0,5 0,76 1,37 1,93 2,24 2,72 2,93 
[ s ;  jungle16 ; breaker: 1,0 ] --> 0,2 0,5020736 0,8290131 1,383253 1,96049 2,212219 2,489366 2,690244 3,071309 3,350379 3,654307 3,9577 4,285229 4,515459 4,719783 5,37413 
[ e ;  jungle16 ; breaker: 1,0 ] --> 0 0,002073586 0,06901312 0,01325274 0,03048956 0,02778149 0,2306342 0,2397563 
Absolute Error Mean: 0,07662513

[ p ;  jungle16 ; breaker: 1,0 ] --> 0,2 0,5 0,76 1,37 1,93 2,24 2,72 2,93 3,2 3,51 3,78 4,08 4,57 4,9 5,19 5,3 
[ s ;  jungle16 ; breaker: 1,0 ] --> 0,2 0,4512825 0,8066196 1,362584 1,897948 2,154194 2,381635 2,660417 3,011086 3,266692 3,570487 3,874046 4,178092 4,436035 4,615855 4,793339 
[ e ;  jungle16 ; breaker: 1,0 ] --> 0 0,04871753 0,04661965 0,00741601 0,03205204 0,08580637 0,3383646 0,2695827 0,1889136 0,2433081 0,2095134 0,2059543 0,3919082 0,4639649 0,5741453 0,5066614 
Absolute Error Mean: 0,225808

[ p ;  jungle16 ; breaker: 1,0 ] --> 0,2 0,5 0,76 1,37 1,93 2,24 2,72 2,93 3,2 3,51 3,78 4,08 4,57 4,9 5,19 5,3 
[ s ;  jungle16 ; breaker: 1,0 ] --> 0,2 0,5047404 0,8173073 1,323993 1,860762 2,109865 2,313858 2,489541 2,868849 3,119764 3,420639 3,722022 4,077507 4,306591 4,511688 4,712957 
[ e ;  jungle16 ; breaker: 1,0 ] --> 0 0,004740357 0,0573073 0,0460068 0,06923807 0,1301346 0,4061418 0,4404588 0,3311512 0,3902359 0,3593612 0,3579779 0,4924927 0,5934091 0,6783118 0,5870433 
Absolute Error Mean: 0,3090007

[ p ;  jungle16 ; breaker: 1,0 ] --> 0,2 0,5 0,76 1,37 1,93 2,24 2,72 2,93 3,2 3,51 3,78 4,08 4,57 4,9 5,19 5,3 
[ s ;  jungle16 ; breaker: 1,0 ] --> 0,2 1,284265 1,563252 1,789331 2,292277 2,570165 2,795586 2,972693 3,376024 3,652601 3,932282 4,234635 4,515231 4,717641 4,926779 5,17799 5,460168 
[ e ;  jungle16 ; breaker: 1,0 ] --> 0 0,7842653 0,8032521 0,4193308 0,3622767 0,3301647 0,0755856 0,04269314 0,176024 0,1426015 0,1522822 0,1546354 0,05476952 0,1823587 0,2632213 0,1220102 
Absolute Error Mean: 0,2540919

[ p ;  jungle16 ; breaker: 1,0 ] --> 0,2 0,5 0,76 1,37 1,93 2,24 2,72 2,93 3,2 3,51 3,78 4,08 4,57 4,9 5,19 5,3 
[ s ;  jungle16 ; breaker: 1,0 ] --> 0,2 0,4519631 0,8066344 1,413031 1,972804 2,148702 2,354844 2,529945 2,910244 3,169086 3,469158 3,743109 4,044069 4,299085 4,501939 4,654085 
[ e ;  jungle16 ; breaker: 1,0 ] --> 0 0,0480369 0,04663444 0,04303062 0,042804 0,09129834 0,3651562 0,4000547 0,2897558 0,340914 0,3108423 0,3368912 0,5259314 0,6009154 0,6880608 0,645915 
Absolute Error Mean: 0,2985151

[ p ;  jungle16 ; breaker: 1,0 ] --> 0,2 0,5 0,76 1,37 1,93 2,24 2,72 2,93 3,2 3,51 3,78 4,08 4,57 4,9 5,19 5,3 
[ s ;  jungle16 ; breaker: 1,0 ] --> 0,2 0,4541157 0,778352 1,32709 1,952673 2,178587 2,403025 2,553904 2,978196 3,253086 3,580247 3,881168 4,205296 4,48645 4,717894 4,870881 
[ e ;  jungle16 ; breaker: 1,0 ] --> 0 0,04588428 0,01835203 0,04291034 0,02267301 0,06141281 0,3169749 0,376096 0,2218037 0,2569141 0,1997526 0,1988316 0,3647041 0,4135499 0,4721065 0,4291196 
Absolute Error Mean: 0,2150678

[ p ;  jungle16 ; breaker: 1,0 ] --> 0,2 0,5 0,76 1,37 1,93 2,24 2,72 2,93 3,2 3,51 3,78 4,08 4,57 4,9 5,19 5,3 
[ s ;  jungle16 ; breaker: 1,0 ] --> 0,2 0,4740113 0,7513779 1,309769 1,789216 2,020543 2,27488 2,407604 2,78976 3,042958 3,32605 3,608237 3,888367 4,142146 4,372232 4,527509 
[ e ;  jungle16 ; breaker: 1,0 ] --> 0 0,02598867 0,00862211 0,06023133 0,1407839 0,2194567 0,4451203 0,5223963 0,4102404 0,4670417 0,4539497 0,4717629 0,681633 0,7578545 0,8177676 0,772491 
Absolute Error Mean: 0,3909588

[ p ;  jungle16 ; breaker: 1,0 ] --> 0,2 0,5 0,76 1,37 1,93 2,24 2,72 2,93 3,2 3,51 3,78 4,08 4,57 4,9 5,19 5,3 
[ s ;  jungle16 ; breaker: 1,0 ] --> 0,2 0,4550398 0,7593631 1,316337 1,874302 2,102754 2,355116 2,503547 2,93047 3,208774 3,483669 3,78879 4,047178 4,299213 4,557369 4,685477 
[ e ;  jungle16 ; breaker: 1,0 ] --> 0 0,04496023 0,0006368756 0,05366254 0,05569839 0,1372457 0,3648839 0,4264526 0,2695303 0,3012257 0,2963314 0,2912097 0,5228224 0,6007872 0,6326308 0,6145234 
Absolute Error Mean: 0,2882876

[ p ;  jungle16 ; breaker: 1,0 ] --> 0,2 0,5 0,76 1,37 1,93 2,24 2,72 2,93 3,2 3,51 3,78 4,08 4,57 4,9 5,19 5,3 
[ s ;  jungle16 ; breaker: 1,0 ] --> 0,2 0,4526713 0,8359494 1,41893 1,92905 2,133027 2,337184 2,719945 3,082065 3,362934 3,643082 3,953072 4,284616 4,511746 4,71449 4,920591 
[ e ;  jungle16 ; breaker: 1,0 ] --> 0 0,04732874 0,07594937 0,04893005 0,000950098 0,1069727 0,3828156 0,2100549 0,1179349 0,1470656 0,1369183 0,1269276 0,2853842 0,3882537 0,4755101 0,3794093 
Absolute Error Mean: 0,1831503

[ p ;  jungle16 ; breaker: 1,0 ] --> 0,2 0,5 0,76 1,37 1,93 2,24 2,72 2,93 3,2 3,51 3,78 4,08 4,57 4,9 5,19 5,3 
[ s ;  jungle16 ; breaker: 1,0 ] --> 0,2 0,4772784 0,755673 1,310455 1,816441 2,120858 2,345627 2,501014 2,881487 3,162875 3,443069 3,748737 4,028569 4,288106 4,543544 4,694288 
[ e ;  jungle16 ; breaker: 1,0 ] --> 0 0,02272159 0,004326999 0,0595454 0,1135588 0,1191423 0,3743734 0,4289863 0,3185132 0,3471248 0,3369312 0,3312633 0,541431 0,6118937 0,6464558 0,6057124 
Absolute Error Mean: 0,3038737

[ p ;  jungle16 ; breaker: 1,0 ] --> 0,2 0,5 0,76 1,37 1,93 2,24 2,72 2,93 3,2 3,51 3,78 4,08 4,57 4,9 5,19 5,3 
[ b ;  jungle16 ; breaker: 1,0 ] --> 0,2 0,5527415 0,8800636 1,414939 1,929704 2,181968 2,511778 2,715886 3,130081 3,411979 3,718259 4,04561 4,526096 4,728287 4,982272 5,283166 
[ e ;  jungle16 ; breaker: 1,0 ] --> 0 0,05274153 0,1200636 0,0449388 0,0002957582 0,0580318 0,2082224 0,2141137 0,06991863 0,09802127 0,06174088 0,0343895 0,0439043 0,1717129 0,2077284 0,01683426 
Absolute Error Mean: 0,08766611

[ p ;  jungle16 ; breaker: 1,0 ] --> 0,2 0,5 0,76 1,37 1,93 2,24 2,72 2,93 3,2 3,51 3,78 4,08 4,57 4,9 5,19 5,3 
[ b ;  jungle16 ; breaker: 1,0 ] --> 0,2 0,4747635 0,7791798 1,258065 1,772504 2,002012 2,385628 2,539086 2,978472 3,284839 3,592061 3,976772 4,330338 4,607767 4,811368 5,391349 
[ e ;  jungle16 ; breaker: 1,0 ] --> 0 0,02523652 0,01917976 0,1119353 0,1574963 0,2379875 0,3343723 0,3909137 0,2215278 0,2251611 0,1879387 0,1032281 0,2396622 0,292233 0,3786321 0,09134865 
Absolute Error Mean: 0,1885533

[ p ;  jungle16 ; breaker: 1,0 ] --> 0,2 0,5 0,76 1,37 1,93 2,24 2,72 2,93 3,2 3,51 3,78 4,08 4,57 4,9 5,19 5,3 
[ b ;  jungle16 ; breaker: 1,0 ] --> 0,2 0,4771297 0,8342928 1,266149 1,72635 2,053567 2,410934 2,61463 3,019418 3,30101 3,630525 4,007735 4,366282 4,699453 5,081746 5,334726 
[ e ;  jungle16 ; breaker: 1,0 ] --> 0 0,02287033 0,07429278 0,1038514 0,2036499 0,1864333 0,3090658 0,3153698 0,1805818 0,2089899 0,1494753 0,07226515 0,2037177 0,2005467 0,1082544 0,03472567 
Absolute Error Mean: 0,1483806

[ p ;  jungle16 ; breaker: 1,0 ] --> 0,2 0,5 0,76 1,37 1,93 2,24 2,72 2,93 3,2 3,51 3,78 4,08 4,57 4,9 5,19 5,3 
[ b ;  jungle16 ; breaker: 1,0 ] --> 0,2 0,4792599 0,785105 1,141538 1,596368 1,952247 2,277605 2,480534 2,863283 3,193711 3,551657 3,938313 4,244285 4,524446 4,833257 5,087365 
[ e ;  jungle16 ; breaker: 1,0 ] --> 0 0,02074012 0,025105 0,2284622 0,3336315 0,2877529 0,4423952 0,449466 0,3367169 0,3162889 0,2283425 0,1416869 0,3257155 0,3755546 0,3567433 0,212635 
Absolute Error Mean: 0,2550773

[ p ;  jungle16 ; breaker: 1,0 ] --> 0,2 0,5 0,76 1,37 1,93 2,24 2,72 2,93 3,2 3,51 3,78 4,08 4,57 4,9 5,19 5,3 
[ b ;  jungle16 ; breaker: 1,0 ] --> 0,2 0,5061268 0,8366365 1,30141 1,757873 1,999285 2,435984 2,642342 3,106797 3,367693 3,677141 4,081133 4,511851 4,766639 4,946934 5,682184 
[ e ;  jungle16 ; breaker: 1,0 ] --> 0 0,006126761 0,07663649 0,06859016 0,1721269 0,2407148 0,2840161 0,287658 0,09320331 0,1423068 0,1028588 0,001133442 0,05814934 0,1333609 0,2430663 0,3821836 
Absolute Error Mean: 0,1432582

[ p ;  jungle16 ; breaker: 1,0 ] --> 0,2 0,5 0,76 1,37 1,93 2,24 2,72 2,93 3,2 3,51 3,78 4,08 4,57 4,9 5,19 5,3 
[ b ;  jungle16 ; breaker: 1,0 ] --> 0,2 0,4581063 0,7425682 1,309331 1,742426 1,950155 2,359589 2,488753 2,950354 3,235365 3,592711 3,926768 4,366619 4,752853 5,083421 5,263566 
[ e ;  jungle16 ; breaker: 1,0 ] --> 0 0,04189366 0,0174318 0,06066918 0,1875744 0,2898448 0,3604114 0,441247 0,2496459 0,2746353 0,187289 0,1532316 0,2033811 0,1471467 0,1065788 0,03643417 
Absolute Error Mean: 0,1723384

[ p ;  jungle16 ; breaker: 1,0 ] --> 0,2 0,5 0,76 1,37 1,93 2,24 2,72 2,93 3,2 3,51 3,78 4,08 4,57 4,9 5,19 5,3 
[ b ;  jungle16 ; breaker: 1,0 ] --> 0,2 0,4813161 0,764792 1,277083 1,768619 2,081735 2,391249 2,544134 2,952122 3,314081 3,645226 4,005589 4,312756 4,646466 4,956019 5,135417 
[ e ;  jungle16 ; breaker: 1,0 ] --> 0 0,01868394 0,004791975 0,09291661 0,1613806 0,1582646 0,3287513 0,3858662 0,2478781 0,195919 0,1347735 0,07441044 0,2572446 0,2535338 0,2339811 0,1645832 
Absolute Error Mean: 0,1695612

[ p ;  jungle16 ; breaker: 1,0 ] --> 0,2 0,5 0,76 1,37 1,93 2,24 2,72 2,93 3,2 3,51 3,78 4,08 4,57 4,9 5,19 5,3 
[ b ;  jungle16 ; breaker: 1,0 ] --> 0,2 0,5092094 0,8411685 1,304969 1,663125 1,969362 2,224434 2,557525 2,865612 3,198773 3,529768 3,965913 4,301657 4,609132 4,890765 5,118086 
[ e ;  jungle16 ; breaker: 1,0 ] --> 0 0,009209394 0,08116853 0,06503093 0,2668749 0,2706379 0,4955661 0,3724747 0,334388 0,3112271 0,2502315 0,1140871 0,2683434 0,2908683 0,2992349 0,1819143 
Absolute Error Mean: 0,2257036

[ p ;  jungle16 ; breaker: 1,0 ] --> 0,2 0,5 0,76 1,37 1,93 2,24 2,72 2,93 3,2 3,51 3,78 4,08 4,57 4,9 5,19 5,3 
[ b ;  jungle16 ; breaker: 1,0 ] --> 0,2 1,737084 1,968576 2,275058 2,633592 3,072407 3,406467 3,81827 4,025089 4,435665 4,739944 5,071533 5,353704 5,687022 5,971312 6,254764 
[ e ;  jungle16 ; breaker: 1,0 ] --> 0 1,237084 1,208576 0,9050583 0,7035922 0,832407 0,6864672 0,8882699 0,8250892 0,9256651 0,9599445 0,9915328 0,7837038 0,7870221 0,7813115 0,9547634 
Absolute Error Mean: 0,8419055

[ p ;  jungle16 ; breaker: 1,0 ] --> 0,2 0,5 0,76 1,37 1,93 2,24 2,72 2,93 3,2 3,51 3,78 4,08 4,57 4,9 5,19 5,3 
[ b ;  jungle16 ; breaker: 1,0 ] --> 0,2 0,4778636 0,7606965 1,201416 1,684639 1,946989 2,254822 2,436655 2,847502 3,153028 3,485538 3,821377 4,156401 4,439355 4,745618 4,92259 
[ e ;  jungle16 ; breaker: 1,0 ] --> 0 0,02213645 0,0006965399 0,1685836 0,2453613 0,2930113 0,4651778 0,4933453 0,3524976 0,3569717 0,2944617 0,2586229 0,413599 0,4606452 0,4443822 0,3774099 
Absolute Error Mean: 0,2904314

[ p ;  jungle26 ; breaker: 1,0 ] --> 0,2 0,5 0,76 1,37 1,93 2,24 2,72 2,93 3,2 3,51 3,78 4,08 4,57 4,9 5,19 5,3 
[ b ;  jungle26 ; breaker: 1,0 ] --> 0,2 0,4837459 0,796085 1,305789 1,768212 2,102684 2,384171 2,566607 2,923909 3,231108 3,539117 3,846087 4,176282 4,483348 4,76635 4,943987 5,351828 5,653084 6,108466 6,313359 6,567707 6,902082 7,310391 7,623632 7,933597 8,267601 
[ e ;  jungle26 ; breaker: 1,0 ] --> 0 0,0162541 0,03608501 0,06421149 0,161788 0,1373165 0,3358288 0,3633933 0,2760911 0,2788918 0,2408829 0,2339132 0,3937178 0,4166522 0,4236503 0,3560128 
Absolute Error Mean: 0,2334181

[ p ;  jungle26 ; breaker: 1,0 ] --> 0,2 0,5 0,76 1,37 1,93 2,24 2,72 2,93 3,2 3,51 3,78 4,08 4,57 4,9 5,19 5,3 5,92 6,1 6,37 6,76 7,09 7,24 7,7 7,8 8,24 8,5 
[ b ;  jungle26 ; breaker: 1,0 ] --> 0,2 6,691305 6,948372 7,257076 7,590227 7,900235 8,156501 8,337367 8,720627 8,952913 9,211001 9,517579 9,795588 10,09889 10,35154 10,53009 10,91109 11,14095 11,52332 11,72709 11,98429 12,31816 12,7025 13,00862 13,29261 13,59869 
[ e ;  jungle26 ; breaker: 1,0 ] --> 0 6,191305 6,188372 5,887076 5,660227 5,660234 5,436501 5,407367 5,520627 5,442913 5,431002 5,437579 5,225588 5,19889 5,161539 5,230093 4,991094 5,040953 5,153316 4,96709 4,894295 5,078156 5,002502 5,208624 5,052615 5,098689 
Absolute Error Mean: 5,137179

[ p ;  jungle26 ; breaker: 1,0 ] --> 0,2 0,5 0,76 1,37 1,93 2,24 2,72 2,93 3,2 3,51 3,78 4,08 4,57 4,9 5,19 5,3 5,92 6,1 6,37 6,76 7,09 7,24 7,7 7,8 8,24 8,5 
[ b ;  jungle26 ; breaker: 1,0 ] --> 0,2 0,4794767 0,7856993 0,9625897 1,240088 1,593558 1,773917 2,130832 2,437336 2,720978 2,973357 3,249177 3,581716 3,789241 4,271518 4,524879 4,960588 5,138775 5,36791 5,56881 5,973114 6,226114 6,678904 6,931142 7,13589 7,440532 
[ e ;  jungle26 ; breaker: 1,0 ] --> 0 0,02052328 0,02569932 0,4074103 0,6899116 0,6464423 0,9460827 0,7991683 0,7626638 0,789022 0,806643 0,8308225 0,9882841 1,110759 0,9184823 0,7751207 0,9594116 0,9612246 1,00209 1,191191 1,116886 1,013885 1,021096 0,8688579 1,10411 1,059468 
Absolute Error Mean: 0,8005868

[ p ;  jungle26 ; breaker: 1,0 ] --> 0,2 0,5 0,76 1,37 1,93 2,24 2,72 2,93 3,2 3,51 3,78 4,08 4,57 4,9 5,19 5,3 5,92 6,1 6,37 6,76 7,09 7,24 7,7 7,8 8,24 8,5 
[ b ;  jungle26 ; breaker: 1,0 ] --> 0,2 0,4567869 0,7695763 1,180972 1,639512 1,89497 2,199002 2,350626 2,730791 3,010872 3,339307 3,669934 4,000216 4,335642 4,616541 4,793412 5,17866 5,51454 5,898984 6,102091 6,362975 6,668324 7,054143 7,357051 7,658845 7,986155 
[ e ;  jungle26 ; breaker: 1,0 ] --> 0 0,04321313 0,009576261 0,1890285 0,2904884 0,3450296 0,520998 0,5793743 0,4692087 0,4991276 0,4406934 0,4100661 0,5697842 0,5643578 0,5734591 0,506588 0,7413397 0,5854602 0,4710159 0,6579094 0,7270255 0,5716758 0,6458564 0,4429488 0,5811548 0,513845 
Absolute Error Mean: 0,4595856

[ p ;  jungle26 ; breaker: 1,0 ] --> 0,2 0,5 0,76 1,37 1,93 2,24 2,72 2,93 3,2 3,51 3,78 4,08 4,57 4,9 5,19 5,3 5,92 6,1 6,37 6,76 7,09 7,24 7,7 7,8 8,24 8,5 
[ b ;  jungle26 ; breaker: 1,0 ] --> 0,2 0,4824433 0,7891704 1,225252 1,70723 2,044265 2,348541 2,553857 2,913875 3,272238 3,581782 3,936562 4,341644 4,676157 5,008635 5,187718 5,54979 5,882536 6,317977 6,575084 6,882536 7,187604 7,571334 7,882322 8,187808 8,444403 
[ e ;  jungle26 ; breaker: 1,0 ] --> 0 0,01755673 0,02917045 0,1447483 0,2227702 0,1957352 0,3714588 0,3761427 0,2861254 0,2377615 0,1982181 0,1434381 0,2283559 0,2238431 0,181365 0,1122823 0,3702102 0,217464 0,05202293 0,1849165 0,2074637 0,05239582 0,1286659 0,08232212 0,05219173 0,05559731 
Absolute Error Mean: 0,1681624

[ p ;  jungle26 ; breaker: 1,0 ] --> 0,2 0,5 0,76 1,37 1,93 2,24 2,72 2,93 3,2 3,51 3,78 4,08 4,57 4,9 5,19 5,3 5,92 6,1 6,37 6,76 7,09 7,24 7,7 7,8 8,24 8,5 
[ b ;  jungle26 ; breaker: 1,0 ] --> 0,2 0,5096929 0,8160366 1,252344 1,720146 2,02094 2,319871 2,49693 2,876128 3,181661 3,509618 3,839248 4,194103 4,549572 4,857249 5,037114 5,420457 5,728827 6,147083 6,328407 6,588921 6,921159 7,286466 7,61534 7,925787 8,133487 
[ e ;  jungle26 ; breaker: 1,0 ] --> 0 0,009692907 0,05603665 0,1176564 0,2098544 0,2190602 0,4001288 0,4330697 0,3238721 0,3283391 0,2703824 0,240752 0,3758974 0,3504281 0,3327508 0,2628865 0,4995432 0,3711724 0,2229166 0,4315929 0,5010791 0,3188405 0,4135337 0,18466 0,3142128 0,3665133 
Absolute Error Mean: 0,290572

[ p ;  jungle26 ; breaker: 1,0 ] --> 0,2 0,5 0,76 1,37 1,93 2,24 2,72 2,93 3,2 3,51 3,78 4,08 4,57 4,9 5,19 5,3 5,92 6,1 6,37 6,76 7,09 7,24 7,7 7,8 8,24 8,5 
[ b ;  jungle26 ; breaker: 1,0 ] --> 0,2 0,4553167 0,7643728 1,199375 1,658066 1,961243 2,268229 2,420345 2,802941 3,111981 3,416538 3,771896 4,152853 4,560781 4,890674 5,045508 5,379649 5,639967 6,052637 6,181943 6,465131 6,748508 7,131395 7,437156 7,746473 8,056175 
[ e ;  jungle26 ; breaker: 1,0 ] --> 0 0,04468334 0,004372776 0,1706249 0,2719337 0,2787569 0,4517705 0,5096548 0,397059 0,3980191 0,3634617 0,3081038 0,4171472 0,3392196 0,2993259 0,2544923 0,5403514 0,4600329 0,3173628 0,5780568 0,6248693 0,4914918 0,5686045 0,362844 0,4935265 0,4438248 
Absolute Error Mean: 0,3611381

[ p ;  jungle26 ; breaker: 1,0 ] --> 0,2 0,5 0,76 1,37 1,93 2,24 2,72 2,93 3,2 3,51 3,78 4,08 4,57 4,9 5,19 5,3 5,92 6,1 6,37 6,76 7,09 7,24 7,7 7,8 8,24 8,5 
[ b ;  jungle26 ; breaker: 1,0 ] --> 0,2 0,4752868 0,7787299 1,287471 1,715572 2,046426 2,324701 2,524807 2,904906 3,206453 3,482056 3,836267 4,24133 4,544488 4,848422 5,026171 5,413042 5,71866 6,126258 6,307777 6,591021 6,872579 7,230332 7,486642 7,823297 8,02877 9,15501 12,50362 12,75709 13,24208 13,52227 13,85281 14,03426 14,43667 
[ e ;  jungle26 ; breaker: 1,0 ] --> 0 0,02471316 0,01872993 0,08252919 0,2144282 0,1935737 0,3952987 0,4051933 0,295094 0,3035467 0,2979438 0,2437329 0,32867 0,3555121 0,341578 0,273829 0,5069585 0,38134 0,243742 0,4522233 0,4989791 0,3674207 0,4696679 0,3133583 0,4167032 0,4712296 
Absolute Error Mean: 0,3036921

[ p ;  jungle26 ; breaker: 1,0 ] --> 0,2 0,5 0,76 1,37 1,93 2,24 2,72 2,93 3,2 3,51 3,78 4,08 4,57 4,9 5,19 5,3 5,92 6,1 6,37 6,76 7,09 7,24 7,7 7,8 8,24 8,5 
[ b ;  jungle26 ; breaker: 1,0 ] --> 0,2 0,5333911 0,7969084 1,202543 1,679639 1,988242 2,29141 2,469421 2,851453 3,206808 3,51038 3,840937 4,224992 4,579861 4,881785 5,057712 5,489994 5,722278 6,157779 6,343748 6,52336 6,781703 7,148059 7,429646 7,915686 8,251225 
[ e ;  jungle26 ; breaker: 1,0 ] --> 0 0,03339112 0,03690845 0,167457 0,2503611 0,2517576 0,4285898 0,4605789 0,348547 0,3031924 0,2696204 0,239063 0,3450079 0,3201394 0,3082151 0,2422886 0,430006 0,3777223 0,2122211 0,4162521 0,5666399 0,4582968 0,5519404 0,3703537 0,3243141 0,2487745 
Absolute Error Mean: 0,3062169

[ p ;  jungle26 ; breaker: 1,0 ] --> 0,2 0,5 0,76 1,37 1,93 2,24 2,72 2,93 3,2 3,51 3,78 4,08 4,57 4,9 5,19 5,3 5,92 6,1 6,37 6,76 7,09 7,24 7,7 7,8 8,24 8,5 
[ b ;  jungle26 ; breaker: 1,0 ] --> 0,2 0,504152 0,8154544 1,373653 1,838169 2,171348 2,502911 2,682497 3,091472 3,371937 3,679981 4,014117 4,350925 4,709751 5,044193 5,251919 5,658417 5,964072 6,37238 6,578506 6,836245 7,118749 7,504209 7,78432 8,141339 8,426576 
[ e ;  jungle26 ; breaker: 1,0 ] --> 0 0,004152 0,05545443 0,00365293 0,09183097 0,06865239 0,2170889 0,2475035 0,1085284 0,1380627 0,1000195 0,06588268 0,2190747 0,1902494 0,1458073 0,04808092 0,2615829 0,1359282 0,002380371 0,1814942 0,2537556 0,1212506 0,1957908 0,01568031 0,09866047 0,07342434 
Absolute Error Mean: 0,1170765

[ p ;  jungle8 ; breaker: 1,0 ] --> 0,2 0,5 0,76 1,37 1,93 2,24 2,72 2,93 3,2 3,51 3,78 4,08 4,57 4,9 5,19 5,3 5,92 6,1 6,37 6,76 7,09 7,24 7,7 7,8 8,24 8,5 
[ s ;  jungle8 ; breaker: 1,0 ] --> 0,2 0,4760948 0,8323424 1,411472 2,011364 2,286711 2,588748 2,764763 
[ e ;  jungle8 ; breaker: 1,0 ] --> 0 0,02390519 0,07234246 0,04147243 0,08136427 0,04671073 0,1312525 0,1652374 
Absolute Error Mean: 4,108164

[ p ;  jungle8 ; breaker: 1,0 ] --> 0,2 0,5 0,76 1,37 1,93 2,24 2,72 2,93 
[ s ;  jungle8 ; breaker: 1,0 ] --> 0,2 0,4784064 0,8301404 1,359455 1,864755 2,09298 2,295954 2,497567 
[ e ;  jungle8 ; breaker: 1,0 ] --> 0 0,0215936 0,07014042 0,01054537 0,06524479 0,1470203 0,4240456 0,4324329 
Absolute Error Mean: 0,1463779

[ p ;  jungle8 ; breaker: 1,0 ] --> 0,2 0,5 0,76 1,37 1,93 2,24 2,72 2,93 
[ s ;  jungle8 ; breaker: 1,0 ] --> 0,2 0,4783707 0,8053102 1,415025 1,95092 2,181709 2,432966 2,58529 
[ e ;  jungle8 ; breaker: 1,0 ] --> 0 0,0216293 0,04531026 0,04502511 0,02092028 0,05829096 0,287034 0,3447099 
Absolute Error Mean: 0,102865

[ p ;  jungle8 ; breaker: 1,0 ] --> 0,2 0,5 0,76 1,37 1,93 2,24 2,72 2,93 
[ s ;  jungle8 ; breaker: 1,0 ] --> 0,2 0,4299319 0,7853729 1,342659 1,906708 2,156014 2,456386 2,605902 2,732978 
[ e ;  jungle8 ; breaker: 1,0 ] --> 0 0,07006812 0,02537292 0,02734053 0,0232923 0,08398581 0,2636139 0,3240976 
Absolute Error Mean: 0,1022214

[ p ;  jungle8 ; breaker: 1,0 ] --> 0,2 0,5 0,76 1,37 1,93 2,24 2,72 2,93 
[ s ;  jungle8 ; breaker: 1,0 ] --> 0,2 0,4279041 0,710335 1,242452 1,77593 2,005541 2,2324 2,385556 
[ e ;  jungle8 ; breaker: 1,0 ] --> 0 0,07209587 0,04966503 0,1275483 0,1540697 0,2344594 0,4875998 0,5444443 
Absolute Error Mean: 0,2087353

[ p ;  jungle8 ; breaker: 1,0 ] --> 0,2 0,5 0,76 1,37 1,93 2,24 2,72 2,93 
[ s ;  jungle8 ; breaker: 1,0 ] --> 0,2 0,4555817 0,7370109 1,273732 1,76022 2,042681 2,274103 2,428986 
[ e ;  jungle8 ; breaker: 1,0 ] --> 0 0,04441831 0,02298909 0,09626818 0,1697799 0,1973195 0,4458966 0,501014 
Absolute Error Mean: 0,1847107

[ p ;  jungle8 ; breaker: 1,0 ] --> 0,2 0,5 0,76 1,37 1,93 2,24 2,72 2,93 
[ s ;  jungle8 ; breaker: 1,0 ] --> 0,2 0,4554095 0,7344408 1,268281 1,728072 1,983066 2,212952 2,3665 
[ e ;  jungle8 ; breaker: 1,0 ] --> 0 0,0445905 0,02555919 0,1017187 0,2019281 0,2569342 0,5070479 0,5634999 
Absolute Error Mean: 0,2126598

[ p ;  jungle8 ; breaker: 1,0 ] --> 0,2 0,5 0,76 1,37 1,93 2,24 2,72 2,93 
[ s ;  jungle8 ; breaker: 1,0 ] --> 0,2 0,4553457 0,7334395 1,315728 1,827042 2,110166 2,36318 2,49221 
[ e ;  jungle8 ; breaker: 1,0 ] --> 0 0,04465431 0,02656049 0,05427206 0,1029584 0,1298339 0,3568199 0,4377904 
Absolute Error Mean: 0,1441112

[ p ;  jungle8 ; breaker: 1,0 ] --> 0,2 0,5 0,76 1,37 1,93 2,24 2,72 2,93 
[ s ;  jungle8 ; breaker: 1,0 ] --> 0,2 0,48339 0,7433443 1,254184 1,739385 2,01653 2,245561 2,396365 
[ e ;  jungle8 ; breaker: 1,0 ] --> 0 0,01661003 0,01665568 0,115816 0,1906148 0,2234704 0,4744387 0,5336349 
Absolute Error Mean: 0,1964051

[ p ;  jungle8 ; breaker: 1,0 ] --> 0,2 0,5 0,76 1,37 1,93 2,24 2,72 2,93 
[ s ;  jungle8 ; breaker: 1,0 ] --> 0,2 0,4534471 0,7042807 1,290207 1,772147 2,050406 2,303251 2,457048 
[ e ;  jungle8 ; breaker: 1,0 ] --> 0 0,0465529 0,05571926 0,07979333 0,1578529 0,189594 0,416749 0,4729517 
Absolute Error Mean: 0,1774016

[ p ;  jungle26 ; breaker: 1,0 ] --> 0,2 0,5 0,76 1,37 1,93 2,24 2,72 2,93 
[ s ;  jungle26 ; breaker: 1,0 ] --> 0,2 0,481923 0,8151144 1,378293 1,884151 2,18922 2,444329 2,596227 2,977918 3,256516 3,538366 3,814433 4,090048 4,367673 4,593587 4,744773 5,144573 5,4192 5,697788 5,923217 6,152709 6,428894 6,885879 7,139144 7,390041 7,671558 
[ e ;  jungle26 ; breaker: 1,0 ] --> 0 0,01807705 0,05511445 0,008293271 0,04584885 0,05077982 0,2756712 0,3337729 
Absolute Error Mean: 0,0984447

[ p ;  jungle26 ; breaker: 1,0 ] --> 0,2 0,5 0,76 1,37 1,93 2,24 2,72 2,93 3,2 3,51 3,78 4,08 4,57 4,9 5,19 5,3 5,92 6,1 6,37 6,76 7,09 7,24 7,7 7,8 8,24 8,5 
[ s ;  jungle26 ; breaker: 1,0 ] --> 0,2 0,4768861 0,8086129 1,338284 1,823125 2,049749 2,301103 2,607614 2,935372 3,213686 3,515768 3,846419 4,199779 4,425569 4,626634 4,806565 5,231614 5,434889 5,713722 5,990989 6,221337 6,451814 6,812105 7,090912 7,346769 7,549349 
[ e ;  jungle26 ; breaker: 1,0 ] --> 0 0,02311394 0,04861295 0,03171575 0,1068747 0,1902511 0,4188974 0,3223858 0,2646277 0,2963135 0,2642322 0,2335806 0,3702216 0,4744315 0,5633664 0,4934354 0,688386 0,6651111 0,6562777 0,7690115 0,8686628 0,7881861 0,8878951 0,7090883 0,8932304 0,9506512 
Absolute Error Mean: 0,4607139

[ p ;  jungle26 ; breaker: 1,0 ] --> 0,2 0,5 0,76 1,37 1,93 2,24 2,72 2,93 3,2 3,51 3,78 4,08 4,57 4,9 5,19 5,3 5,92 6,1 6,37 6,76 7,09 7,24 7,7 7,8 8,24 8,5 
[ s ;  jungle26 ; breaker: 1,0 ] --> 0,2 0,4275889 0,7372733 1,316322 1,848116 1,99924 2,180499 2,537963 2,916695 3,145573 3,427427 3,732139 4,037436 4,296072 4,529866 4,708128 5,087836 5,315887 5,569135 5,845007 6,070991 6,322351 6,728739 7,011878 7,267642 7,523417 
[ e ;  jungle26 ; breaker: 1,0 ] --> 0 0,07241109 0,02272666 0,05367792 0,08188426 0,2407601 0,5395007 0,3920367 0,2833052 0,3644269 0,3525734 0,3478611 0,5325637 0,6039286 0,6601338 0,5918717 0,8321638 0,7841125 0,8008647 0,9149933 1,019009 0,9176483 0,9712605 0,7881217 0,9723582 0,9765825 
Absolute Error Mean: 0,542953

[ p ;  jungle26 ; breaker: 1,0 ] --> 0,2 0,5 0,76 1,37 1,93 2,24 2,72 2,93 3,2 3,51 3,78 4,08 4,57 4,9 5,19 5,3 5,92 6,1 6,37 6,76 7,09 7,24 7,7 7,8 8,24 8,5 
[ s ;  jungle26 ; breaker: 1,0 ] --> 0,2 0,4320937 0,735983 1,241062 1,747748 1,976518 2,181119 2,332636 2,739244 3,017033 3,29668 3,60329 3,903728 4,132579 4,360157 4,513279 4,919457 5,122588 5,473915 5,778996 6,007693 6,336308 6,793006 7,049447 7,331563 7,611128 
[ e ;  jungle26 ; breaker: 1,0 ] --> 0 0,06790632 0,02401698 0,1289381 0,1822523 0,2634821 0,5388806 0,5973639 0,4607563 0,4929667 0,4833195 0,4767103 0,6662719 0,7674208 0,8298435 0,7867212 1,000543 0,9774117 0,8960853 0,9810042 1,082307 0,9036922 0,9069939 0,7505536 0,9084368 0,8888721 
Absolute Error Mean: 0,6177981

[ p ;  jungle26 ; breaker: 1,0 ] --> 0,2 0,5 0,76 1,37 1,93 2,24 2,72 2,93 3,2 3,51 3,78 4,08 4,57 4,9 5,19 5,3 5,92 6,1 6,37 6,76 7,09 7,24 7,7 7,8 8,24 8,5 
[ s ;  jungle26 ; breaker: 1,0 ] --> 0,2 0,4784331 0,7603796 1,322132 1,828601 2,084381 2,340409 2,467692 2,9008 3,181516 3,459252 3,764811 4,068875 4,321752 4,573092 4,72483 5,134768 5,388186 5,664397 5,91482 6,117322 6,396605 6,824655 7,103353 7,360663 7,669979 
[ e ;  jungle26 ; breaker: 1,0 ] --> 0 0,0215669 0,0003795624 0,04786754 0,1013989 0,1556189 0,379591 0,4623079 0,2992005 0,3284838 0,3207479 0,3151889 0,5011253 0,5782485 0,6169086 0,57517 0,7852325 0,7118134 0,7056026 0,84518 0,9726782 0,8433943 0,8753452 0,6966472 0,8793364 0,8300209 
Absolute Error Mean: 0,4941944

[ p ;  jungle26 ; breaker: 1,0 ] --> 0,2 0,5 0,76 1,37 1,93 2,24 2,72 2,93 3,2 3,51 3,78 4,08 4,57 4,9 5,19 5,3 5,92 6,1 6,37 6,76 7,09 7,24 7,7 7,8 8,24 8,5 
[ s ;  jungle26 ; breaker: 1,0 ] --> 0,2 0,4824266 0,7831803 1,396222 1,906561 2,211407 2,442208 2,618945 3,006321 3,314587 3,6217 3,904615 4,185494 4,442265 4,697589 4,87572 5,258943 5,512632 5,766819 6,025033 6,228616 6,486537 6,971739 7,252449 7,507317 7,790509 
[ e ;  jungle26 ; breaker: 1,0 ] --> 0 0,01757339 0,02318031 0,02622247 0,02343845 0,0285933 0,2777925 0,3110547 0,1936791 0,1954134 0,1583004 0,1753845 0,3845062 0,4577355 0,4924111 0,4242806 0,6610575 0,587368 0,6031809 0,7349672 0,8613844 0,7534623 0,7282605 0,5475516 0,7326827 0,7094908 
Absolute Error Mean: 0,3888067

[ p ;  jungle26 ; breaker: 1,0 ] --> 0,2 0,5 0,76 1,37 1,93 2,24 2,72 2,93 3,2 3,51 3,78 4,08 4,57 4,9 5,19 5,3 5,92 6,1 6,37 6,76 7,09 7,24 7,7 7,8 8,24 8,5 
[ s ;  jungle26 ; breaker: 1,0 ] --> 0,2 0,5064358 0,8093351 1,420693 1,929234 2,209301 2,466746 2,618634 3,032039 3,340393 3,619051 3,925599 4,207345 4,464948 4,717111 4,872859 5,257857 5,547159 5,804956 6,064245 6,269274 6,548107 7,037625 7,319321 7,574639 7,83176 
[ e ;  jungle26 ; breaker: 1,0 ] --> 0 0,006435752 0,04933506 0,0506928 0,0007656813 0,03069878 0,2532544 0,3113656 0,1679611 0,1696067 0,160949 0,1544011 0,3626547 0,4350524 0,4728894 0,4271417 0,6621428 0,5528412 0,5650434 0,6957555 0,8207259 0,6918926 0,662375 0,4806795 0,6653609 0,6682396 
Absolute Error Mean: 0,366087

[ p ;  jungle26 ; breaker: 1,0 ] --> 0,2 0,5 0,76 1,37 1,93 2,24 2,72 2,93 3,2 3,51 3,78 4,08 4,57 4,9 5,19 5,3 5,92 6,1 6,37 6,76 7,09 7,24 7,7 7,8 8,24 8,5 
[ s ;  jungle26 ; breaker: 1,0 ] --> 0,2 0,4536324 0,731282 1,308372 1,834144 2,037331 2,264428 2,46646 2,892818 3,146266 3,451553 3,781054 4,109337 4,360573 4,564411 4,743108 5,169021 5,423378 5,780625 6,034709 6,264413 6,493798 6,951725 7,181628 7,437177 7,695971 
[ e ;  jungle26 ; breaker: 1,0 ] --> 0 0,04636759 0,02871799 0,0616281 0,09585547 0,2026691 0,4555724 0,4635406 0,3071818 0,3637338 0,3284471 0,2989464 0,4606628 0,5394268 0,6255894 0,5568924 0,7509789 0,6766214 0,5893745 0,7252913 0,8255868 0,7462015 0,7482753 0,6183724 0,8028231 0,8040295 
Absolute Error Mean: 0,466261

[ p ;  jungle26 ; breaker: 1,0 ] --> 0,2 0,5 0,76 1,37 1,93 2,24 2,72 2,93 3,2 3,51 3,78 4,08 4,57 4,9 5,19 5,3 5,92 6,1 6,37 6,76 7,09 7,24 7,7 7,8 8,24 8,5 
[ s ;  jungle26 ; breaker: 1,0 ] --> 0,2 0,4786524 0,7821769 1,340485 1,822711 2,128799 2,35889 2,537814 2,920315 3,228032 3,509353 3,789294 4,068523 4,325015 4,554418 4,70716 5,088387 5,342694 5,598624 5,829887 6,056427 6,359736 6,735836 7,043382 7,304561 7,586576 
[ e ;  jungle26 ; breaker: 1,0 ] --> 0 0,02134761 0,02217686 0,02951539 0,1072892 0,1112013 0,3611104 0,3921862 0,279685 0,2819676 0,2706466 0,2907054 0,5014768 0,574985 0,6355824 0,5928397 0,8316135 0,7573056 0,7713757 0,9301128 1,033574 0,8802638 0,9641638 0,756618 0,9354391 0,913424 
Absolute Error Mean: 0,5094848

[ p ;  jungle26 ; breaker: 1,0 ] --> 0,2 0,5 0,76 1,37 1,93 2,24 2,72 2,93 3,2 3,51 3,78 4,08 4,57 4,9 5,19 5,3 5,92 6,1 6,37 6,76 7,09 7,24 7,7 7,8 8,24 8,5 
[ s ;  jungle26 ; breaker: 1,0 ] --> 0,2 0,4572538 0,7633017 1,325573 1,865785 2,150542 2,380294 2,508722 2,920822 3,201987 3,484103 3,760706 4,041603 4,296336 4,525099 4,677784 5,088414 5,370741 5,652107 5,882648 6,086326 6,340232 6,756836 7,061732 7,315739 7,591852 
[ e ;  jungle26 ; breaker: 1,0 ] --> 0 0,04274619 0,00330168 0,04442728 0,06421459 0,08945823 0,3397062 0,4212782 0,2791777 0,3080132 0,2958968 0,3192937 0,5283971 0,6036644 0,6649013 0,6222162 0,8315864 0,7292585 0,7178926 0,8773522 1,003675 0,8997679 0,9431634 0,7382684 0,9242611 0,9081483 
Absolute Error Mean: 0,5076948

[ p ;  jungle8 ; breaker: 1,0 ] --> 0,2 0,5 0,76 1,37 1,93 2,24 2,72 2,93 3,2 3,51 3,78 4,08 4,57 4,9 5,19 5,3 5,92 6,1 6,37 6,76 7,09 7,24 7,7 7,8 8,24 8,5 
