b;0;0,111586;0,07912195;0,1507456;0,05070591;0,05425262;0,02437186;0,04205251;
b;0;0,1064872;0,05101752;0,1757903;0,1043876;0,08690119;0,04182172;0,08594966;
b;0;0,07882035;0,02188468;0,2064612;0,1409742;0,1226172;0,0764792;0,01328087;
b;0;0,03128183;0,05298662;0,1996322;0,1790624;0,1299262;0,09694099;0,001167774;
b;0;3,26778;3,363719;3,033647;3,055319;3,32927;3,158144;3,529428;
b;0;0,006956875;0,02474207;0,074687;0,04991138;0,004722595;0,02143621;0,06392121;
b;0;0,05610573;0,05360693;0,006153226;0,06120789;0,03134537;0,08823347;0,1573765;
b;0;0,02969438;0,00309521;0,2247535;0,1444824;0,2276521;0,1254079;0,1574631;
b;0;2,139491;2,18867;2,219949;2,119785;2,014082;1,973159;1,939032;
b;0;0,05173671;0,02006537;0,04484355;0,1389617;0,08232474;0,1610041;0,128258;
s;0;0,002073586;0,06901312;0,01325274;0,03048956;0,02778149;0,2306342;0,2397563;
s;0;0,04871753;0,04661965;0,00741601;0,03205204;0,08580637;0,3383646;0,2695827;0,1889136;0,2433081;0,2095134;0,2059543;0,3919082;0,4639649;0,5741453;0,5066614;
s;0;0,004740357;0,0573073;0,0460068;0,06923807;0,1301346;0,4061418;0,4404588;0,3311512;0,3902359;0,3593612;0,3579779;0,4924927;0,5934091;0,6783118;0,5870433;
s;0;0,7842653;0,8032521;0,4193308;0,3622767;0,3301647;0,0755856;0,04269314;0,176024;0,1426015;0,1522822;0,1546354;0,05476952;0,1823587;0,2632213;0,1220102;
s;0;0,0480369;0,04663444;0,04303062;0,042804;0,09129834;0,3651562;0,4000547;0,2897558;0,340914;0,3108423;0,3368912;0,5259314;0,6009154;0,6880608;0,645915;
s;0;0,04588428;0,01835203;0,04291034;0,02267301;0,06141281;0,3169749;0,376096;0,2218037;0,2569141;0,1997526;0,1988316;0,3647041;0,4135499;0,4721065;0,4291196;
s;0;0,02598867;0,00862211;0,06023133;0,1407839;0,2194567;0,4451203;0,5223963;0,4102404;0,4670417;0,4539497;0,4717629;0,681633;0,7578545;0,8177676;0,772491;
s;0;0,04496023;0,0006368756;0,05366254;0,05569839;0,1372457;0,3648839;0,4264526;0,2695303;0,3012257;0,2963314;0,2912097;0,5228224;0,6007872;0,6326308;0,6145234;
s;0;0,04732874;0,07594937;0,04893005;0,000950098;0,1069727;0,3828156;0,2100549;0,1179349;0,1470656;0,1369183;0,1269276;0,2853842;0,3882537;0,4755101;0,3794093;
s;0;0,02272159;0,004326999;0,0595454;0,1135588;0,1191423;0,3743734;0,4289863;0,3185132;0,3471248;0,3369312;0,3312633;0,541431;0,6118937;0,6464558;0,6057124;
b;0;0,05274153;0,1200636;0,0449388;0,0002957582;0,0580318;0,2082224;0,2141137;0,06991863;0,09802127;0,06174088;0,0343895;0,0439043;0,1717129;0,2077284;0,01683426;
b;0;0,02523652;0,01917976;0,1119353;0,1574963;0,2379875;0,3343723;0,3909137;0,2215278;0,2251611;0,1879387;0,1032281;0,2396622;0,292233;0,3786321;0,09134865;
b;0;0,02287033;0,07429278;0,1038514;0,2036499;0,1864333;0,3090658;0,3153698;0,1805818;0,2089899;0,1494753;0,07226515;0,2037177;0,2005467;0,1082544;0,03472567;
b;0;0,02074012;0,025105;0,2284622;0,3336315;0,2877529;0,4423952;0,449466;0,3367169;0,3162889;0,2283425;0,1416869;0,3257155;0,3755546;0,3567433;0,212635;
b;0;0,006126761;0,07663649;0,06859016;0,1721269;0,2407148;0,2840161;0,287658;0,09320331;0,1423068;0,1028588;0,001133442;0,05814934;0,1333609;0,2430663;0,3821836;
b;0;0,04189366;0,0174318;0,06066918;0,1875744;0,2898448;0,3604114;0,441247;0,2496459;0,2746353;0,187289;0,1532316;0,2033811;0,1471467;0,1065788;0,03643417;
b;0;0,01868394;0,004791975;0,09291661;0,1613806;0,1582646;0,3287513;0,3858662;0,2478781;0,195919;0,1347735;0,07441044;0,2572446;0,2535338;0,2339811;0,1645832;
b;0;0,009209394;0,08116853;0,06503093;0,2668749;0,2706379;0,4955661;0,3724747;0,334388;0,3112271;0,2502315;0,1140871;0,2683434;0,2908683;0,2992349;0,1819143;
b;0;1,237084;1,208576;0,9050583;0,7035922;0,832407;0,6864672;0,8882699;0,8250892;0,9256651;0,9599445;0,9915328;0,7837038;0,7870221;0,7813115;0,9547634;
b;0;0,02213645;0,0006965399;0,1685836;0,2453613;0,2930113;0,4651778;0,4933453;0,3524976;0,3569717;0,2944617;0,2586229;0,413599;0,4606452;0,4443822;0,3774099;
b;0;0,0162541;0,03608501;0,06421149;0,161788;0,1373165;0,3358288;0,3633933;0,2760911;0,2788918;0,2408829;0,2339132;0,3937178;0,4166522;0,4236503;0,3560128;
b;0;6,191305;6,188372;5,887076;5,660227;5,660234;5,436501;5,407367;5,520627;5,442913;5,431002;5,437579;5,225588;5,19889;5,161539;5,230093;4,991094;5,040953;5,153316;4,96709;4,894295;5,078156;5,002502;5,208624;5,052615;5,098689;
b;0;0,02052328;0,02569932;0,4074103;0,6899116;0,6464423;0,9460827;0,7991683;0,7626638;0,789022;0,806643;0,8308225;0,9882841;1,110759;0,9184823;0,7751207;0,9594116;0,9612246;1,00209;1,191191;1,116886;1,013885;1,021096;0,8688579;1,10411;1,059468;
b;0;0,04321313;0,009576261;0,1890285;0,2904884;0,3450296;0,520998;0,5793743;0,4692087;0,4991276;0,4406934;0,4100661;0,5697842;0,5643578;0,5734591;0,506588;0,7413397;0,5854602;0,4710159;0,6579094;0,7270255;0,5716758;0,6458564;0,4429488;0,5811548;0,513845;
b;0;0,01755673;0,02917045;0,1447483;0,2227702;0,1957352;0,3714588;0,3761427;0,2861254;0,2377615;0,1982181;0,1434381;0,2283559;0,2238431;0,181365;0,1122823;0,3702102;0,217464;0,05202293;0,1849165;0,2074637;0,05239582;0,1286659;0,08232212;0,05219173;0,05559731;
b;0;0,009692907;0,05603665;0,1176564;0,2098544;0,2190602;0,4001288;0,4330697;0,3238721;0,3283391;0,2703824;0,240752;0,3758974;0,3504281;0,3327508;0,2628865;0,4995432;0,3711724;0,2229166;0,4315929;0,5010791;0,3188405;0,4135337;0,18466;0,3142128;0,3665133;
b;0;0,04468334;0,004372776;0,1706249;0,2719337;0,2787569;0,4517705;0,5096548;0,397059;0,3980191;0,3634617;0,3081038;0,4171472;0,3392196;0,2993259;0,2544923;0,5403514;0,4600329;0,3173628;0,5780568;0,6248693;0,4914918;0,5686045;0,362844;0,4935265;0,4438248;
b;0;0,02471316;0,01872993;0,08252919;0,2144282;0,1935737;0,3952987;0,4051933;0,295094;0,3035467;0,2979438;0,2437329;0,32867;0,3555121;0,341578;0,273829;0,5069585;0,38134;0,243742;0,4522233;0,4989791;0,3674207;0,4696679;0,3133583;0,4167032;0,4712296;
b;0;0,03339112;0,03690845;0,167457;0,2503611;0,2517576;0,4285898;0,4605789;0,348547;0,3031924;0,2696204;0,239063;0,3450079;0,3201394;0,3082151;0,2422886;0,430006;0,3777223;0,2122211;0,4162521;0,5666399;0,4582968;0,5519404;0,3703537;0,3243141;0,2487745;
b;0;0,004152;0,05545443;0,00365293;0,09183097;0,06865239;0,2170889;0,2475035;0,1085284;0,1380627;0,1000195;0,06588268;0,2190747;0,1902494;0,1458073;0,04808092;0,2615829;0,1359282;0,002380371;0,1814942;0,2537556;0,1212506;0,1957908;0,01568031;0,09866047;0,07342434;
s;0;0,02390519;0,07234246;0,04147243;0,08136427;0,04671073;0,1312525;0,1652374;
s;0;0,0215936;0,07014042;0,01054537;0,06524479;0,1470203;0,4240456;0,4324329;
s;0;0,0216293;0,04531026;0,04502511;0,02092028;0,05829096;0,287034;0,3447099;
s;0;0,07006812;0,02537292;0,02734053;0,0232923;0,08398581;0,2636139;0,3240976;
s;0;0,07209587;0,04966503;0,1275483;0,1540697;0,2344594;0,4875998;0,5444443;
s;0;0,04441831;0,02298909;0,09626818;0,1697799;0,1973195;0,4458966;0,501014;
s;0;0,0445905;0,02555919;0,1017187;0,2019281;0,2569342;0,5070479;0,5634999;
s;0;0,04465431;0,02656049;0,05427206;0,1029584;0,1298339;0,3568199;0,4377904;
s;0;0,01661003;0,01665568;0,115816;0,1906148;0,2234704;0,4744387;0,5336349;
s;0;0,0465529;0,05571926;0,07979333;0,1578529;0,189594;0,416749;0,4729517;
s;0;0,01807705;0,05511445;0,008293271;0,04584885;0,05077982;0,2756712;0,3337729;
s;0;0,02311394;0,04861295;0,03171575;0,1068747;0,1902511;0,4188974;0,3223858;0,2646277;0,2963135;0,2642322;0,2335806;0,3702216;0,4744315;0,5633664;0,4934354;0,688386;0,6651111;0,6562777;0,7690115;0,8686628;0,7881861;0,8878951;0,7090883;0,8932304;0,9506512;
s;0;0,07241109;0,02272666;0,05367792;0,08188426;0,2407601;0,5395007;0,3920367;0,2833052;0,3644269;0,3525734;0,3478611;0,5325637;0,6039286;0,6601338;0,5918717;0,8321638;0,7841125;0,8008647;0,9149933;1,019009;0,9176483;0,9712605;0,7881217;0,9723582;0,9765825;
s;0;0,06790632;0,02401698;0,1289381;0,1822523;0,2634821;0,5388806;0,5973639;0,4607563;0,4929667;0,4833195;0,4767103;0,6662719;0,7674208;0,8298435;0,7867212;1,000543;0,9774117;0,8960853;0,9810042;1,082307;0,9036922;0,9069939;0,7505536;0,9084368;0,8888721;
s;0;0,0215669;0,0003795624;0,04786754;0,1013989;0,1556189;0,379591;0,4623079;0,2992005;0,3284838;0,3207479;0,3151889;0,5011253;0,5782485;0,6169086;0,57517;0,7852325;0,7118134;0,7056026;0,84518;0,9726782;0,8433943;0,8753452;0,6966472;0,8793364;0,8300209;
s;0;0,01757339;0,02318031;0,02622247;0,02343845;0,0285933;0,2777925;0,3110547;0,1936791;0,1954134;0,1583004;0,1753845;0,3845062;0,4577355;0,4924111;0,4242806;0,6610575;0,587368;0,6031809;0,7349672;0,8613844;0,7534623;0,7282605;0,5475516;0,7326827;0,7094908;
s;0;0,006435752;0,04933506;0,0506928;0,0007656813;0,03069878;0,2532544;0,3113656;0,1679611;0,1696067;0,160949;0,1544011;0,3626547;0,4350524;0,4728894;0,4271417;0,6621428;0,5528412;0,5650434;0,6957555;0,8207259;0,6918926;0,662375;0,4806795;0,6653609;0,6682396;
s;0;0,04636759;0,02871799;0,0616281;0,09585547;0,2026691;0,4555724;0,4635406;0,3071818;0,3637338;0,3284471;0,2989464;0,4606628;0,5394268;0,6255894;0,5568924;0,7509789;0,6766214;0,5893745;0,7252913;0,8255868;0,7462015;0,7482753;0,6183724;0,8028231;0,8040295;
s;0;0,02134761;0,02217686;0,02951539;0,1072892;0,1112013;0,3611104;0,3921862;0,279685;0,2819676;0,2706466;0,2907054;0,5014768;0,574985;0,6355824;0,5928397;0,8316135;0,7573056;0,7713757;0,9301128;1,033574;0,8802638;0,9641638;0,756618;0,9354391;0,913424;
s;0;0,04274619;0,00330168;0,04442728;0,06421459;0,08945823;0,3397062;0,4212782;0,2791777;0,3080132;0,2958968;0,3192937;0,5283971;0,6036644;0,6649013;0,6222162;0,8315864;0,7292585;0,7178926;0,8773522;1,003675;0,8997679;0,9431634;0,7382684;0,9242611;0,9081483;
