
NEW RESULT

[ p ;  jungle8 ; breaker: 1,0 ] --> 0,2 0,5 0,76 1,37 1,93 2,24 2,72 2,93 
[ b ;  jungle8 ; breaker: 1,0 ] --> 0,2 0,5011485 1,589641 1,995592 2,450716 2,652943 2,957165 3,340107 4,239045 
[ e ;  jungle8 ; breaker: 1,0 ] --> 0 0,001148462 0,829641 0,6255918 0,5207156 0,4129426 0,2371652 0,4101071 
Absolute Error Mean: 0,379664

[ p ;  jungle8 ; breaker: 1,0 ] --> 0,2 0,5 0,76 1,37 1,93 2,24 2,72 2,93 
[ b ;  jungle8 ; breaker: 1,0 ] --> 0,2 0,4821496 0,8146157 1,347424 1,928692 2,154644 2,61077 2,890145 
[ e ;  jungle8 ; breaker: 1,0 ] --> 0 0,01785037 0,05461574 0,02257586 0,001308322 0,08535576 0,10923 0,03985476 
Absolute Error Mean: 0,04134886

[ p ;  jungle8 ; breaker: 1,0 ] --> 0,2 0,5 0,76 1,37 1,93 2,24 2,72 2,93 
[ b ;  jungle8 ; breaker: 1,0 ] --> 0,2 0,4542916 0,8400072 1,471285 1,95227 2,462509 2,692941 3,101511 
[ e ;  jungle8 ; breaker: 1,0 ] --> 0 0,04570836 0,0800072 0,1012855 0,02227044 0,2225089 0,0270586 0,1715105 
Absolute Error Mean: 0,08379368

[ p ;  jungle8 ; breaker: 1,0 ] --> 0,2 0,5 0,76 1,37 1,93 2,24 2,72 2,93 
[ b ;  jungle8 ; breaker: 1,0 ] --> 0,2 0,4767322 0,8052419 1,432984 1,887105 2,396848 2,601912 3,036988 
[ e ;  jungle8 ; breaker: 1,0 ] --> 0 0,02326778 0,04524195 0,06298363 0,04289544 0,1568484 0,1180878 0,1069877 
Absolute Error Mean: 0,06953909

[ p ;  jungle8 ; breaker: 1,0 ] --> 0,2 0,5 0,76 1,37 1,93 2,24 2,72 2,93 
[ b ;  jungle8 ; breaker: 1,0 ] --> 0,2 0,5256122 0,827804 1,332238 1,859958 2,317394 2,571515 2,948374 
[ e ;  jungle8 ; breaker: 1,0 ] --> 0 0,02561224 0,06780398 0,03776205 0,07004189 0,07739449 0,1484852 0,01837373 
Absolute Error Mean: 0,05568419

[ p ;  jungle8 ; breaker: 1,0 ] --> 0,2 0,5 0,76 1,37 1,93 2,24 2,72 2,93 
[ b ;  jungle8 ; breaker: 1,0 ] --> 0,2 0,4788583 0,7829826 1,317592 1,905171 2,137222 2,643554 2,821722 
[ e ;  jungle8 ; breaker: 1,0 ] --> 0 0,02114168 0,0229826 0,05240846 0,02482903 0,1027782 0,07644558 0,108278 
Absolute Error Mean: 0,05110795

[ p ;  jungle8 ; breaker: 1,0 ] --> 0,2 0,5 0,76 1,37 1,93 2,24 2,72 2,93 
[ b ;  jungle8 ; breaker: 1,0 ] --> 0,2 0,4793659 0,7854531 1,291703 1,874102 2,205091 2,610116 2,83884 
[ e ;  jungle8 ; breaker: 1,0 ] --> 0 0,02063414 0,02545309 0,07829738 0,05589783 0,03490925 0,1098845 0,0911603 
Absolute Error Mean: 0,05202956

[ p ;  jungle8 ; breaker: 1,0 ] --> 0,2 0,5 0,76 1,37 1,93 2,24 2,72 2,93 
[ b ;  jungle8 ; breaker: 1,0 ] --> 0,2 0,5003019 0,8011338 1,331222 1,887246 2,186281 2,615695 2,818582 
[ e ;  jungle8 ; breaker: 1,0 ] --> 0 0,0003018975 0,04113382 0,03877819 0,04275358 0,05371904 0,104305 0,111418 
Absolute Error Mean: 0,0490512

[ p ;  jungle8 ; breaker: 1,0 ] --> 0,2 0,5 0,76 1,37 1,93 2,24 2,72 2,93 
[ b ;  jungle8 ; breaker: 1,0 ] --> 0,2 0,4797873 0,7819426 1,440124 2,000218 2,327706 2,680274 2,906311 
[ e ;  jungle8 ; breaker: 1,0 ] --> 0 0,02021268 0,02194262 0,07012379 0,07021844 0,08770633 0,03972626 0,02368903 
Absolute Error Mean: 0,04170239

[ p ;  jungle8 ; breaker: 1,0 ] --> 0,2 0,5 0,76 1,37 1,93 2,24 2,72 2,93 
[ b ;  jungle8 ; breaker: 1,0 ] --> 0,2 0,4797962 0,7596355 1,373795 1,931891 2,185709 2,644397 2,87365 
[ e ;  jungle8 ; breaker: 1,0 ] --> 0 0,0202038 0,0003644824 0,003794789 0,001891494 0,05429101 0,07560301 0,05634999 
Absolute Error Mean: 0,02656232

[ p ;  jungle16 ; breaker: 1,0 ] --> 0,2 0,5 0,76 1,37 1,93 2,24 2,72 2,93 
[ s ;  jungle16 ; breaker: 1,0 ] --> 0,2 0,5258273 0,8762534 1,552167 2,200449 2,575169 3,129122 3,306424 3,961972 4,368808 4,696841 5,050162 5,400336 5,677222 5,97633 6,179177 
[ e ;  jungle16 ; breaker: 1,0 ] --> 0 0,02582735 0,1162534 0,1821671 0,2704493 0,3351686 0,4091215 0,3764243 
Absolute Error Mean: 0,2144264

[ p ;  jungle16 ; breaker: 1,0 ] --> 0,2 0,5 0,76 1,37 1,93 2,24 2,72 2,93 3,2 3,51 3,78 4,08 4,57 4,9 5,19 5,3 
[ s ;  jungle16 ; breaker: 1,0 ] --> 0,2 0,5030038 0,9072643 1,462221 2,094553 2,423149 2,750323 3,05439 3,607773 4,032932 4,510628 4,864871 5,297305 5,552813 5,856328 6,08379 
[ e ;  jungle16 ; breaker: 1,0 ] --> 0 0,003003776 0,1472643 0,09222054 0,1645526 0,1831493 0,03032327 0,1243896 0,4077733 0,5229318 0,7306283 0,7848711 0,7273045 0,652813 0,6663275 0,7837901 
Absolute Error Mean: 0,3763339

[ p ;  jungle16 ; breaker: 1,0 ] --> 0,2 0,5 0,76 1,37 1,93 2,24 2,72 2,93 3,2 3,51 3,78 4,08 4,57 4,9 5,19 5,3 
[ s ;  jungle16 ; breaker: 1,0 ] --> 0,2 0,6232513 1,023982 1,777277 2,53071 2,830103 3,356679 3,555792 4,154915 4,553936 4,979465 5,256328 5,66295 5,895088 6,170671 6,450611 6,603506 
[ e ;  jungle16 ; breaker: 1,0 ] --> 0 0,1232513 0,2639823 0,4072766 0,6007098 0,5901034 0,6366789 0,6257915 0,9549148 1,043936 1,199466 1,176328 1,092949 0,9950876 0,9806709 1,150611 
Absolute Error Mean: 0,7401099

[ p ;  jungle16 ; breaker: 1,0 ] --> 0,2 0,5 0,76 1,37 1,93 2,24 2,72 2,93 3,2 3,51 3,78 4,08 4,57 4,9 5,19 5,3 
[ s ;  jungle16 ; breaker: 1,0 ] --> 0,2 0,5333936 0,9371563 1,391911 1,953554 2,309554 2,617504 2,918735 3,07318 3,508661 3,763092 4,043299 4,374381 4,631771 4,859887 5,063381 
[ e ;  jungle16 ; breaker: 1,0 ] --> 0 0,03339362 0,1771563 0,02191138 0,02355409 0,06955433 0,1024964 0,01126552 0,1268203 0,001339197 0,01690841 0,0367012 0,1956191 0,268229 0,3301134 0,2366195 
Absolute Error Mean: 0,1032301

[ p ;  jungle16 ; breaker: 1,0 ] --> 0,2 0,5 0,76 1,37 1,93 2,24 2,72 2,93 3,2 3,51 3,78 4,08 4,57 4,9 5,19 5,3 
[ s ;  jungle16 ; breaker: 1,0 ] --> 0,2 0,5062509 0,8865117 1,47382 2,056658 2,315701 2,642644 2,97308 3,125975 3,480694 3,759066 4,090294 4,420502 4,698482 4,957351 5,163218 
[ e ;  jungle16 ; breaker: 1,0 ] --> 0 0,006250858 0,1265117 0,1038197 0,1266583 0,07570076 0,07735634 0,04307985 0,07402492 0,02930641 0,02093434 0,01029396 0,149498 0,2015185 0,2326493 0,1367817 
Absolute Error Mean: 0,08839905

[ p ;  jungle16 ; breaker: 1,0 ] --> 0,2 0,5 0,76 1,37 1,93 2,24 2,72 2,93 3,2 3,51 3,78 4,08 4,57 4,9 5,19 5,3 
[ s ;  jungle16 ; breaker: 1,0 ] --> 0,2 0,553108 0,9252862 1,605829 2,184557 2,515869 2,847151 3,103659 3,309382 3,661217 3,942569 4,27353 4,574867 4,856997 5,132672 5,36172 5,539764 
[ e ;  jungle16 ; breaker: 1,0 ] --> 0 0,05310804 0,1652862 0,2358286 0,2545575 0,2758691 0,1271505 0,1736593 0,1093824 0,1512167 0,1625688 0,1935301 0,0048666 0,04300261 0,05732775 0,06171942 
Absolute Error Mean: 0,1293171

[ p ;  jungle16 ; breaker: 1,0 ] --> 0,2 0,5 0,76 1,37 1,93 2,24 2,72 2,93 3,2 3,51 3,78 4,08 4,57 4,9 5,19 5,3 
[ s ;  jungle16 ; breaker: 1,0 ] --> 0,2 0,5259465 0,9302021 1,534569 2,114667 2,439659 2,741644 2,996597 3,172769 3,523112 3,797668 4,150786 4,478941 4,754405 5,031048 5,280144 
[ e ;  jungle16 ; breaker: 1,0 ] --> 0 0,0259465 0,1702021 0,1645693 0,1846668 0,1996586 0,02164412 0,06659722 0,02723122 0,01311207 0,01766801 0,070786 0,09105921 0,1455956 0,1589522 0,01985645 
Absolute Error Mean: 0,08609658

[ p ;  jungle16 ; breaker: 1,0 ] --> 0,2 0,5 0,76 1,37 1,93 2,24 2,72 2,93 3,2 3,51 3,78 4,08 4,57 4,9 5,19 5,3 
[ s ;  jungle16 ; breaker: 1,0 ] --> 0,2 0,5306473 0,8822243 1,409467 1,991614 2,272263 2,627328 2,830546 3,337898 3,668102 3,967653 4,290884 4,593648 4,896849 5,199214 5,574812 
[ e ;  jungle16 ; breaker: 1,0 ] --> 0 0,03064734 0,1222243 0,03946674 0,06161404 0,0322628 0,09267235 0,09945369 0,1378984 0,158102 0,1876533 0,2108846 0,02364826 0,00315094 0,009214401 0,2748117 
Absolute Error Mean: 0,09273157

[ p ;  jungle16 ; breaker: 1,0 ] --> 0,2 0,5 0,76 1,37 1,93 2,24 2,72 2,93 3,2 3,51 3,78 4,08 4,57 4,9 5,19 5,3 
[ s ;  jungle16 ; breaker: 1,0 ] --> 0,2 0,5288914 0,9111964 1,494576 2,080363 2,408521 2,785908 3,011784 3,537627 3,863612 4,16317 4,512028 4,836138 5,112303 5,466925 5,673181 
[ e ;  jungle16 ; breaker: 1,0 ] --> 0 0,02889138 0,1511964 0,1245761 0,1503626 0,1685214 0,06590819 0,08178401 0,3376274 0,3536124 0,3831704 0,4320283 0,2661381 0,2123027 0,2769251 0,3731809 
Absolute Error Mean: 0,2128891

[ p ;  jungle16 ; breaker: 1,0 ] --> 0,2 0,5 0,76 1,37 1,93 2,24 2,72 2,93 3,2 3,51 3,78 4,08 4,57 4,9 5,19 5,3 
[ s ;  jungle16 ; breaker: 1,0 ] --> 0,2 0,5300288 0,9137062 1,523133 2,126941 2,555337 3,038142 3,240549 3,749114 4,107712 4,492155 4,798692 5,156077 5,413917 5,666974 5,924518 6,100266 
[ e ;  jungle16 ; breaker: 1,0 ] --> 0 0,03002876 0,1537062 0,153133 0,1969413 0,3153367 0,3181424 0,310549 0,5491135 0,5977123 0,7121546 0,7186923 0,5860772 0,513917 0,476974 0,6245179 
Absolute Error Mean: 0,3910623

[ p ;  jungle16 ; breaker: 1,0 ] --> 0,2 0,5 0,76 1,37 1,93 2,24 2,72 2,93 3,2 3,51 3,78 4,08 4,57 4,9 5,19 5,3 
[ b ;  jungle16 ; breaker: 1,0 ] --> 0,2 0,5020653 0,8281347 1,281357 1,75943 2,06137 2,410893 2,638349 3,094344 3,40141 3,786083 4,090719 4,446443 4,77922 5,134111 5,314675 
[ e ;  jungle16 ; breaker: 1,0 ] --> 0 0,002065301 0,06813473 0,08864331 0,1705704 0,1786304 0,3091073 0,2916508 0,1056557 0,1085899 0,006083488 0,0107193 0,1235571 0,1207805 0,05588913 0,01467514 
Absolute Error Mean: 0,103422

[ p ;  jungle16 ; breaker: 1,0 ] --> 0,2 0,5 0,76 1,37 1,93 2,24 2,72 2,93 3,2 3,51 3,78 4,08 4,57 4,9 5,19 5,3 
[ b ;  jungle16 ; breaker: 1,0 ] --> 0,2 0,4800255 0,90554 1,415135 1,927192 2,230865 2,641185 2,845986 3,076148 3,385133 3,666549 4,022093 4,275328 4,530687 4,761671 4,989333 
[ e ;  jungle16 ; breaker: 1,0 ] --> 0 0,0199745 0,1455401 0,0451349 0,002807975 0,009135008 0,07881522 0,08401394 0,1238518 0,1248674 0,1134512 0,0579071 0,294672 0,3693132 0,4283295 0,3106675 
Absolute Error Mean: 0,1380301

[ p ;  jungle16 ; breaker: 1,0 ] --> 0,2 0,5 0,76 1,37 1,93 2,24 2,72 2,93 3,2 3,51 3,78 4,08 4,57 4,9 5,19 5,3 
[ b ;  jungle16 ; breaker: 1,0 ] --> 0,2 0,5346046 0,8120667 1,091292 1,70464 1,987389 2,395835 2,575555 3,009457 3,343201 3,573263 3,828449 4,053834 4,329773 4,681337 5,163228 
[ e ;  jungle16 ; breaker: 1,0 ] --> 0 0,03460461 0,05206668 0,2787083 0,2253596 0,2526114 0,3241649 0,354445 0,1905427 0,1667986 0,2067366 0,2515504 0,5161662 0,5702271 0,5086627 0,1367726 
Absolute Error Mean: 0,2543386

[ p ;  jungle16 ; breaker: 1,0 ] --> 0,2 0,5 0,76 1,37 1,93 2,24 2,72 2,93 3,2 3,51 3,78 4,08 4,57 4,9 5,19 5,3 
[ b ;  jungle16 ; breaker: 1,0 ] --> 0,2 0,5317129 0,8616193 1,472227 1,952765 2,285973 2,644558 2,872849 3,430704 3,73885 4,045853 4,354442 4,839797 5,147212 5,579276 5,806783 
[ e ;  jungle16 ; breaker: 1,0 ] --> 0 0,03171295 0,1016193 0,1022274 0,02276528 0,04597306 0,0754416 0,05715156 0,2307041 0,2288501 0,2658527 0,2744422 0,2697968 0,2472115 0,389276 0,5067825 
Absolute Error Mean: 0,178113

[ p ;  jungle16 ; breaker: 1,0 ] --> 0,2 0,5 0,76 1,37 1,93 2,24 2,72 2,93 3,2 3,51 3,78 4,08 4,57 4,9 5,19 5,3 
[ b ;  jungle16 ; breaker: 1,0 ] --> 0,2 0,3550303 0,5300579 0,8907109 1,63493 2,07185 2,401926 2,632518 2,813533 3,147635 3,58254 3,863059 4,423046 4,727633 5,031808 5,283786 
[ e ;  jungle16 ; breaker: 1,0 ] --> 0 0,1449697 0,2299421 0,4792891 0,2950695 0,1681499 0,3180742 0,2974823 0,3864672 0,362365 0,1974602 0,2169411 0,1469541 0,1723671 0,1581917 0,01621389 
Absolute Error Mean: 0,2243711

[ p ;  jungle16 ; breaker: 1,0 ] --> 0,2 0,5 0,76 1,37 1,93 2,24 2,72 2,93 3,2 3,51 3,78 4,08 4,57 4,9 5,19 5,3 
[ b ;  jungle16 ; breaker: 1,0 ] --> 0,2 0,5038798 0,8643461 1,399269 1,963205 2,264815 2,519296 2,747523 3,08168 3,413934 3,719055 4,051158 4,538857 4,845874 5,179034 5,434097 
[ e ;  jungle16 ; breaker: 1,0 ] --> 0 0,003879786 0,1043461 0,02926874 0,03320551 0,02481508 0,2007043 0,1824772 0,1183205 0,09606552 0,06094456 0,0288415 0,03114271 0,05412579 0,0109663 0,1340966 
Absolute Error Mean: 0,06957501

[ p ;  jungle16 ; breaker: 1,0 ] --> 0,2 0,5 0,76 1,37 1,93 2,24 2,72 2,93 3,2 3,51 3,78 4,08 4,57 4,9 5,19 5,3 
[ b ;  jungle16 ; breaker: 1,0 ] --> 0,2 0,5329176 0,8145888 1,152175 1,762036 2,095311 2,37565 2,631295 2,989386 3,323357 3,68281 3,965894 4,476393 4,859981 5,114175 5,345063 
[ e ;  jungle16 ; breaker: 1,0 ] --> 0 0,03291762 0,05458885 0,2178248 0,1679639 0,1446888 0,3443501 0,2987053 0,2106142 0,1866426 0,09718966 0,1141057 0,09360743 0,04001904 0,07582474 0,04506254 
Absolute Error Mean: 0,1327566

[ p ;  jungle16 ; breaker: 1,0 ] --> 0,2 0,5 0,76 1,37 1,93 2,24 2,72 2,93 3,2 3,51 3,78 4,08 4,57 4,9 5,19 5,3 
[ b ;  jungle16 ; breaker: 1,0 ] --> 0,2 0,5337213 0,7896956 1,119782 1,756968 2,037635 2,472394 2,704566 3,010393 3,36695 3,624198 3,931104 4,495791 4,804666 5,109071 5,364619 
[ e ;  jungle16 ; breaker: 1,0 ] --> 0 0,03372127 0,02969557 0,2502177 0,1730324 0,2023652 0,2476063 0,2254345 0,1896074 0,1430504 0,1558015 0,1488955 0,07420921 0,09533405 0,08092928 0,06461906 
Absolute Error Mean: 0,1321575

[ p ;  jungle16 ; breaker: 1,0 ] --> 0,2 0,5 0,76 1,37 1,93 2,24 2,72 2,93 3,2 3,51 3,78 4,08 4,57 4,9 5,19 5,3 
[ b ;  jungle16 ; breaker: 1,0 ] --> 0,2 0,482278 0,7891675 1,146742 1,711359 1,995929 2,301734 2,763046 3,068029 3,507532 3,815045 4,20593 4,746247 5,002001 5,33666 5,665299 
[ e ;  jungle16 ; breaker: 1,0 ] --> 0 0,01772195 0,02916753 0,223258 0,2186408 0,2440709 0,4182656 0,166954 0,1319706 0,002468348 0,03504491 0,1259303 0,1762466 0,1020012 0,1466603 0,3652987 
Absolute Error Mean: 0,1502312

[ p ;  jungle16 ; breaker: 1,0 ] --> 0,2 0,5 0,76 1,37 1,93 2,24 2,72 2,93 3,2 3,51 3,78 4,08 4,57 4,9 5,19 5,3 
[ b ;  jungle16 ; breaker: 1,0 ] --> 0,2 0,575473 0,9054331 1,43465 1,966957 2,244669 2,777985 3,00602 3,389341 3,694254 4,12735 4,459591 5,092218 5,371801 5,651464 5,880659 
[ e ;  jungle16 ; breaker: 1,0 ] --> 0 0,07547301 0,1454331 0,06465042 0,03695667 0,004669428 0,05798531 0,07601976 0,1893413 0,1842544 0,3473504 0,3795915 0,5222182 0,4718013 0,4614635 0,5806589 
Absolute Error Mean: 0,2248667

[ p ;  jungle26 ; breaker: 1,0 ] --> 0,2 0,5 0,76 1,37 1,93 2,24 2,72 2,93 3,2 3,51 3,78 4,08 4,57 4,9 5,19 5,3 
[ b ;  jungle26 ; breaker: 1,0 ] --> 0,2 0,4803082 0,7590405 1,244953 1,758314 2,038756 2,550052 2,832246 3,21403 3,497291 3,783671 4,091136 4,604697 4,911176 5,166693 5,446918 5,882751 6,112558 6,392639 6,597881 6,798851 6,980276 7,157916 7,336764 7,542039 7,747699 
[ e ;  jungle26 ; breaker: 1,0 ] --> 0 0,01969177 0,000959456 0,125047 0,1716858 0,2012441 0,1699479 0,097754 0,01402974 0,0127089 0,003670692 0,01113653 0,03469658 0,01117611 0,02330685 0,1469178 
Absolute Error Mean: 0,06524833

[ p ;  jungle26 ; breaker: 1,0 ] --> 0,2 0,5 0,76 1,37 1,93 2,24 2,72 2,93 3,2 3,51 3,78 4,08 4,57 4,9 5,19 5,3 5,92 6,1 6,37 6,76 7,09 7,24 7,7 7,8 8,24 8,5 
[ b ;  jungle26 ; breaker: 1,0 ] --> 0,2 0,5322629 0,8648485 1,376505 1,884645 2,185307 2,441801 2,670431 3,160321 3,543272 3,874154 4,209202 4,846068 5,125946 5,408498 5,666715 5,973058 6,353693 6,585785 6,840324 7,049295 7,283137 7,488657 7,849162 8,104202 8,332491 
[ e ;  jungle26 ; breaker: 1,0 ] --> 0 0,03226286 0,1048485 0,006505251 0,0453552 0,05469298 0,2781992 0,2595692 0,03967905 0,03327179 0,09415436 0,1292019 0,2760682 0,2259459 0,2184978 0,3667145 0,05305815 0,2536926 0,215785 0,08032417 0,0407052 0,04313755 0,2113423 0,04916191 0,1357975 0,1675091 
Absolute Error Mean: 0,1313646

[ p ;  jungle26 ; breaker: 1,0 ] --> 0,2 0,5 0,76 1,37 1,93 2,24 2,72 2,93 3,2 3,51 3,78 4,08 4,57 4,9 5,19 5,3 5,92 6,1 6,37 6,76 7,09 7,24 7,7 7,8 8,24 8,5 
[ b ;  jungle26 ; breaker: 1,0 ] --> 0,2 0,5298812 0,8344584 1,345045 1,856011 2,16087 2,496362 2,701219 3,084556 3,391706 3,695264 3,977466 4,40954 4,743649 4,94805 5,178075 5,408158 5,94292 6,150083 6,40378 6,658839 6,892058 7,148786 7,482227 7,71208 7,941788 
[ e ;  jungle26 ; breaker: 1,0 ] --> 0 0,02988118 0,07445836 0,02495527 0,07398891 0,07913041 0,2236381 0,2287812 0,1154444 0,1182942 0,08473635 0,1025343 0,16046 0,1563516 0,2419505 0,1219249 0,5118418 0,1570797 0,2199168 0,3562198 0,4311609 0,3479414 0,5512137 0,3177729 0,5279198 0,5582118 
Absolute Error Mean: 0,2236849

[ p ;  jungle26 ; breaker: 1,0 ] --> 0,2 0,5 0,76 1,37 1,93 2,24 2,72 2,93 3,2 3,51 3,78 4,08 4,57 4,9 5,19 5,3 5,92 6,1 6,37 6,76 7,09 7,24 7,7 7,8 8,24 8,5 
[ b ;  jungle26 ; breaker: 1,0 ] --> 0,2 0,5554281 0,8621212 1,27105 1,675724 1,982503 2,240156 2,469486 2,903371 3,310138 3,61572 3,949155 4,512788 4,764486 5,068356 5,36972 5,905615 6,208924 6,486909 6,769643 7,048464 7,353153 7,63343 7,967738 8,22506 8,505663 
[ e ;  jungle26 ; breaker: 1,0 ] --> 0 0,05542809 0,1021212 0,09895027 0,2542764 0,257497 0,4798436 0,4605145 0,2966292 0,1998625 0,1642804 0,1308451 0,05721188 0,1355143 0,1216445 0,06971931 0,01438475 0,1089239 0,116909 0,009642601 0,04153633 0,1131535 0,06656981 0,1677375 0,01494026 0,005662918 
Absolute Error Mean: 0,1363

[ p ;  jungle26 ; breaker: 1,0 ] --> 0,2 0,5 0,76 1,37 1,93 2,24 2,72 2,93 3,2 3,51 3,78 4,08 4,57 4,9 5,19 5,3 5,92 6,1 6,37 6,76 7,09 7,24 7,7 7,8 8,24 8,5 
[ b ;  jungle26 ; breaker: 1,0 ] --> 0,2 0,5308182 0,8727501 1,391823 1,903452 2,212343 2,523411 2,803728 3,112497 3,216173 3,599532 3,982745 4,348434 4,627506 4,95928 5,238467 5,879225 6,215536 6,547463 6,826555 7,13193 7,413284 7,671158 7,906438 8,162258 8,392912 
[ e ;  jungle26 ; breaker: 1,0 ] --> 0 0,03081816 0,1127501 0,02182293 0,02654767 0,02765656 0,1965888 0,126272 0,08750272 0,2938268 0,1804683 0,09725475 0,2215662 0,2724938 0,2307205 0,06153345 0,04077482 0,1155362 0,1774635 0,06655502 0,0419302 0,1732845 0,0288415 0,1064377 0,07774162 0,1070881 
Absolute Error Mean: 0,1124414

[ p ;  jungle26 ; breaker: 1,0 ] --> 0,2 0,5 0,76 1,37 1,93 2,24 2,72 2,93 3,2 3,51 3,78 4,08 4,57 4,9 5,19 5,3 5,92 6,1 6,37 6,76 7,09 7,24 7,7 7,8 8,24 8,5 
[ b ;  jungle26 ; breaker: 1,0 ] --> 0,2 0,5017362 0,7838274 1,293405 1,777024 2,081732 2,415954 2,669927 3,107856 3,41355 3,744228 4,025121 4,329392 4,789881 5,069364 5,400673 5,905739 6,136843 6,391859 6,725135 7,007392 7,290936 7,569265 7,828161 8,058452 8,518447 
[ e ;  jungle26 ; breaker: 1,0 ] --> 0 0,001736224 0,02382743 0,07659483 0,1529762 0,1582685 0,3040459 0,2600727 0,09214425 0,09644961 0,03577161 0,05487871 0,2406077 0,1101193 0,120636 0,1006727 0,01426125 0,03684282 0,02185917 0,03486538 0,08260822 0,05093622 0,1307344 0,02816105 0,1815481 0,01844692 
Absolute Error Mean: 0,09342559

[ p ;  jungle26 ; breaker: 1,0 ] --> 0,2 0,5 0,76 1,37 1,93 2,24 2,72 2,93 3,2 3,51 3,78 4,08 4,57 4,9 5,19 5,3 5,92 6,1 6,37 6,76 7,09 7,24 7,7 7,8 8,24 8,5 
[ b ;  jungle26 ; breaker: 1,0 ] --> 0,2 10,96077 11,24251 11,49595 12,05789 12,54432 12,77306 13,03011 13,20968 13,66887 13,97428 14,25609 14,50858 14,96643 15,1943 15,42538 15,65598 15,83793 16,095 16,35221 16,63663 16,91472 17,37168 17,70349 18,013 18,31951 18,54938 
[ e ;  jungle26 ; breaker: 1,0 ] --> 0 10,46077 10,4825 10,12595 10,12789 10,30433 10,05306 10,10011 10,00968 10,15887 10,19428 10,1761 9,938583 10,06643 10,0043 10,12538 9,735977 9,737928 9,724998 9,592209 9,546625 9,674721 9,671678 9,903493 9,773005 9,819506 
Absolute Error Mean: 9,596476

[ p ;  jungle26 ; breaker: 1,0 ] --> 0,2 0,5 0,76 1,37 1,93 2,24 2,72 2,93 3,2 3,51 3,78 4,08 4,57 4,9 5,19 5,3 5,92 6,1 6,37 6,76 7,09 7,24 7,7 7,8 8,24 8,5 
[ b ;  jungle26 ; breaker: 1,0 ] --> 0,2 0,4559065 0,7891086 1,275319 1,788015 2,096721 2,326093 2,606965 2,836706 3,11856 3,426983 3,810801 4,248042 4,504978 4,762053 4,994586 5,454327 5,63378 5,968169 6,221206 6,608248 6,819748 7,101961 7,439536 7,647059 7,959379 
[ e ;  jungle26 ; breaker: 1,0 ] --> 0 0,04409349 0,02910858 0,09468102 0,1419849 0,1432793 0,3939073 0,3230352 0,3632944 0,3914399 0,3530173 0,2691991 0,3219581 0,3950224 0,4279466 0,3054147 0,4656734 0,4662194 0,4018312 0,538794 0,4817524 0,4202518 0,5980387 0,3604641 0,5929403 0,5406213 
Absolute Error Mean: 0,3409218

[ p ;  jungle26 ; breaker: 1,0 ] --> 0,2 0,5 0,76 1,37 1,93 2,24 2,72 2,93 3,2 3,51 3,78 4,08 4,57 4,9 5,19 5,3 5,92 6,1 6,37 6,76 7,09 7,24 7,7 7,8 8,24 8,5 
[ b ;  jungle26 ; breaker: 1,0 ] --> 0,2 0,4851432 0,7935792 1,303963 1,791666 2,048157 2,336976 2,516642 2,927712 3,208343 3,49066 3,768514 4,026997 4,286989 4,697027 4,902679 5,23685 5,570847 5,877874 6,136343 6,316494 6,76857 7,121168 7,346919 7,497325 7,874051 
[ e ;  jungle26 ; breaker: 1,0 ] --> 0 0,01485679 0,03357917 0,06603742 0,1383344 0,191843 0,3830242 0,4133582 0,2722876 0,3016572 0,28934 0,311486 0,5430031 0,6130109 0,4929729 0,3973207 0,6831498 0,5291533 0,4921255 0,6236567 0,7735062 0,4714298 0,5788321 0,4530811 0,7426748 0,6259494 
Absolute Error Mean: 0,401372

[ p ;  jungle26 ; breaker: 1,0 ] --> 0,2 0,5 0,76 1,37 1,93 2,24 2,72 2,93 3,2 3,51 3,78 4,08 4,57 4,9 5,19 5,3 5,92 6,1 6,37 6,76 7,09 7,24 7,7 7,8 8,24 8,5 
[ b ;  jungle26 ; breaker: 1,0 ] --> 0,2 
[ e ;  jungle26 ; breaker: 1,0 ] --> 0 
Absolute Error Mean: 4,565384

[ p ;  jungle8 ; breaker: 1,0 ] --> 0,2 0,5 0,76 1,37 1,93 2,24 2,72 2,93 3,2 3,51 3,78 4,08 4,57 4,9 5,19 5,3 5,92 6,1 6,37 6,76 7,09 7,24 7,7 7,8 8,24 8,5 
[ s ;  jungle8 ; breaker: 1,0 ] --> 0,2 0,5517401 0,9030967 1,454131 2,012662 2,441311 2,716459 2,969682 
[ e ;  jungle8 ; breaker: 1,0 ] --> 0 0,05174005 0,1430967 0,08413112 0,08266199 0,2013111 0,003540993 0,03968143 
Absolute Error Mean: 4,109852

[ p ;  jungle8 ; breaker: 1,0 ] --> 0,2 0,5 0,76 1,37 1,93 2,24 2,72 2,93 
[ s ;  jungle8 ; breaker: 1,0 ] --> 0,2 0,5546622 0,88423 1,468787 2,022679 2,427424 2,908922 3,083863 
[ e ;  jungle8 ; breaker: 1,0 ] --> 0 0,05466223 0,12423 0,09878671 0,09267914 0,1874237 0,1889224 0,1538627 
Absolute Error Mean: 0,1125709

[ p ;  jungle8 ; breaker: 1,0 ] --> 0,2 0,5 0,76 1,37 1,93 2,24 2,72 2,93 
[ s ;  jungle8 ; breaker: 1,0 ] --> 0,2 0,5043504 0,8080648 1,383248 1,859104 2,160071 2,359308 2,584023 
[ e ;  jungle8 ; breaker: 1,0 ] --> 0 0,004350424 0,04806477 0,01324832 0,07089555 0,07992935 0,360692 0,3459773 
Absolute Error Mean: 0,1153947

[ p ;  jungle8 ; breaker: 1,0 ] --> 0,2 0,5 0,76 1,37 1,93 2,24 2,72 2,93 
[ s ;  jungle8 ; breaker: 1,0 ] --> 0,2 0,5001694 0,7785246 1,360315 1,915901 2,169017 2,447644 2,728396 
[ e ;  jungle8 ; breaker: 1,0 ] --> 0 0,0001693964 0,01852459 0,00968492 0,01409853 0,07098269 0,2723556 0,2016044 
Absolute Error Mean: 0,07342751

[ p ;  jungle8 ; breaker: 1,0 ] --> 0,2 0,5 0,76 1,37 1,93 2,24 2,72 2,93 
[ s ;  jungle8 ; breaker: 1,0 ] --> 0,2 3,602245 3,908124 4,15961 4,625795 4,93128 5,086699 5,51846 
[ e ;  jungle8 ; breaker: 1,0 ] --> 0 3,102245 3,148124 2,78961 2,695795 2,69128 2,366699 2,58846 
Absolute Error Mean: 2,422777

[ p ;  jungle8 ; breaker: 1,0 ] --> 0,2 0,5 0,76 1,37 1,93 2,24 2,72 2,93 
[ s ;  jungle8 ; breaker: 1,0 ] --> 0,2 0,560476 0,9167435 1,476182 1,985881 2,291293 2,572222 2,748162 
[ e ;  jungle8 ; breaker: 1,0 ] --> 0 0,06047601 0,1567435 0,1061815 0,05588114 0,0512929 0,147778 0,181838 
Absolute Error Mean: 0,09502389

[ p ;  jungle8 ; breaker: 1,0 ] --> 0,2 0,5 0,76 1,37 1,93 2,24 2,72 2,93 
[ s ;  jungle8 ; breaker: 1,0 ] --> 0,2 0,504105 0,8790304 1,432038 1,95987 2,211774 2,46279 2,663537 
[ e ;  jungle8 ; breaker: 1,0 ] --> 0 0,004105031 0,1190304 0,06203759 0,02986991 0,02822638 0,2572103 0,2664633 
Absolute Error Mean: 0,09586786

[ p ;  jungle8 ; breaker: 1,0 ] --> 0,2 0,5 0,76 1,37 1,93 2,24 2,72 2,93 
[ s ;  jungle8 ; breaker: 1,0 ] --> 0,2 0,5301232 0,8605186 1,417101 2,02282 2,347557 2,649376 2,877633 
[ e ;  jungle8 ; breaker: 1,0 ] --> 0 0,03012323 0,1005186 0,04710102 0,09281981 0,1075571 0,07062387 0,05236721 
Absolute Error Mean: 0,06263885

[ p ;  jungle8 ; breaker: 1,0 ] --> 0,2 0,5 0,76 1,37 1,93 2,24 2,72 2,93 
[ s ;  jungle8 ; breaker: 1,0 ] --> 0,2 0,4751712 0,8263106 1,374864 1,925095 2,348798 2,600108 2,875318 
[ e ;  jungle8 ; breaker: 1,0 ] --> 0 0,02482879 0,06631064 0,004863858 0,004904866 0,108798 0,1198921 0,05468249 
Absolute Error Mean: 0,0480351

[ p ;  jungle8 ; breaker: 1,0 ] --> 0,2 0,5 0,76 1,37 1,93 2,24 2,72 2,93 
[ s ;  jungle8 ; breaker: 1,0 ] --> 0,2 0,5049698 0,8299149 1,410508 1,916312 2,196223 2,421777 2,773404 
[ e ;  jungle8 ; breaker: 1,0 ] --> 0 0,004969835 0,06991494 0,04050827 0,01368845 0,04377675 0,298223 0,1565959 
Absolute Error Mean: 0,07845965

[ p ;  jungle26 ; breaker: 1,0 ] --> 0,2 0,5 0,76 1,37 1,93 2,24 2,72 2,93 
[ s ;  jungle26 ; breaker: 1,0 ] --> 0,2 0,4597979 0,7912033 1,349917 1,853281 2,156591 2,684524 2,863308 3,371475 3,725471 4,049713 4,348535 4,655725 4,909547 5,166016 5,343654 5,876121 6,106222 6,309301 6,690628 6,894267 7,175489 7,402362 7,65812 7,936824 8,196386 8,478861 
[ e ;  jungle26 ; breaker: 1,0 ] --> 0 0,04020211 0,03120333 0,02008295 0,07671916 0,08340931 0,03547597 0,06669164 
Absolute Error Mean: 0,04422306

[ p ;  jungle26 ; breaker: 1,0 ] --> 0,2 0,5 0,76 1,37 1,93 2,24 2,72 2,93 3,2 3,51 3,78 4,08 4,57 4,9 5,19 5,3 5,92 6,1 6,37 6,76 7,09 7,24 7,7 7,8 8,24 8,5 
[ s ;  jungle26 ; breaker: 1,0 ] --> 0,2 0,4792387 0,8145072 1,34944 1,812294 2,11708 2,321854 2,554123 3,090626 3,420294 3,648341 3,929707 4,136034 4,365988 4,617911 4,8977 5,052207 5,591165 5,821733 6,081982 6,335982 6,563097 6,820399 7,102696 7,361075 7,664955 
[ e ;  jungle26 ; breaker: 1,0 ] --> 0 0,02076125 0,0545072 0,02056015 0,1177061 0,1229203 0,3981457 0,3758767 0,1093738 0,08970642 0,1316593 0,1502926 0,4339657 0,5340123 0,5720887 0,4022999 0,8677936 0,5088353 0,5482674 0,6780181 0,7540183 0,6769028 0,879601 0,6973038 0,8789248 0,8350453 
Absolute Error Mean: 0,4176379

[ p ;  jungle26 ; breaker: 1,0 ] --> 0,2 0,5 0,76 1,37 1,93 2,24 2,72 2,93 3,2 3,51 3,78 4,08 4,57 4,9 5,19 5,3 5,92 6,1 6,37 6,76 7,09 7,24 7,7 7,8 8,24 8,5 
[ s ;  jungle26 ; breaker: 1,0 ] --> 0,2 0,5039685 0,7808438 1,315196 1,846942 2,101544 2,428555 2,628512 2,781467 3,185858 3,510556 3,837739 4,164023 4,438028 4,688938 4,892979 5,045075 5,580229 6,187353 6,570233 6,922471 7,302768 7,633004 8,016972 8,296707 8,603004 
[ e ;  jungle26 ; breaker: 1,0 ] --> 0 0,003968537 0,0208438 0,05480397 0,08305824 0,1384559 0,2914445 0,3014879 0,4185333 0,324142 0,2694442 0,2422614 0,4059772 0,4619722 0,5010619 0,4070215 0,8749251 0,5197711 0,1826468 0,1897674 0,1675291 0,06276798 0,06699562 0,2169714 0,05670738 0,1030045 
Absolute Error Mean: 0,2448293

[ p ;  jungle26 ; breaker: 1,0 ] --> 0,2 0,5 0,76 1,37 1,93 2,24 2,72 2,93 3,2 3,51 3,78 4,08 4,57 4,9 5,19 5,3 5,92 6,1 6,37 6,76 7,09 7,24 7,7 7,8 8,24 8,5 
[ s ;  jungle26 ; breaker: 1,0 ] --> 0,2 0,4556159 0,9130744 1,495115 2,053315 2,335979 2,717999 2,94861 3,438189 3,743388 4,025447 4,381155 4,736863 4,965336 5,296654 5,499674 5,930758 6,190857 6,394083 6,750803 7,004586 7,287345 7,541212 7,823925 8,104566 8,383185 8,685208 
[ e ;  jungle26 ; breaker: 1,0 ] --> 0 0,04438409 0,1530744 0,125115 0,1233155 0,09597945 0,002001524 0,01860976 0,2381892 0,2333879 0,2454469 0,3011556 0,1668625 0,06533575 0,1066542 0,1996741 0,01075745 0,09085703 0,02408266 0,009197712 0,08541441 0,04734564 0,1587877 0,0239253 0,1354342 0,1168146 
Absolute Error Mean: 0,1085309

[ p ;  jungle26 ; breaker: 1,0 ] --> 0,2 0,5 0,76 1,37 1,93 2,24 2,72 2,93 3,2 3,51 3,78 4,08 4,57 4,9 5,19 5,3 5,92 6,1 6,37 6,76 7,09 7,24 7,7 7,8 8,24 8,5 
[ s ;  jungle26 ; breaker: 1,0 ] --> 0,2 0,4502086 0,8743337 1,452005 2,008581 2,333259 2,734248 2,936702 3,415654 3,741849 4,041934 4,341902 4,691993 4,919285 5,170909 5,398582 5,549245 5,954876 6,153114 6,527681 6,753498 7,00455 7,281773 7,534253 7,836235 8,109038 8,3607 
[ e ;  jungle26 ; breaker: 1,0 ] --> 0 0,0497914 0,1143337 0,08200502 0,07858098 0,0932591 0,01424813 0,006701469 0,2156541 0,2318487 0,261934 0,2619019 0,1219926 0,0192852 0,01909113 0,09858227 0,3707547 0,1451235 0,216886 0,2323189 0,3365026 0,2354498 0,4182272 0,2657475 0,4037647 0,3909616 
Absolute Error Mean: 0,1801902

[ p ;  jungle26 ; breaker: 1,0 ] --> 0,2 0,5 0,76 1,37 1,93 2,24 2,72 2,93 3,2 3,51 3,78 4,08 4,57 4,9 5,19 5,3 5,92 6,1 6,37 6,76 7,09 7,24 7,7 7,8 8,24 8,5 
[ s ;  jungle26 ; breaker: 1,0 ] --> 0,2 9,573699 9,78118 10,13515 10,69109 11,22556 11,50774 11,78826 12,03916 12,21784 12,54964 12,83255 13,08977 13,42005 13,70106 14,00637 14,21098 14,66631 14,94711 15,2782 15,60991 15,84171 16,12047 16,37684 16,65571 16,98264 17,28701 17,57376 
[ e ;  jungle26 ; breaker: 1,0 ] --> 0 9,073699 9,02118 8,765146 8,761092 8,985563 8,787736 8,858258 8,839161 8,70784 8,769645 8,75255 8,519766 8,520054 8,511057 8,706367 8,290977 8,566309 8,577106 8,518198 8,519914 8,60171 8,420472 8,57684 8,41571 8,482641 
Absolute Error Mean: 8,328808

[ p ;  jungle26 ; breaker: 1,0 ] --> 0,2 0,5 0,76 1,37 1,93 2,24 2,72 2,93 3,2 3,51 3,78 4,08 4,57 4,9 5,19 5,3 5,92 6,1 6,37 6,76 7,09 7,24 7,7 7,8 8,24 8,5 
[ s ;  jungle26 ; breaker: 1,0 ] --> 0,2 0,4257954 0,7001299 1,226766 1,759256 2,037625 2,319584 2,645752 2,798814 3,234794 3,488503 3,762912 4,09278 4,369815 4,67302 4,875307 5,053116 5,758664 6,335751 6,61533 6,918243 7,168869 7,446585 7,747333 8,074955 8,350262 
[ e ;  jungle26 ; breaker: 1,0 ] --> 0 0,07420459 0,05987006 0,1432335 0,1707439 0,2023747 0,4004159 0,2842481 0,401186 0,2752056 0,2914975 0,3170877 0,4772201 0,5301852 0,5169802 0,4246931 0,8668838 0,3413358 0,03424883 0,1446705 0,1717567 0,07113123 0,2534151 0,05266714 0,1650448 0,1497383 
Absolute Error Mean: 0,2623092

[ p ;  jungle26 ; breaker: 1,0 ] --> 0,2 0,5 0,76 1,37 1,93 2,24 2,72 2,93 3,2 3,51 3,78 4,08 4,57 4,9 5,19 5,3 5,92 6,1 6,37 6,76 7,09 7,24 7,7 7,8 8,24 8,5 
[ s ;  jungle26 ; breaker: 1,0 ] --> 0,2 0,4774035 0,7284598 1,284519 1,839443 2,091053 2,42037 2,599605 3,05394 3,385859 3,663991 3,99466 4,320062 4,597193 4,874325 5,102934 5,610071 5,810357 6,010658 6,310001 6,588194 6,819607 7,098546 7,40315 7,68194 7,985337 
[ e ;  jungle26 ; breaker: 1,0 ] --> 0 0,02259648 0,03154016 0,08548081 0,09055662 0,1489468 0,2996299 0,330395 0,1460602 0,1241405 0,1160085 0,08534002 0,2499385 0,3028073 0,3156748 0,1970663 0,3099289 0,2896433 0,3593421 0,4499989 0,5018063 0,4203925 0,6014543 0,3968506 0,5580602 0,5146632 
Absolute Error Mean: 0,2672432

[ p ;  jungle26 ; breaker: 1,0 ] --> 0,2 0,5 0,76 1,37 1,93 2,24 2,72 2,93 3,2 3,51 3,78 4,08 4,57 4,9 5,19 5,3 5,92 6,1 6,37 6,76 7,09 7,24 7,7 7,8 8,24 8,5 
[ s ;  jungle26 ; breaker: 1,0 ] --> 0,2 0,4550202 0,7853132 1,34533 1,900287 2,202088 2,457518 2,707193 3,13384 3,388963 3,666886 3,921191 4,227728 4,484602 4,919571 5,099483 5,555465 5,757747 6,215605 6,492956 6,793918 7,049789 7,305166 7,557628 7,838041 8,192299 
[ e ;  jungle26 ; breaker: 1,0 ] --> 0 0,04497975 0,02531326 0,02467 0,02971256 0,03791237 0,2624817 0,2228067 0,06615973 0,1210372 0,1131144 0,1588089 0,3422723 0,4153981 0,2704291 0,2005172 0,3645349 0,3422527 0,1543946 0,2670441 0,296082 0,1902108 0,3948336 0,242372 0,4019589 0,3077011 
Absolute Error Mean: 0,2037307

[ p ;  jungle26 ; breaker: 1,0 ] --> 0,2 0,5 0,76 1,37 1,93 2,24 2,72 2,93 3,2 3,51 3,78 4,08 4,57 4,9 5,19 5,3 5,92 6,1 6,37 6,76 7,09 7,24 7,7 7,8 8,24 8,5 
[ s ;  jungle26 ; breaker: 1,0 ] --> 0,2 0,429126 0,6839612 1,238681 1,739188 1,996001 2,327914 2,529439 2,90828 3,265412 3,54531 3,883528 4,212126 4,46909 4,723749 4,928408 5,306902 5,537245 5,741262 5,970829 6,254016 6,507076 6,787532 7,068582 7,373724 7,67787 
[ e ;  jungle26 ; breaker: 1,0 ] --> 0 0,07087398 0,07603878 0,1313186 0,1908118 0,2439991 0,3920863 0,4005613 0,2917202 0,2445879 0,2346897 0,1964717 0,3578739 0,4309106 0,4662509 0,3715925 0,6130977 0,5627551 0,6287379 0,7891717 0,8359842 0,7329235 0,9124675 0,7314186 0,8662763 0,8221302 
Absolute Error Mean: 0,4459519

[ p ;  jungle8 ; breaker: 1,0 ] --> 0,2 0,5 0,76 1,37 1,93 2,24 2,72 2,93 3,2 3,51 3,78 4,08 4,57 4,9 5,19 5,3 5,92 6,1 6,37 6,76 7,09 7,24 7,7 7,8 8,24 8,5 
