b;0;0,001148462;0,829641;0,6255918;0,5207156;0,4129426;0,2371652;0,4101071;
b;0;0,01785037;0,05461574;0,02257586;0,001308322;0,08535576;0,10923;0,03985476;
b;0;0,04570836;0,0800072;0,1012855;0,02227044;0,2225089;0,0270586;0,1715105;
b;0;0,02326778;0,04524195;0,06298363;0,04289544;0,1568484;0,1180878;0,1069877;
b;0;0,02561224;0,06780398;0,03776205;0,07004189;0,07739449;0,1484852;0,01837373;
b;0;0,02114168;0,0229826;0,05240846;0,02482903;0,1027782;0,07644558;0,108278;
b;0;0,02063414;0,02545309;0,07829738;0,05589783;0,03490925;0,1098845;0,0911603;
b;0;0,0003018975;0,04113382;0,03877819;0,04275358;0,05371904;0,104305;0,111418;
b;0;0,02021268;0,02194262;0,07012379;0,07021844;0,08770633;0,03972626;0,02368903;
b;0;0,0202038;0,0003644824;0,003794789;0,001891494;0,05429101;0,07560301;0,05634999;
s;0;0,02582735;0,1162534;0,1821671;0,2704493;0,3351686;0,4091215;0,3764243;
s;0;0,003003776;0,1472643;0,09222054;0,1645526;0,1831493;0,03032327;0,1243896;0,4077733;0,5229318;0,7306283;0,7848711;0,7273045;0,652813;0,6663275;0,7837901;
s;0;0,1232513;0,2639823;0,4072766;0,6007098;0,5901034;0,6366789;0,6257915;0,9549148;1,043936;1,199466;1,176328;1,092949;0,9950876;0,9806709;1,150611;
s;0;0,03339362;0,1771563;0,02191138;0,02355409;0,06955433;0,1024964;0,01126552;0,1268203;0,001339197;0,01690841;0,0367012;0,1956191;0,268229;0,3301134;0,2366195;
s;0;0,006250858;0,1265117;0,1038197;0,1266583;0,07570076;0,07735634;0,04307985;0,07402492;0,02930641;0,02093434;0,01029396;0,149498;0,2015185;0,2326493;0,1367817;
s;0;0,05310804;0,1652862;0,2358286;0,2545575;0,2758691;0,1271505;0,1736593;0,1093824;0,1512167;0,1625688;0,1935301;0,0048666;0,04300261;0,05732775;0,06171942;
s;0;0,0259465;0,1702021;0,1645693;0,1846668;0,1996586;0,02164412;0,06659722;0,02723122;0,01311207;0,01766801;0,070786;0,09105921;0,1455956;0,1589522;0,01985645;
s;0;0,03064734;0,1222243;0,03946674;0,06161404;0,0322628;0,09267235;0,09945369;0,1378984;0,158102;0,1876533;0,2108846;0,02364826;0,00315094;0,009214401;0,2748117;
s;0;0,02889138;0,1511964;0,1245761;0,1503626;0,1685214;0,06590819;0,08178401;0,3376274;0,3536124;0,3831704;0,4320283;0,2661381;0,2123027;0,2769251;0,3731809;
s;0;0,03002876;0,1537062;0,153133;0,1969413;0,3153367;0,3181424;0,310549;0,5491135;0,5977123;0,7121546;0,7186923;0,5860772;0,513917;0,476974;0,6245179;
b;0;0,002065301;0,06813473;0,08864331;0,1705704;0,1786304;0,3091073;0,2916508;0,1056557;0,1085899;0,006083488;0,0107193;0,1235571;0,1207805;0,05588913;0,01467514;
b;0;0,0199745;0,1455401;0,0451349;0,002807975;0,009135008;0,07881522;0,08401394;0,1238518;0,1248674;0,1134512;0,0579071;0,294672;0,3693132;0,4283295;0,3106675;
b;0;0,03460461;0,05206668;0,2787083;0,2253596;0,2526114;0,3241649;0,354445;0,1905427;0,1667986;0,2067366;0,2515504;0,5161662;0,5702271;0,5086627;0,1367726;
b;0;0,03171295;0,1016193;0,1022274;0,02276528;0,04597306;0,0754416;0,05715156;0,2307041;0,2288501;0,2658527;0,2744422;0,2697968;0,2472115;0,389276;0,5067825;
b;0;0,1449697;0,2299421;0,4792891;0,2950695;0,1681499;0,3180742;0,2974823;0,3864672;0,362365;0,1974602;0,2169411;0,1469541;0,1723671;0,1581917;0,01621389;
b;0;0,003879786;0,1043461;0,02926874;0,03320551;0,02481508;0,2007043;0,1824772;0,1183205;0,09606552;0,06094456;0,0288415;0,03114271;0,05412579;0,0109663;0,1340966;
b;0;0,03291762;0,05458885;0,2178248;0,1679639;0,144688;0,344350;0,2987053;0,2106142;0,1866426;0,09718966;0,1141057;0,09360743;0,04001904;0,07582474;0,04506254;
b;0;0,03372127;0,02969557;0,2502177;0,1730324;0,2023652;0,2476063;0,2254345;0,1896074;0,1430504;0,1558015;0,1488955;0,07420921;0,09533405;0,08092928;0,06461906;
b;0;0,01772195;0,02916753;0,223258;0,2186408;0,2440709;0,4182656;0,166954;0,1319706;0,002468348;0,03504491;0,1259303;0,1762466;0,1020012;0,1466603;0,3652987;
b;0;0,07547301;0,145433;0,06465042;0,03695667;0,004669428;0,05798531;0,07601976;0,1893413;0,1842544;0,3473504;0,3795915;0,5222182;0,4718013;0,4614635;0,5806589;
b;0;0,01969177;0,000959456;0,125047;0,1716858;0,2012441;0,1699479;0,097754;0,01402974;0,0127089;0,003670692;0,01113653;0,03469658;0,01117611;0,02330685;0,1469178;
b;0;0,03226286;0,1048485;0,006505251;0,0453552;0,05469298;0,2781992;0,2595692;0,03967905;0,03327179;0,09415436;0,1292019;0,2760682;0,2259459;0,2184978;0,3667145;0,05305815;0,2536926;0,215785;0,08032417;0,0407052;0,04313755;0,2113423;0,04916191;0,1357975;0,1675091;
b;0;0,02988118;0,07445836;0,02495527;0,07398891;0,07913041;0,2236381;0,2287812;0,1154444;0,1182942;0,08473635;0,1025343;0,16046;0,1563516;0,2419505;0,1219249;0,5118418;0,1570797;0,2199168;0,3562198;0,4311609;0,3479414;0,5512137;0,3177729;0,5279198;0,5582118;
b;0;0,05542809;0,1021212;0,09895027;0,2542764;0,257497;0,4798436;0,4605145;0,2966292;0,1998625;0,1642804;0,1308451;0,05721188;0,1355143;0,1216445;0,06971931;0,01438475;0,1089239;0,116909;0,009642601;0,04153633;0,1131535;0,06656981;0,1677375;0,01494026;0,005662918;
b;0;0,03081816;0,1127501;0,02182293;0,02654767;0,02765656;0,1965888;0,126272;0,08750272;0,2938268;0,1804683;0,09725475;0,2215662;0,2724938;0,2307205;0,06153345;0,04077482;0,1155362;0,1774635;0,0665550;0,0419302;0,1732845;0,0288415;0,1064377;0,07774162;0,1070881;
b;0;0,001736224;0,02382743;0,07659483;0,1529762;0,1582685;0,3040459;0,2600727;0,09214425;0,09644961;0,03577161;0,05487871;0,2406077;0,1101193;0,120636;0,1006727;0,01426125;0,03684282;0,02185917;0,03486538;0,08260822;0,05093622;0,1307344;0,02816105;0,1815481;0,01844692;
b;0;10,46077;10,4825;10,12595;10,12789;10,30433;10,05306;10,10011;10,00968;10,15887;10,19428;10,1761;9,938583;10,06643;10,0043;10,12538;9,735977;9,737928;9,724998;9,592209;9,546625;9,674721;9,671678;9,903493;9,773005;9,819506;
b;0;0,04409349;0,02910858;0,09468102;0,1419849;0,1432793;0,3939073;0,3230352;0,3632944;0,3914399;0,3530173;0,2691991;0,3219581;0,3950224;0,4279466;0,3054147;0,4656734;0,4662194;0,4018312;0,538794;0,4817524;0,4202518;0,5980387;0,3604641;0,5929403;0,5406213;
b;0;0,01485679;0,03357917;0,06603742;0,1383344;0,191843;0,3830242;0,4133582;0,2722876;0,3016572;0,28934;0,311486;0,5430031;0,6130109;0,4929729;0,3973207;0,6831498;0,5291533;0,4921255;0,6236567;0,7735062;0,4714298;0,5788321;0,4530811;0,7426748;0,6259494;
s;0;0,05174005;0,1430967;0,08413112;0,08266199;0,2013111;0,003540993;0,03968143;
s;0;0,05466223;0,12423;0,09878671;0,09267914;0,1874237;0,1889224;0,1538627;
s;0;0,004350424;0,04806477;0,01324832;0,07089555;0,07992935;0,360692;0,3459773;
s;0;0,0001693964;0,01852459;0,00968492;0,01409853;0,07098269;0,2723556;0,2016044;
s;0;3,102245;3,148124;2,78961;2,695795;2,69128;2,366699;2,58846;
s;0;0,06047601;0,1567435;0,1061815;0,05588114;0,0512929;0,147778;0,181838;
s;0;0,004105031;0,1190304;0,06203759;0,02986991;0,02822638;0,2572103;0,2664633;
s;0;0,03012323;0,1005186;0,04710102;0,09281981;0,1075571;0,07062387;0,05236721;
s;0;0,02482879;0,06631064;0,004863858;0,004904866;0,108798;0,1198921;0,05468249;
s;0;0,004969835;0,06991494;0,04050827;0,01368845;0,04377675;0,298223;0,1565959;
s;0;0,04020211;0,03120333;0,02008295;0,07671916;0,08340931;0,03547597;0,06669164;
s;0;0,02076125;0,0545072;0,02056015;0,1177061;0,1229203;0,3981457;0,3758767;0,1093738;0,08970642;0,1316593;0,1502926;0,4339657;0,5340123;0,5720887;0,4022999;0,8677936;0,5088353;0,5482674;0,6780181;0,7540183;0,6769028;0,879601;0,6973038;0,8789248;0,8350453;
s;0;0,003968537;0,0208438;0,05480397;0,08305824;0,1384559;0,2914445;0,3014879;0,4185333;0,324142;0,2694442;0,2422614;0,4059772;0,4619722;0,5010619;0,4070215;0,8749251;0,5197711;0,1826468;0,1897674;0,1675291;0,06276798;0,06699562;0,2169714;0,05670738;0,1030045;
s;0;0,04438409;0,1530744;0,125115;0,1233155;0,09597945;0,002001524;0,01860976;0,2381892;0,2333879;0,2454469;0,3011556;0,1668625;0,06533575;0,1066542;0,1996741;0,01075745;0,09085703;0,02408266;0,009197712;0,08541441;0,04734564;0,1587877;0,0239253;0,1354342;0,1168146;
s;0;0,0497914;0,1143337;0,08200502;0,07858098;0,0932591;0,01424813;0,006701469;0,2156541;0,2318487;0,261934;0,2619019;0,1219926;0,0192852;0,01909113;0,09858227;0,3707547;0,1451235;0,216886;0,2323189;0,3365026;0,2354498;0,4182272;0,2657475;0,4037647;0,3909616;
s;0;9,073699;9,02118;8,765146;8,761092;8,985563;8,787736;8,858258;8,839161;8,70784;8,769645;8,75255;8,519766;8,520054;8,511057;8,706367;8,290977;8,566309;8,577106;8,518198;8,519914;8,60171;8,420472;8,57684;8,41571;8,482641;
s;0;0,07420459;0,05987006;0,1432335;0,1707439;0,2023747;0,4004159;0,2842481;0,401186;0,2752056;0,2914975;0,3170877;0,4772201;0,5301852;0,5169802;0,4246931;0,8668838;0,3413358;0,03424883;0,1446705;0,1717567;0,07113123;0,2534151;0,05266714;0,1650448;0,1497383;
s;0;0,02259648;0,03154016;0,08548081;0,09055662;0,1489468;0,2996299;0,330395;0,1460602;0,1241405;0,1160085;0,08534002;0,2499385;0,3028073;0,3156748;0,1970663;0,3099289;0,2896433;0,3593421;0,4499989;0,5018063;0,4203925;0,6014543;0,3968506;0,5580602;0,5146632;
s;0;0,04497975;0,02531326;0,02467;0,02971256;0,03791237;0,2624817;0,2228067;0,06615973;0,1210372;0,1131144;0,1588089;0,3422723;0,4153981;0,2704291;0,2005172;0,3645349;0,3422527;0,1543946;0,2670441;0,296082;0,1902108;0,3948336;0,242372;0,4019589;0,3077011;
s;0;0,07087398;0,07603878;0,1313186;0,1908118;0,2439991;0,3920863;0,4005613;0,2917202;0,2445879;0,2346897;0,1964717;0,3578739;0,4309106;0,4662509;0,3715925;0,6130977;0,5627551;0,6287379;0,7891717;0,8359842;0,7329235;0,9124675;0,7314186;0,8662763;0,8221302;
