ELISA

[ p ;  tableau9 ; breaker: 0,5 ] --> 0,2808107 0,6389261 1,035483 1,385526 2,391268 2,750395 2,994196 3,34523 3,636765 
[ b ;  tableau9 ; breaker: 0,5 ] --> 0,2808107 0,6682098 1,030365 1,346209 2,292054 2,677253 2,916333 3,204812 3,543713 
[ e ;  tableau9 ; breaker: 0,5 ] --> 0 0,0292837 0,005118132 0,03931701 0,09921408 0,0731411 0,07786369 0,1404188 0,09305215 
Absolute Error Mean: 0,06193429

[ p ;  tableau9 ; breaker: 0,5 ] --> 0,2808107 0,6389261 1,035483 1,385526 2,391268 2,750395 2,994196 3,34523 3,636765 
[ b ;  tableau9 ; breaker: 0,5 ] --> 0,2808107 0,6231809 0,9611024 1,276178 2,047399 2,432132 2,649966 3,038479 3,398908 
[ e ;  tableau9 ; breaker: 0,5 ] --> 0 0,01574516 0,07438076 0,1093476 0,3438687 0,3182631 0,3442307 0,3067513 0,2378564 
Absolute Error Mean: 0,1944937

[ p ;  tableau9 ; breaker: 0,5 ] --> 0,2808107 0,6389261 1,035483 1,385526 2,391268 2,750395 2,994196 3,34523 3,636765 
[ b ;  tableau9 ; breaker: 0,5 ] --> 0,2808107 0,6956528 1,034142 1,395404 2,170111 2,582529 2,821989 3,185213 3,451053 
[ e ;  tableau9 ; breaker: 0,5 ] --> 0 0,05672675 0,001341462 0,009878159 0,2211571 0,1678658 0,1722078 0,1600175 0,1857114 
Absolute Error Mean: 0,1083229

[ p ;  tableau9 ; breaker: 0,5 ] --> 0,2808107 0,6389261 1,035483 1,385526 2,391268 2,750395 2,994196 3,34523 3,636765 
[ b ;  tableau9 ; breaker: 0,5 ] --> 0,2808107 0,6916444 1,054766 1,438128 2,327686 2,716125 2,958005 3,323951 3,610812 
[ e ;  tableau9 ; breaker: 0,5 ] --> 0 0,05271834 0,01928282 0,05260229 0,06358147 0,03426957 0,03619146 0,02127957 0,02595305 
Absolute Error Mean: 0,03398651

[ p ;  tableau9 ; breaker: 0,5 ] --> 0,2808107 0,6389261 1,035483 1,385526 2,391268 2,750395 2,994196 3,34523 3,636765 
[ b ;  tableau9 ; breaker: 0,5 ] --> 0,2808107 0,6665931 1,024843 1,383026 2,147321 2,528031 2,771556 3,158217 3,402438 
[ e ;  tableau9 ; breaker: 0,5 ] --> 0 0,02766705 0,01064038 0,002499938 0,2439466 0,2223639 0,22264 0,1870136 0,2343271 
Absolute Error Mean: 0,1278998

[ p ;  tableau9 ; breaker: 0,5 ] --> 0,2808107 0,6389261 1,035483 1,385526 2,391268 2,750395 2,994196 3,34523 3,636765 
[ b ;  tableau9 ; breaker: 0,5 ] --> 0,2808107 0,6426374 0,9996542 1,365885 2,089121 2,427622 2,671771 3,036437 3,280107 
[ e ;  tableau9 ; breaker: 0,5 ] --> 0 0,003711283 0,03582889 0,01964092 0,3021467 0,3227727 0,3224254 0,3087935 0,3566575 
Absolute Error Mean: 0,1857752

[ p ;  tableau9 ; breaker: 0,5 ] --> 0,2808107 0,6389261 1,035483 1,385526 2,391268 2,750395 2,994196 3,34523 3,636765 
[ b ;  tableau9 ; breaker: 0,5 ] --> 0,2808107 0,6872739 1,051417 1,411003 2,154843 2,561904 2,804209 3,140616 3,497478 
[ e ;  tableau9 ; breaker: 0,5 ] --> 0 0,04834777 0,01593363 0,02547693 0,2364244 0,1884909 0,1899872 0,2046144 0,1392865 
Absolute Error Mean: 0,1165069

[ p ;  tableau9 ; breaker: 0,5 ] --> 0,2808107 0,6389261 1,035483 1,385526 2,391268 2,750395 2,994196 3,34523 3,636765 
[ b ;  tableau9 ; breaker: 0,5 ] --> 0,2808107 0,6647777 1,075522 1,465896 2,357311 2,765352 2,982802 3,391147 3,896152 
[ e ;  tableau9 ; breaker: 0,5 ] --> 0 0,02585161 0,04003859 0,08036995 0,03395629 0,01495767 0,01139402 0,0459168 0,2593868 
Absolute Error Mean: 0,05687463

[ p ;  tableau9 ; breaker: 0,5 ] --> 0,2808107 0,6389261 1,035483 1,385526 2,391268 2,750395 2,994196 3,34523 3,636765 
[ b ;  tableau9 ; breaker: 0,5 ] --> 0,2808107 0,6209425 0,9810688 1,32285 2,166446 2,55372 2,768649 3,156054 3,565497 
[ e ;  tableau9 ; breaker: 0,5 ] --> 0 0,01798356 0,05441433 0,06267607 0,2248213 0,1966741 0,2255473 0,1891761 0,07126737 
Absolute Error Mean: 0,11584

[ p ;  tableau9 ; breaker: 0,5 ] --> 0,2808107 0,6389261 1,035483 1,385526 2,391268 2,750395 2,994196 3,34523 3,636765 
[ b ;  tableau9 ; breaker: 0,5 ] --> 0,2808107 0,6652874 1,050416 1,43244 2,367362 2,775073 3,016124 3,450344 3,83792 
[ e ;  tableau9 ; breaker: 0,5 ] --> 0 0,02636135 0,01493323 0,04691398 0,02390599 0,02467871 0,02192807 0,1051137 0,2011557 
Absolute Error Mean: 0,05166564

[ p ;  tableau9 ; breaker: 0,5 ] --> 0,2808107 0,6389261 1,035483 1,385526 2,391268 2,750395 2,994196 3,34523 3,636765 
[ b ;  tableau9 ; breaker: 0,5 ] --> 0,2808107 0,6427471 1,007677 1,394335 2,430435 2,786625 3,029488 3,460735 4,008773 
[ e ;  tableau9 ; breaker: 0,5 ] --> 0 0,003821015 0,02780581 0,008809209 0,03916693 0,03623009 0,03529191 0,1155047 0,3720086 
Absolute Error Mean: 0,07095981

[ p ;  tableau9 ; breaker: 0,5 ] --> 0,2808107 0,6389261 1,035483 1,385526 2,391268 2,750395 2,994196 3,34523 3,636765 
[ b ;  tableau9 ; breaker: 0,5 ] --> 0,2808107 0,6678967 1,052688 1,420666 2,341877 2,731118 3,021198 3,435421 3,893752 
[ e ;  tableau9 ; breaker: 0,5 ] --> 0 0,0289706 0,01720452 0,03513968 0,04939103 0,01927662 0,02700138 0,09019041 0,2569869 
Absolute Error Mean: 0,05824012

[ p ;  tableau9 ; breaker: 0,5 ] --> 0,2808107 0,6389261 1,035483 1,385526 2,391268 2,750395 2,994196 3,34523 3,636765 
[ b ;  tableau9 ; breaker: 0,5 ] --> 0,2808107 0,6961217 1,134528 1,51847 2,309977 2,750899 2,967994 3,408531 3,92141 
[ e ;  tableau9 ; breaker: 0,5 ] --> 0 0,0571956 0,09904456 0,1329446 0,08129072 0,0005047321 0,02620244 0,06330085 0,2846456 
Absolute Error Mean: 0,08279212

[ p ;  tableau9 ; breaker: 0,5 ] --> 0,2808107 0,6389261 1,035483 1,385526 2,391268 2,750395 2,994196 3,34523 3,636765 
[ b ;  tableau9 ; breaker: 0,5 ] --> 0,2808107 0,6948221 1,056742 1,446171 2,27177 2,660414 2,899673 3,329653 3,716933 
[ e ;  tableau9 ; breaker: 0,5 ] --> 0 0,05589598 0,02125919 0,06064546 0,1194983 0,08998084 0,09452319 0,01557755 0,08016825 
Absolute Error Mean: 0,05972764

[ p ;  tableau9 ; breaker: 0,5 ] --> 0,2808107 0,6389261 1,035483 1,385526 2,391268 2,750395 2,994196 3,34523 3,636765 
[ b ;  tableau9 ; breaker: 0,5 ] --> 0,2808107 0,6937979 1,08025 1,466916 2,212931 2,597228 2,838886 3,200458 3,512171 
[ e ;  tableau9 ; breaker: 0,5 ] --> 0 0,0548718 0,04476702 0,0813899 0,1783371 0,1531668 0,1553102 0,1447721 0,1245942 
Absolute Error Mean: 0,1041343

[ p ;  tableau9 ; breaker: 0,5 ] --> 0,2808107 0,6389261 1,035483 1,385526 2,391268 2,750395 2,994196 3,34523 3,636765 
[ b ;  tableau9 ; breaker: 0,5 ] --> 0,2808107 0,648131 1,012027 1,395713 2,216308 2,646633 2,887871 3,27707 3,711936 
[ e ;  tableau9 ; breaker: 0,5 ] --> 0 0,009204865 0,0234561 0,01018715 0,1749594 0,1037612 0,1063251 0,06816006 0,07517123 
Absolute Error Mean: 0,06346946

[ p ;  tableau9 ; breaker: 0,5 ] --> 0,2808107 0,6389261 1,035483 1,385526 2,391268 2,750395 2,994196 3,34523 3,636765 
[ b ;  tableau9 ; breaker: 0,5 ] --> 0,2808107 0,6652119 1,023415 1,388424 2,166095 2,552374 2,815078 3,249768 3,514412 
[ e ;  tableau9 ; breaker: 0,5 ] --> 0 0,02628577 0,01206839 0,002897739 0,225173 0,1980205 0,1791189 0,0954628 0,1223528 
Absolute Error Mean: 0,09570888

[ p ;  tableau9 ; breaker: 0,5 ] --> 0,2808107 0,6389261 1,035483 1,385526 2,391268 2,750395 2,994196 3,34523 3,636765 
[ b ;  tableau9 ; breaker: 0,5 ] --> 0,2808107 0,6650215 1,049194 1,43856 2,231965 2,620818 3,274493 3,686194 4,000854 
[ e ;  tableau9 ; breaker: 0,5 ] --> 0 0,02609545 0,01371121 0,05303371 0,1593027 0,1295764 0,2802963 0,3409641 0,3640897 
Absolute Error Mean: 0,1518966

[ p ;  tableau9 ; breaker: 0,5 ] --> 0,2808107 0,6389261 1,035483 1,385526 2,391268 2,750395 2,994196 3,34523 3,636765 
[ b ;  tableau9 ; breaker: 0,5 ] --> 0,2808107 0,6676457 1,062063 1,279629 1,448132 2,633782 2,975154 3,266082 3,604111 
[ e ;  tableau9 ; breaker: 0,5 ] --> 0 0,0287196 0,02657938 0,1058972 0,9431357 0,1166129 0,01904225 0,07914853 0,03265357 
Absolute Error Mean: 0,1501988

[ p ;  tableau9 ; breaker: 0,5 ] --> 0,2808107 0,6389261 1,035483 1,385526 2,391268 2,750395 2,994196 3,34523 3,636765 
[ b ;  tableau9 ; breaker: 0,5 ] --> 0,2808107 0,6693855 1,079813 1,491504 2,196391 2,606976 2,845755 3,237735 3,551132 
[ e ;  tableau9 ; breaker: 0,5 ] --> 0 0,0304594 0,04433 0,1059784 0,1948769 0,143419 0,1484413 0,1074955 0,08563304 
Absolute Error Mean: 0,09562596

[ p ;  tableau9 ; breaker: 0,5 ] --> 0,2808107 0,6389261 1,035483 1,385526 2,391268 2,750395 2,994196 3,34523 3,636765 
[ s ;  tableau9 ; breaker: 0,5 ] --> 0,2808107 0,7482268 1,114552 1,504804 2,13958 2,476591 2,764836 3,081294 3,326355 
[ e ;  tableau9 ; breaker: 0,5 ] --> 0 0,1093007 0,07906854 0,1192784 0,251688 0,2738039 0,2293603 0,2639365 0,3104098 
Absolute Error Mean: 0,1818718

[ p ;  tableau9 ; breaker: 0,5 ] --> 0,2808107 0,6389261 1,035483 1,385526 2,391268 2,750395 2,994196 3,34523 3,636765 
[ s ;  tableau9 ; breaker: 0,5 ] --> 0,2808107 0,7142441 1,072103 1,441141 2,015855 2,308168 2,580607 2,874899 3,162864 
[ e ;  tableau9 ; breaker: 0,5 ] --> 0 0,07531798 0,03662002 0,05561519 0,3754129 0,4422266 0,4135892 0,470331 0,473901 
Absolute Error Mean: 0,2603349

[ p ;  tableau9 ; breaker: 0,5 ] --> 0,2808107 0,6389261 1,035483 1,385526 2,391268 2,750395 2,994196 3,34523 3,636765 
[ s ;  tableau9 ; breaker: 0,5 ] --> 0,2808107 0,743598 1,129058 1,421947 2,032536 2,353527 2,646304 2,98858 3,257681 
[ e ;  tableau9 ; breaker: 0,5 ] --> 0 0,1046719 0,0935744 0,03642154 0,3587317 0,3968678 0,3478925 0,3566508 0,3790841 
Absolute Error Mean: 0,2304327

[ p ;  tableau9 ; breaker: 0,5 ] --> 0,2808107 0,6389261 1,035483 1,385526 2,391268 2,750395 2,994196 3,34523 3,636765 
[ s ;  tableau9 ; breaker: 0,5 ] --> 0,2808107 0,7894302 1,222763 1,587497 2,169202 2,555161 2,870718 3,210623 3,500824 
[ e ;  tableau9 ; breaker: 0,5 ] --> 0 0,1505041 0,1872795 0,2019712 0,2220659 0,1952336 0,1234787 0,1346076 0,135941 
Absolute Error Mean: 0,1501202

[ p ;  tableau9 ; breaker: 0,5 ] --> 0,2808107 0,6389261 1,035483 1,385526 2,391268 2,750395 2,994196 3,34523 3,636765 
[ s ;  tableau9 ; breaker: 0,5 ] --> 0,2808107 1,010037 1,380571 1,721592 2,280038 2,645741 2,915148 3,202787 3,468982 
[ e ;  tableau9 ; breaker: 0,5 ] --> 0 0,3711112 0,3450875 0,3360658 0,1112299 0,1046538 0,07904887 0,1424434 0,167783 
Absolute Error Mean: 0,1841582

[ p ;  tableau9 ; breaker: 0,5 ] --> 0,2808107 0,6389261 1,035483 1,385526 2,391268 2,750395 2,994196 3,34523 3,636765 
[ s ;  tableau9 ; breaker: 0,5 ] --> 0,2808107 0,7194853 1,085629 1,376585 1,939349 2,300808 2,589711 2,879546 3,196711 
[ e ;  tableau9 ; breaker: 0,5 ] --> 0 0,08055919 0,05014539 0,008940339 0,451919 0,4495869 0,404485 0,4656839 0,4400535 
Absolute Error Mean: 0,2612637

[ p ;  tableau9 ; breaker: 0,5 ] --> 0,2808107 0,6389261 1,035483 1,385526 2,391268 2,750395 2,994196 3,34523 3,636765 
[ s ;  tableau9 ; breaker: 0,5 ] --> 0,2808107 0,8323019 1,194001 1,577046 2,24194 2,628818 2,919161 3,18749 3,497689 
[ e ;  tableau9 ; breaker: 0,5 ] --> 0 0,1933758 0,1585183 0,1915206 0,1493282 0,1215763 0,07503557 0,1577399 0,1390762 
Absolute Error Mean: 0,1317968

[ p ;  tableau9 ; breaker: 0,5 ] --> 0,2808107 0,6389261 1,035483 1,385526 2,391268 2,750395 2,994196 3,34523 3,636765 
[ s ;  tableau9 ; breaker: 0,5 ] --> 0,2808107 0,8134116 1,126384 1,437464 2,089413 2,403098 2,693328 3,032893 3,353964 
[ e ;  tableau9 ; breaker: 0,5 ] --> 0 0,1744855 0,09090137 0,0519383 0,3018544 0,3472967 0,3008685 0,3123374 0,2828012 
Absolute Error Mean: 0,2069426

[ p ;  tableau9 ; breaker: 0,5 ] --> 0,2808107 0,6389261 1,035483 1,385526 2,391268 2,750395 2,994196 3,34523 3,636765 
[ s ;  tableau9 ; breaker: 0,5 ] --> 0,2808107 0,9106592 1,299087 1,683867 2,38185 2,720804 3,032112 3,349021 3,662493 
[ e ;  tableau9 ; breaker: 0,5 ] --> 0 0,2717331 0,2636037 0,2983407 0,009418249 0,02959013 0,03791571 0,003791094 0,02572775 
Absolute Error Mean: 0,1044578

[ p ;  tableau9 ; breaker: 0,5 ] --> 0,2808107 0,6389261 1,035483 1,385526 2,391268 2,750395 2,994196 3,34523 3,636765 
[ s ;  tableau9 ; breaker: 0,5 ] --> 0,2808107 0,8585749 1,295503 1,705066 2,435892 2,748263 3,019259 3,28238 3,572433 
[ e ;  tableau9 ; breaker: 0,5 ] --> 0 0,2196488 0,2600194 0,3195406 0,04462457 0,002131939 0,02506256 0,06285 0,06433201 
Absolute Error Mean: 0,1109122

[ p ;  tableau9 ; breaker: 0,5 ] --> 0,2808107 0,6389261 1,035483 1,385526 2,391268 2,750395 2,994196 3,34523 3,636765 
[ s ;  tableau9 ; breaker: 0,5 ] --> 0,2808107 0,9841607 1,301369 1,738713 2,400773 2,693012 2,96215 3,18414 3,501394 
[ e ;  tableau9 ; breaker: 0,5 ] --> 0 0,3452346 0,2658862 0,3531874 0,009504795 0,05738282 0,03204608 0,1610899 0,135371 
Absolute Error Mean: 0,1510781

[ p ;  tableau9 ; breaker: 0,5 ] --> 0,2808107 0,6389261 1,035483 1,385526 2,391268 2,750395 2,994196 3,34523 3,636765 
[ s ;  tableau9 ; breaker: 0,5 ] --> 0,2808107 0,9326244 1,319014 1,709572 2,367622 2,681596 2,947692 3,187842 3,458057 
[ e ;  tableau9 ; breaker: 0,5 ] --> 0 0,2936983 0,2835305 0,3240463 0,02364588 0,0687983 0,0465045 0,1573887 0,1787076 
Absolute Error Mean: 0,1529244

[ p ;  tableau9 ; breaker: 0,5 ] --> 0,2808107 0,6389261 1,035483 1,385526 2,391268 2,750395 2,994196 3,34523 3,636765 
[ s ;  tableau9 ; breaker: 0,5 ] --> 0,2808107 0,9556658 1,290817 1,697354 2,397719 2,659997 2,998414 3,239487 3,55497 
[ e ;  tableau9 ; breaker: 0,5 ] --> 0 0,3167397 0,2553344 0,3118283 0,006451368 0,09039783 0,004217386 0,1057429 0,08179498 
Absolute Error Mean: 0,1302785

[ p ;  tableau9 ; breaker: 0,5 ] --> 0,2808107 0,6389261 1,035483 1,385526 2,391268 2,750395 2,994196 3,34523 3,636765 
[ s ;  tableau9 ; breaker: 0,5 ] --> 0,2808107 1,055588 1,391549 1,825595 2,546967 2,79106 3,061647 3,329955 3,600756 
[ e ;  tableau9 ; breaker: 0,5 ] --> 0 0,4166619 0,3560655 0,4400687 0,1556988 0,04066515 0,06745052 0,015275 0,0360086 
Absolute Error Mean: 0,169766

[ p ;  tableau9 ; breaker: 0,5 ] --> 0,2808107 0,6389261 1,035483 1,385526 2,391268 2,750395 2,994196 3,34523 3,636765 
[ s ;  tableau9 ; breaker: 0,5 ] --> 0,2808107 0,9775041 1,412717 1,841928 2,466173 2,765114 3,035071 3,325779 3,641494 
[ e ;  tableau9 ; breaker: 0,5 ] --> 0 0,338578 0,3772341 0,4564017 0,07490492 0,01471925 0,04087424 0,01945138 0,004729033 
Absolute Error Mean: 0,1474325

[ p ;  tableau9 ; breaker: 0,5 ] --> 0,2808107 0,6389261 1,035483 1,385526 2,391268 2,750395 2,994196 3,34523 3,636765 
[ s ;  tableau9 ; breaker: 0,5 ] --> 0,2808107 0,9481445 1,399559 1,757728 2,334531 2,626154 2,916779 3,207413 3,448409 
[ e ;  tableau9 ; breaker: 0,5 ] --> 0 0,3092184 0,3640758 0,372202 0,05673671 0,1242409 0,07741785 0,1378176 0,1883562 
Absolute Error Mean: 0,1811184

[ p ;  tableau9 ; breaker: 0,5 ] --> 0,2808107 0,6389261 1,035483 1,385526 2,391268 2,750395 2,994196 3,34523 3,636765 
[ s ;  tableau9 ; breaker: 0,5 ] --> 0,2808107 0,912677 1,324847 1,687283 2,365106 2,683124 2,950732 3,216877 3,460805 
[ e ;  tableau9 ; breaker: 0,5 ] --> 0 0,2737509 0,2893637 0,3017576 0,02616215 0,06727028 0,0434649 0,1283529 0,1759601 
Absolute Error Mean: 0,1451203

[ p ;  tableau9 ; breaker: 0,5 ] --> 0,2808107 0,6389261 1,035483 1,385526 2,391268 2,750395 2,994196 3,34523 3,636765 
[ s ;  tableau9 ; breaker: 0,5 ] --> 0,2808107 1,063682 1,552761 1,918664 2,669569 2,95828 3,221565 3,484927 3,75285 
[ e ;  tableau9 ; breaker: 0,5 ] --> 0 0,4247561 0,5172778 0,5331386 0,2783008 0,2078857 0,2273686 0,1396964 0,1160848 
Absolute Error Mean: 0,2716121

[ p ;  tableau9 ; breaker: 0,5 ] --> 0,2808107 0,6389261 1,035483 1,385526 2,391268 2,750395 2,994196 3,34523 3,636765 
[ s ;  tableau9 ; breaker: 0,5 ] --> 0,2808107 0,9823425 1,34561 1,684527 2,280165 2,572362 2,8176 3,136301 3,376774 
[ e ;  tableau9 ; breaker: 0,5 ] --> 0 0,3434165 0,3101269 0,2990013 0,1111031 0,1780326 0,1765969 0,2089298 0,2599907 
Absolute Error Mean: 0,2096886

[ p ;  tableau9 ; breaker: 0,5 ] --> 0,2808107 0,6389261 1,035483 1,385526 2,391268 2,750395 2,994196 3,34523 3,636765 
[ s ;  tableau9 ; breaker: 0,5 ] --> 0,2808107 0,9259872 1,31269 1,677252 2,282424 2,570558 2,789055 3,005095 3,720859 
[ e ;  tableau9 ; breaker: 0,5 ] --> 0 0,2870612 0,2772064 0,2917261 0,108844 0,1798365 0,2051418 0,3401353 0,08409452 
Absolute Error Mean: 0,1971162

[ p ;  tableau9 ; breaker: 0,5 ] --> 0,2808107 0,6389261 1,035483 1,385526 2,391268 2,750395 2,994196 3,34523 3,636765 
[ b ;  tableau9 ; breaker: 0,5 ] --> 0,2808107 0,9193969 1,379924 1,796496 2,64861 2,962378 3,209811 3,432979 3,721218 
[ e ;  tableau9 ; breaker: 0,5 ] --> 0 0,2804708 0,3444405 0,4109697 0,2573426 0,2119837 0,2156146 0,087749 0,08445334 
Absolute Error Mean: 0,210336
[ b ;  tableau9 ; breaker: 0,5 ] --> 0,2808107 0,9193969 1,379924 1,796496 2,64861 2,962378 3,209811 3,432979 3,721218 5,130445 5,788612 6,22937 6,620801 7,234858 7,553283 7,819894 8,03885 8,280416 
[ e ;  tableau9 ; breaker: 0,5 ] --> 0 0,2804708 0,3444405 0,4109697 0,2573426 0,2119837 0,2156146 0,087749 0,08445334 5,130445 5,508142 5,884929 6,209832 6,977515 7,3413 7,60428 7,951101 8,195963 
Absolute Error Mean: 6,755945
[ b ;  tableau9 ; breaker: 0,5 ] --> 0,2808107 0,9193969 1,379924 1,796496 2,64861 2,962378 3,209811 3,432979 3,721218 5,130445 5,788612 6,22937 6,620801 7,234858 7,553283 7,819894 8,03885 8,280416 4,784359 5,417631 5,829114 6,235067 6,811654 7,077998 7,32055 7,563177 7,81592 
[ e ;  tableau9 ; breaker: 0,5 ] --> 0 0,2804708 0,3444405 0,4109697 0,2573426 0,2119837 0,2156146 0,087749 0,08445334 5,130445 5,508142 5,884929 6,209832 6,977515 7,3413 7,60428 7,951101 8,195963 0,346086 0,09051085 0,05581522 0,02523518 0,1658616 0,2633014 0,2837291 0,3879242 0,3800426 
Absolute Error Mean: 0,2220562
[ b ;  tableau9 ; breaker: 0,5 ] --> 0,2808107 0,9193969 1,379924 1,796496 2,64861 2,962378 3,209811 3,432979 3,721218 5,130445 5,788612 6,22937 6,620801 7,234858 7,553283 7,819894 8,03885 8,280416 4,784359 5,417631 5,829114 6,235067 6,811654 7,077998 7,32055 7,563177 7,81592 5,058424 5,551882 5,943743 6,359553 6,984088 7,323849 7,568297 8,057375 8,354395 
[ e ;  tableau9 ; breaker: 0,5 ] --> 0 0,2804708 0,3444405 0,4109697 0,2573426 0,2119837 0,2156146 0,087749 0,08445334 5,130445 5,508142 5,884929 6,209832 6,977515 7,3413 7,60428 7,951101 8,195963 0,346086 0,09051085 0,05581522 0,02523518 0,1658616 0,2633014 0,2837291 0,3879242 0,3800426 4,712337 5,461371 5,887928 6,334318 6,818226 7,060548 7,284568 7,669451 7,974352 
Absolute Error Mean: 6,578122
[ b ;  tableau9 ; breaker: 0,5 ] --> 0,2808107 0,9193969 1,379924 1,796496 2,64861 2,962378 3,209811 3,432979 3,721218 5,130445 5,788612 6,22937 6,620801 7,234858 7,553283 7,819894 8,03885 8,280416 4,784359 5,417631 5,829114 6,235067 6,811654 7,077998 7,32055 7,563177 7,81592 5,058424 5,551882 5,943743 6,359553 6,984088 7,323849 7,568297 8,057375 8,354395 4,925684 5,342392 5,754441 6,072102 6,65687 6,972466 7,238109 7,528794 7,84772 
[ e ;  tableau9 ; breaker: 0,5 ] --> 0 0,2804708 0,3444405 0,4109697 0,2573426 0,2119837 0,2156146 0,087749 0,08445334 5,130445 5,508142 5,884929 6,209832 6,977515 7,3413 7,60428 7,951101 8,195963 0,346086 0,09051085 0,05581522 0,02523518 0,1658616 0,2633014 0,2837291 0,3879242 0,3800426 4,712337 5,461371 5,887928 6,334318 6,818226 7,060548 7,284568 7,669451 7,974352 0,2133465 0,1189795 0,1334867 0,2622166 0,1613564 0,08808136 0,0464592 0,1406569 0,1266327 
Absolute Error Mean: 0,1434684
