
NEW RESULT

[ p ;  jungle4 ; breaker: 1,0 ] --> 0,2 0,5 0,76 1,37 
[ b ;  jungle4 ; breaker: 1,0 ] --> 0,2 0,5418517 0,9783306 1,451217 
[ e ;  jungle4 ; breaker: 1,0 ] --> 0 0,0418517 0,2183306 0,08121669 
Absolute Error Mean: 0,08534974

[ p ;  jungle4 ; breaker: 1,0 ] --> 0,2 0,5 0,76 1,37 
[ s ;  jungle4 ; breaker: 1,0 ] --> 0,2 0,5718175 0,903506 1,50456 2,997451 4,533194 4,906821 5,445573 
[ e ;  jungle4 ; breaker: 1,0 ] --> 0 0,07181746 0,1435061 0,1345598 
Absolute Error Mean: 0,08747081

[ p ;  jungle8 ; breaker: 1,0 ] --> 0,2 0,5 0,76 1,37 1,93 2,24 2,72 2,93 
[ b ;  jungle8 ; breaker: 1,0 ] --> 0,2 0,5413071 0,8021204 1,268703 1,814025 2,065039 2,285084 2,829968 
[ e ;  jungle8 ; breaker: 1,0 ] --> 0 0,04130709 0,04212046 0,1012968 0,1159751 0,1749606 0,4349163 0,1000321 
Absolute Error Mean: 0,1263261

[ p ;  jungle8 ; breaker: 1,0 ] --> 0,2 0,5 0,76 1,37 1,93 2,24 2,72 2,93 
[ s ;  jungle8 ; breaker: 1,0 ] --> 0,2 0,5714135 0,8827173 1,446967 2,046813 2,413055 2,692473 2,939297 
[ e ;  jungle8 ; breaker: 1,0 ] --> 0 0,07141346 0,1227173 0,07696688 0,1168128 0,1730547 0,02752733 0,009296656 
Absolute Error Mean: 0,07472364

[ p ;  jungle16 ; breaker: 1,0 ] --> 0,2 0,5 0,76 1,37 1,93 2,24 2,72 2,93 3,2 3,51 3,78 4,08 4,57 4,9 5,19 5,3 
[ b ;  jungle16 ; breaker: 1,0 ] --> 0,2 0,5848842 0,8939953 1,546378 2,079182 2,45878 2,733176 3,013015 3,540895 3,869524 4,233357 4,517546 4,856273 5,204918 5,565788 5,741399 
[ e ;  jungle16 ; breaker: 1,0 ] --> 0 0,08488423 0,1339953 0,1763777 0,1491824 0,2187798 0,01317573 0,08301497 0,3408949 0,3595245 0,4533575 0,4375463 0,2862725 0,3049178 0,3757877 0,4413991 
Absolute Error Mean: 0,2411944

[ p ;  jungle16 ; breaker: 1,0 ] --> 0,2 0,5 0,76 1,37 1,93 2,24 2,72 2,93 3,2 3,51 3,78 4,08 4,57 4,9 5,19 5,3 
[ s ;  jungle16 ; breaker: 1,0 ] --> 0,2 0,5571048 0,8949181 1,473451 2,041307 2,342127 2,656632 2,862914 3,284176 3,535855 3,859029 4,156053 4,464692 4,728341 4,898358 5,043853 
[ e ;  jungle16 ; breaker: 1,0 ] --> 0 0,05710483 0,1349181 0,1034511 0,111307 0,1021266 0,06336808 0,06708598 0,08417559 0,02585506 0,07902884 0,07605314 0,1053085 0,171659 0,2916417 0,2561474 
Absolute Error Mean: 0,1080769

[ p ;  jungle26 ; breaker: 1,0 ] --> 0,2 0,5 0,76 1,37 1,93 2,24 2,72 2,93 3,2 3,51 3,78 4,08 4,57 4,9 5,19 5,3 5,92 6,1 6,37 6,76 7,09 7,24 7,7 7,8 8,24 8,5 
[ b ;  jungle26 ; breaker: 1,0 ] --> 0,2 0,4482355 0,7408538 1,274497 1,814515 2,155162 2,463687 2,693037 2,829023 3,301397 3,635772 3,992143 4,275137 4,556919 4,821615 5,076256 5,336179 5,885573 6,191405 6,503875 6,800025 7,34028 7,597641 7,798057 8,338342 8,660218 9,072904 
[ e ;  jungle26 ; breaker: 1,0 ] --> 0 0,05176449 0,01914614 0,09550273 0,1154851 0,08483815 0,2563126 0,236963 0,3709769 0,2086027 0,1442277 0,08785725 0,2948627 0,343081 0,3683853 0,2237444 0,5838213 0,214427 0,1785951 0,256125 0,2899747 0,1002798 0,1023593 0,001943588 0,09834194 0,1602182 
Absolute Error Mean: 0,1879937

[ p ;  jungle26 ; breaker: 1,0 ] --> 0,2 0,5 0,76 1,37 1,93 2,24 2,72 2,93 3,2 3,51 3,78 4,08 4,57 4,9 5,19 5,3 5,92 6,1 6,37 6,76 7,09 7,24 7,7 7,8 8,24 8,5 
[ s ;  jungle26 ; breaker: 1,0 ] --> 0,2 0,5130858 0,8482728 1,48888 2,058184 2,399691 2,682099 2,902386 3,320943 3,554552 3,881033 4,163241 4,497022 4,73117 4,980356 5,084702 5,500518 5,767645 6,071281 6,366073 6,601301 6,877077 7,150273 7,410276 7,653984 
[ e ;  jungle26 ; breaker: 1,0 ] --> 0 0,01308578 0,08827281 0,11888 0,1281844 0,1596911 0,03790069 0,02761412 0,1209426 0,04455161 0,1010332 0,08324099 0,0729785 0,1688299 0,2096443 0,2152987 0,4194822 0,3323545 0,2987189 0,3939271 0,488699 0,3629227 0,5497265 0,3897238 0,5860162 
Absolute Error Mean: 0,5350662

[ p ;  jungle4 ; breaker: 1,0 ] --> 0,2 0,5 0,76 1,37 1,93 2,24 2,72 2,93 3,2 3,51 3,78 4,08 4,57 4,9 5,19 5,3 5,92 6,1 6,37 6,76 7,09 7,24 7,7 7,8 8,24 8,5 
