Polpii

[ p ;  tableau9 ; breaker: 0,5 ] --> 0,2808107 0,6389261 1,035483 1,385526 2,391268 2,750395 2,994196 3,34523 3,636765 
[ b ;  tableau9 ; breaker: 0,5 ] --> 0,2808107 0,6428888 1,016358 1,406578 2,427972 2,839238 3,007849 3,370887 3,731564 
[ e ;  tableau9 ; breaker: 0,5 ] --> 0 0,003962696 0,01912498 0,02105224 0,03670382 0,08884335 0,01365304 0,02565622 0,09479928 
Absolute Error Mean: 0,03375507

[ p ;  tableau9 ; breaker: 0,5 ] --> 0,2808107 0,6389261 1,035483 1,385526 2,391268 2,750395 2,994196 3,34523 3,636765 
[ b ;  tableau9 ; breaker: 0,5 ] --> 0,2808107 0,6378205 0,9727408 1,328033 2,511143 2,895126 3,062475 3,421391 3,733964 
[ e ;  tableau9 ; breaker: 0,5 ] --> 0 0,001105607 0,06274235 0,05749285 0,1198754 0,144731 0,06827879 0,07616091 0,0971992 
Absolute Error Mean: 0,0697318

[ p ;  tableau9 ; breaker: 0,5 ] --> 0,2808107 0,6389261 1,035483 1,385526 2,391268 2,750395 2,994196 3,34523 3,636765 
[ b ;  tableau9 ; breaker: 0,5 ] --> 0,2808107 0,6196293 0,9796173 1,316579 2,337051 2,724584 2,889935 3,250062 3,559839 
[ e ;  tableau9 ; breaker: 0,5 ] --> 0 0,01929682 0,05586582 0,06894696 0,0542171 0,02581096 0,1042619 0,09516883 0,07692599 
Absolute Error Mean: 0,05561049

[ p ;  tableau9 ; breaker: 0,5 ] --> 0,2808107 0,6389261 1,035483 1,385526 2,391268 2,750395 2,994196 3,34523 3,636765 
[ b ;  tableau9 ; breaker: 0,5 ] --> 0,2808107 0,6457412 0,9862251 1,323156 2,363883 2,773438 2,942646 3,280293 3,592242 
[ e ;  tableau9 ; breaker: 0,5 ] --> 0 0,006815076 0,04925799 0,06236982 0,02738452 0,02304316 0,05155015 0,06493735 0,04452276 
Absolute Error Mean: 0,03665343

[ p ;  tableau9 ; breaker: 0,5 ] --> 0,2808107 0,6389261 1,035483 1,385526 2,391268 2,750395 2,994196 3,34523 3,636765 
[ b ;  tableau9 ; breaker: 0,5 ] --> 0,2808107 0,6452909 1,008036 1,322013 2,467509 2,857351 3,052634 3,367294 3,706661 
[ e ;  tableau9 ; breaker: 0,5 ] --> 0 0,006364822 0,02744722 0,06351316 0,07624149 0,1069567 0,05843711 0,02206326 0,06989574 
Absolute Error Mean: 0,04787995

[ p ;  tableau9 ; breaker: 0,5 ] --> 0,2808107 0,6389261 1,035483 1,385526 2,391268 2,750395 2,994196 3,34523 3,636765 
[ b ;  tableau9 ; breaker: 0,5 ] --> 0,2808107 0,6485505 0,9598119 1,299344 2,363631 2,750555 2,944946 3,307745 3,624464 
[ e ;  tableau9 ; breaker: 0,5 ] --> 0 0,009624422 0,0756712 0,0861814 0,02763653 0,0001606941 0,0492506 0,03748512 0,01230049 
Absolute Error Mean: 0,03314561

[ p ;  tableau9 ; breaker: 0,5 ] --> 0,2808107 0,6389261 1,035483 1,385526 2,391268 2,750395 2,994196 3,34523 3,636765 
[ b ;  tableau9 ; breaker: 0,5 ] --> 0,2808107 0,6430226 1,005526 1,344882 2,434072 2,817117 2,985763 3,351888 3,691852 
[ e ;  tableau9 ; breaker: 0,5 ] --> 0 0,004096508 0,0299567 0,04064417 0,04280472 0,06672215 0,00843358 0,006658077 0,05508757 
Absolute Error Mean: 0,02826705

[ p ;  tableau9 ; breaker: 0,5 ] --> 0,2808107 0,6389261 1,035483 1,385526 2,391268 2,750395 2,994196 3,34523 3,636765 
[ b ;  tableau9 ; breaker: 0,5 ] --> 0,2808107 0,6427673 1,005589 1,38944 2,47682 2,863435 3,032221 3,414995 3,730198 
[ e ;  tableau9 ; breaker: 0,5 ] --> 0 0,003841162 0,02989423 0,003914475 0,08555174 0,1130407 0,03802419 0,06976485 0,09343338 
Absolute Error Mean: 0,04860719

[ p ;  tableau9 ; breaker: 0,5 ] --> 0,2808107 0,6389261 1,035483 1,385526 2,391268 2,750395 2,994196 3,34523 3,636765 
[ b ;  tableau9 ; breaker: 0,5 ] --> 0,2808107 0,6428169 0,9802921 1,321539 2,36997 2,730014 2,922212 3,304999 3,638805 
[ e ;  tableau9 ; breaker: 0,5 ] --> 0 0,003890812 0,05519104 0,06398702 0,02129817 0,02038074 0,07198477 0,04023147 0,002040625 
Absolute Error Mean: 0,03100052

[ p ;  tableau9 ; breaker: 0,5 ] --> 0,2808107 0,6389261 1,035483 1,385526 2,391268 2,750395 2,994196 3,34523 3,636765 
[ b ;  tableau9 ; breaker: 0,5 ] --> 0,2808107 0,6463329 0,9847177 1,323968 2,46218 2,851143 3,024274 3,41475 3,73441 
[ e ;  tableau9 ; breaker: 0,5 ] --> 0 0,007406771 0,0507654 0,06155777 0,0709126 0,1007481 0,03007793 0,06952 0,09764504 
Absolute Error Mean: 0,05429262

[ p ;  tableau9 ; breaker: 0,5 ] --> 0,2808107 0,6389261 1,035483 1,385526 2,391268 2,750395 2,994196 3,34523 3,636765 
[ b ;  tableau9 ; breaker: 0,5 ] --> 0,2808107 0,6504625 0,9913322 1,330922 2,34828 2,709703 3,293635 3,588356 3,905307 
[ e ;  tableau9 ; breaker: 0,5 ] --> 0 0,01153642 0,04415095 0,05460405 0,04298782 0,04069185 0,2994385 0,2431259 0,2685423 
Absolute Error Mean: 0,1116753

[ p ;  tableau9 ; breaker: 0,5 ] --> 0,2808107 0,6389261 1,035483 1,385526 2,391268 2,750395 2,994196 3,34523 3,636765 
[ b ;  tableau9 ; breaker: 0,5 ] --> 0,2808107 0,6231205 0,9602285 1,319839 2,372569 2,729981 2,921381 3,278329 3,58875 
[ e ;  tableau9 ; breaker: 0,5 ] --> 0 0,01580554 0,07525462 0,0656867 0,01869893 0,0204134 0,07281494 0,06690145 0,04801512 
Absolute Error Mean: 0,04262119

[ p ;  tableau9 ; breaker: 0,5 ] --> 0,2808107 0,6389261 1,035483 1,385526 2,391268 2,750395 2,994196 3,34523 3,636765 
[ b ;  tableau9 ; breaker: 0,5 ] --> 0,2808107 0,6214158 0,9597974 1,301957 2,400501 2,787395 2,980612 3,34637 3,687551 
[ e ;  tableau9 ; breaker: 0,5 ] --> 0 0,01751029 0,07568568 0,08356917 0,009233475 0,03700018 0,01358438 0,001139402 0,0507865 
Absolute Error Mean: 0,03205656

[ p ;  tableau9 ; breaker: 0,5 ] --> 0,2808107 0,6389261 1,035483 1,385526 2,391268 2,750395 2,994196 3,34523 3,636765 
[ b ;  tableau9 ; breaker: 0,5 ] --> 0,2808107 0,6214071 0,9635074 1,329372 2,399335 2,763208 2,956632 3,347117 3,664444 
[ e ;  tableau9 ; breaker: 0,5 ] --> 0 0,017519 0,07197577 0,05615425 0,008067608 0,01281309 0,03756475 0,001886368 0,02767897 
Absolute Error Mean: 0,0259622

[ p ;  tableau9 ; breaker: 0,5 ] --> 0,2808107 0,6389261 1,035483 1,385526 2,391268 2,750395 2,994196 3,34523 3,636765 
[ b ;  tableau9 ; breaker: 0,5 ] --> 0,2808107 0,6228881 0,9852915 1,326647 2,39844 2,764854 2,980834 3,342803 3,658952 
[ e ;  tableau9 ; breaker: 0,5 ] --> 0 0,01603794 0,05019158 0,0588789 0,007172346 0,01445913 0,01336265 0,002426863 0,02218676 
Absolute Error Mean: 0,02052402

[ p ;  tableau9 ; breaker: 0,5 ] --> 0,2808107 0,6389261 1,035483 1,385526 2,391268 2,750395 2,994196 3,34523 3,636765 
[ b ;  tableau9 ; breaker: 0,5 ] --> 0,2808107 0,5958003 0,9362327 1,32495 2,535258 2,895476 3,090208 3,480819 3,838997 
[ e ;  tableau9 ; breaker: 0,5 ] --> 0 0,04312575 0,09925038 0,06057596 0,14399 0,145081 0,09601188 0,1355886 0,2022319 
Absolute Error Mean: 0,1028728

[ p ;  tableau9 ; breaker: 0,5 ] --> 0,2808107 0,6389261 1,035483 1,385526 2,391268 2,750395 2,994196 3,34523 3,636765 
[ b ;  tableau9 ; breaker: 0,5 ] --> 0,2808107 0,648886 1,034606 1,446232 2,536275 2,947218 3,142509 3,527878 3,867213 
[ e ;  tableau9 ; breaker: 0,5 ] --> 0 0,009959877 0,0008766651 0,0607065 0,1450074 0,1968234 0,1483121 0,1826475 0,2304478 
Absolute Error Mean: 0,108309

[ p ;  tableau9 ; breaker: 0,5 ] --> 0,2808107 0,6389261 1,035483 1,385526 2,391268 2,750395 2,994196 3,34523 3,636765 
[ b ;  tableau9 ; breaker: 0,5 ] --> 0,2808107 0,6461204 1,010303 1,370964 2,619709 3,007921 3,203902 3,564211 3,900293 
[ e ;  tableau9 ; breaker: 0,5 ] --> 0 0,00719434 0,02518034 0,01456153 0,2284415 0,2575269 0,2097051 0,2189806 0,2635279 
Absolute Error Mean: 0,1361242

[ p ;  tableau9 ; breaker: 0,5 ] --> 0,2808107 0,6389261 1,035483 1,385526 2,391268 2,750395 2,994196 3,34523 3,636765 
[ b ;  tableau9 ; breaker: 0,5 ] --> 0,2808107 0,644999 1,011961 1,374936 2,53739 2,946224 3,164891 3,550068 3,910065 
[ e ;  tableau9 ; breaker: 0,5 ] --> 0 0,006072938 0,02352166 0,01058996 0,1461222 0,1958294 0,1706941 0,2048376 0,2733002 
Absolute Error Mean: 0,114552

[ p ;  tableau9 ; breaker: 0,5 ] --> 0,2808107 0,6389261 1,035483 1,385526 2,391268 2,750395 2,994196 3,34523 3,636765 
[ b ;  tableau9 ; breaker: 0,5 ] --> 0,2808107 0,6437851 1,007163 1,394174 2,502668 2,915536 3,110121 3,497034 3,861546 
[ e ;  tableau9 ; breaker: 0,5 ] --> 0 0,004858971 0,02831995 0,008648515 0,1113999 0,1651411 0,1159248 0,151804 0,2247815 
Absolute Error Mean: 0,09009764

[ p ;  tableau9 ; breaker: 0,5 ] --> 0,2808107 0,6389261 1,035483 1,385526 2,391268 2,750395 2,994196 3,34523 3,636765 
[ s ;  tableau9 ; breaker: 0,5 ] --> 0,2808107 0,6183171 1,007855 1,392886 2,086389 2,47198 2,689142 3,003011 3,246264 
[ e ;  tableau9 ; breaker: 0,5 ] --> 0 0,02060896 0,02762806 0,007359982 0,3048792 0,2784145 0,3050542 0,3422191 0,3905005 
Absolute Error Mean: 0,1862961

[ p ;  tableau9 ; breaker: 0,5 ] --> 0,2808107 0,6389261 1,035483 1,385526 2,391268 2,750395 2,994196 3,34523 3,636765 
[ s ;  tableau9 ; breaker: 0,5 ] --> 0,2808107 0,6175756 0,9782996 1,34276 1,986534 2,373212 2,591407 2,951108 3,193192 
[ e ;  tableau9 ; breaker: 0,5 ] --> 0 0,02135044 0,05718356 0,04276562 0,4047337 0,3771822 0,4027898 0,3941221 0,4435728 
Absolute Error Mean: 0,2381889

[ p ;  tableau9 ; breaker: 0,5 ] --> 0,2808107 0,6389261 1,035483 1,385526 2,391268 2,750395 2,994196 3,34523 3,636765 
[ s ;  tableau9 ; breaker: 0,5 ] --> 0,2808107 0,6636208 1,027776 1,466323 2,06696 2,447422 2,662633 3,030646 3,273855 
[ e ;  tableau9 ; breaker: 0,5 ] --> 0 0,02469468 0,007706761 0,08079708 0,3243079 0,302973 0,3315637 0,314584 0,3629098 
Absolute Error Mean: 0,194393

[ p ;  tableau9 ; breaker: 0,5 ] --> 0,2808107 0,6389261 1,035483 1,385526 2,391268 2,750395 2,994196 3,34523 3,636765 
[ s ;  tableau9 ; breaker: 0,5 ] --> 0,2808107 0,6462789 1,016078 1,381274 2,038108 2,45036 2,692106 3,079962 3,331999 
[ e ;  tableau9 ; breaker: 0,5 ] --> 0 0,007352829 0,01940501 0,004251719 0,3531599 0,3000348 0,3020899 0,2652681 0,3047655 
Absolute Error Mean: 0,1729253

[ p ;  tableau9 ; breaker: 0,5 ] --> 0,2808107 0,6389261 1,035483 1,385526 2,391268 2,750395 2,994196 3,34523 3,636765 
[ s ;  tableau9 ; breaker: 0,5 ] --> 0,2808107 0,6451046 1,031138 1,495697 2,1569 2,571261 2,79285 3,183576 3,457016 
[ e ;  tableau9 ; breaker: 0,5 ] --> 0 0,006178498 0,004345298 0,1101708 0,2343676 0,1791332 0,2013469 0,161654 0,1797493 
Absolute Error Mean: 0,1196606

[ p ;  tableau9 ; breaker: 0,5 ] --> 0,2808107 0,6389261 1,035483 1,385526 2,391268 2,750395 2,994196 3,34523 3,636765 
[ s ;  tableau9 ; breaker: 0,5 ] --> 0,2808107 0,6513516 1,066226 1,482077 2,140491 2,527414 2,770305 3,135948 3,402049 
[ e ;  tableau9 ; breaker: 0,5 ] --> 0 0,01242548 0,030743 0,09655082 0,2507768 0,2229803 0,2238917 0,2092826 0,2347159 
Absolute Error Mean: 0,1423741

[ p ;  tableau9 ; breaker: 0,5 ] --> 0,2808107 0,6389261 1,035483 1,385526 2,391268 2,750395 2,994196 3,34523 3,636765 
[ s ;  tableau9 ; breaker: 0,5 ] --> 0,2808107 0,6696653 1,039887 1,480377 2,183907 2,591372 2,834232 3,224484 3,464466 
[ e ;  tableau9 ; breaker: 0,5 ] --> 0 0,03073919 0,00440371 0,09485161 0,2073612 0,1590226 0,1599648 0,1207459 0,1722991 
Absolute Error Mean: 0,1054876

[ p ;  tableau9 ; breaker: 0,5 ] --> 0,2808107 0,6389261 1,035483 1,385526 2,391268 2,750395 2,994196 3,34523 3,636765 
[ s ;  tableau9 ; breaker: 0,5 ] --> 0,2808107 0,6694931 1,080533 1,51322 2,157765 2,587915 2,826456 3,235245 3,474586 
[ e ;  tableau9 ; breaker: 0,5 ] --> 0 0,03056705 0,04504979 0,1276945 0,2335029 0,1624796 0,1677408 0,1099858 0,1621792 
Absolute Error Mean: 0,1154666

[ p ;  tableau9 ; breaker: 0,5 ] --> 0,2808107 0,6389261 1,035483 1,385526 2,391268 2,750395 2,994196 3,34523 3,636765 
[ s ;  tableau9 ; breaker: 0,5 ] --> 0,2808107 0,6935787 1,129122 1,59585 2,208016 2,615575 2,879385 3,220626 3,487604 
[ e ;  tableau9 ; breaker: 0,5 ] --> 0 0,05465257 0,09363902 0,2103242 0,1832521 0,1348193 0,1148109 0,1246042 0,1491609 
Absolute Error Mean: 0,1183626

[ p ;  tableau9 ; breaker: 0,5 ] --> 0,2808107 0,6389261 1,035483 1,385526 2,391268 2,750395 2,994196 3,34523 3,636765 
[ s ;  tableau9 ; breaker: 0,5 ] --> 0,2808107 0,6947514 1,154502 1,611869 2,218877 2,631983 2,853982 3,24341 3,511913 
[ e ;  tableau9 ; breaker: 0,5 ] --> 0 0,05582535 0,1190187 0,226343 0,1723912 0,1184115 0,140214 0,1018207 0,1248515 
Absolute Error Mean: 0,1176529

[ p ;  tableau9 ; breaker: 0,5 ] --> 0,2808107 0,6389261 1,035483 1,385526 2,391268 2,750395 2,994196 3,34523 3,636765 
[ s ;  tableau9 ; breaker: 0,5 ] --> 0,2808107 0,6697708 1,060851 1,475071 2,181916 2,568289 2,789343 3,128062 3,344229 
[ e ;  tableau9 ; breaker: 0,5 ] --> 0 0,03084469 0,0253675 0,08954489 0,2093515 0,1821053 0,2048531 0,2171686 0,2925363 
Absolute Error Mean: 0,1390858

[ p ;  tableau9 ; breaker: 0,5 ] --> 0,2808107 0,6389261 1,035483 1,385526 2,391268 2,750395 2,994196 3,34523 3,636765 
[ s ;  tableau9 ; breaker: 0,5 ] --> 0,2808107 0,6795421 1,064979 1,481298 2,112431 2,517598 2,760389 3,099272 3,342317 
[ e ;  tableau9 ; breaker: 0,5 ] --> 0 0,04061604 0,02949595 0,09577179 0,278837 0,2327967 0,2338078 0,2459588 0,2944474 
Absolute Error Mean: 0,1613035

[ p ;  tableau9 ; breaker: 0,5 ] --> 0,2808107 0,6389261 1,035483 1,385526 2,391268 2,750395 2,994196 3,34523 3,636765 
[ s ;  tableau9 ; breaker: 0,5 ] --> 0,2808107 0,7406844 1,146053 1,605738 2,236131 2,667573 2,859524 3,223399 3,443826 
[ e ;  tableau9 ; breaker: 0,5 ] --> 0 0,1017584 0,1105697 0,2202119 0,1551368 0,08282185 0,1346726 0,1218309 0,1929383 
Absolute Error Mean: 0,1244378

[ p ;  tableau9 ; breaker: 0,5 ] --> 0,2808107 0,6389261 1,035483 1,385526 2,391268 2,750395 2,994196 3,34523 3,636765 
[ s ;  tableau9 ; breaker: 0,5 ] --> 0,2808107 0,6942849 1,033254 1,442452 2,047271 2,431549 2,627491 2,992052 3,208926 
[ e ;  tableau9 ; breaker: 0,5 ] --> 0 0,05535883 0,002228856 0,05692625 0,3439965 0,3188457 0,3667057 0,3531783 0,4278386 
Absolute Error Mean: 0,2138976

[ p ;  tableau9 ; breaker: 0,5 ] --> 0,2808107 0,6389261 1,035483 1,385526 2,391268 2,750395 2,994196 3,34523 3,636765 
[ s ;  tableau9 ; breaker: 0,5 ] --> 0,2808107 0,6458705 1,034615 1,448772 2,087238 2,476293 2,678633 3,067377 3,290354 
[ e ;  tableau9 ; breaker: 0,5 ] --> 0 0,006944418 0,0008685589 0,06324625 0,3040295 0,2741017 0,315563 0,2778537 0,3464108 
Absolute Error Mean: 0,1765575

[ p ;  tableau9 ; breaker: 0,5 ] --> 0,2808107 0,6389261 1,035483 1,385526 2,391268 2,750395 2,994196 3,34523 3,636765 
[ s ;  tableau9 ; breaker: 0,5 ] --> 0,2808107 0,6716321 1,082598 1,548339 2,158551 2,593118 2,786492 3,173893 3,366882 
[ e ;  tableau9 ; breaker: 0,5 ] --> 0 0,03270596 0,04711461 0,1628131 0,232717 0,1572762 0,2077041 0,1713369 0,2698827 
Absolute Error Mean: 0,1423945

[ p ;  tableau9 ; breaker: 0,5 ] --> 0,2808107 0,6389261 1,035483 1,385526 2,391268 2,750395 2,994196 3,34523 3,636765 
[ s ;  tableau9 ; breaker: 0,5 ] --> 0,2808107 0,6918699 1,106959 1,518022 2,130498 2,540562 2,758078 3,143288 3,360342 
[ e ;  tableau9 ; breaker: 0,5 ] --> 0 0,05294377 0,07147539 0,1324961 0,2607701 0,2098324 0,2361181 0,2019427 0,2764227 
Absolute Error Mean: 0,1602224

[ p ;  tableau9 ; breaker: 0,5 ] --> 0,2808107 0,6389261 1,035483 1,385526 2,391268 2,750395 2,994196 3,34523 3,636765 
[ s ;  tableau9 ; breaker: 0,5 ] --> 0,2808107 0,6951724 1,108605 1,521346 2,101283 2,491528 2,710967 3,074762 3,290535 
[ e ;  tableau9 ; breaker: 0,5 ] --> 0 0,05624634 0,07312202 0,1358205 0,2899845 0,258867 0,2832298 0,270468 0,34623 
Absolute Error Mean: 0,1904409

[ p ;  tableau9 ; breaker: 0,5 ] --> 0,2808107 0,6389261 1,035483 1,385526 2,391268 2,750395 2,994196 3,34523 3,636765 
[ s ;  tableau9 ; breaker: 0,5 ] --> 0,2808107 0,6906499 1,126848 1,540097 2,144899 2,559745 2,779649 3,170173 3,363935 
[ e ;  tableau9 ; breaker: 0,5 ] --> 0 0,05172378 0,09136534 0,1545715 0,2463691 0,1906493 0,2145472 0,1750574 0,2728295 
Absolute Error Mean: 0,1552348

[ p ;  tableau9 ; breaker: 0,5 ] --> 0,2808107 0,6389261 1,035483 1,385526 2,391268 2,750395 2,994196 3,34523 3,636765 
[ s ;  tableau9 ; breaker: 0,5 ] --> 0,2808107 0,7435948 1,132908 1,544731 2,151157 2,560504 2,780165 3,170768 3,389906 
[ e ;  tableau9 ; breaker: 0,5 ] --> 0 0,1046687 0,09742463 0,1592056 0,2401109 0,1898909 0,214031 0,1744628 0,2468584 
Absolute Error Mean: 0,158517

[ p ;  tableau9 ; breaker: 0,5 ] --> 0,2808107 0,6389261 1,035483 1,385526 2,391268 2,750395 2,994196 3,34523 3,636765 
