
NEW RESULT
NEW RESULT

[ p ;  tableau9 ; breaker: 0,5 ] --> 0,2808107 0,6389261 1,035483 1,385526 2,391268 2,750395 2,994196 3,34523 3,636765 
[ b ;  tableau9 ; breaker: 0,5 ] --> 0,2808107 0,6134943 0,9459965 1,279727 2,379486 2,746099 2,980873 3,312601 3,645827 
[ e ;  tableau9 ; breaker: 0,5 ] --> 0 0,02543181 0,0894866 0,1057992 0,01178169 0,004295349 0,01332307 0,03262925 0,009062529 
Absolute Error Mean: 0,03242328

[ p ;  tableau9 ; breaker: 0,5 ] --> 0,2808107 0,6389261 1,035483 1,385526 2,391268 2,750395 2,994196 3,34523 3,636765 
[ b ;  tableau9 ; breaker: 0,5 ] --> 0,2808107 0,580306 0,9136397 1,247296 2,180707 2,580188 2,784236 3,079938 3,414461 
[ e ;  tableau9 ; breaker: 0,5 ] --> 0 0,0586201 0,1218434 0,1382295 0,2105613 0,1702068 0,20996 0,2652922 0,2223039 
Absolute Error Mean: 0,1552241

[ p ;  tableau9 ; breaker: 0,5 ] --> 0,2808107 0,6389261 1,035483 1,385526 2,391268 2,750395 2,994196 3,34523 3,636765 
[ b ;  tableau9 ; breaker: 0,5 ] --> 0,2808107 0,6151937 0,9814129 1,347774 2,314031 2,71433 2,916812 3,24776 3,614214 
[ e ;  tableau9 ; breaker: 0,5 ] --> 0 0,02373236 0,05407017 0,03775191 0,07723665 0,03606486 0,07738423 0,09747076 0,02255106 
Absolute Error Mean: 0,04736245

[ p ;  tableau9 ; breaker: 0,5 ] --> 0,2808107 0,6389261 1,035483 1,385526 2,391268 2,750395 2,994196 3,34523 3,636765 
[ b ;  tableau9 ; breaker: 0,5 ] --> 0,2808107 0,650579 0,9476582 1,280827 2,248296 2,647307 2,78219 3,147978 3,513802 
[ e ;  tableau9 ; breaker: 0,5 ] --> 0 0,01165295 0,08782488 0,1046984 0,1429718 0,1030874 0,2120061 0,197252 0,1229627 
Absolute Error Mean: 0,1091618

[ p ;  tableau9 ; breaker: 0,5 ] --> 0,2808107 0,6389261 1,035483 1,385526 2,391268 2,750395 2,994196 3,34523 3,636765 
[ b ;  tableau9 ; breaker: 0,5 ] --> 0,2808107 0,6132917 0,9138672 1,28003 2,380603 2,813375 2,9836 3,313577 3,679881 
[ e ;  tableau9 ; breaker: 0,5 ] --> 0 0,02563441 0,1216159 0,1054956 0,01066446 0,06298065 0,01059675 0,0316534 0,04311585 
Absolute Error Mean: 0,04575078

[ p ;  tableau9 ; breaker: 0,5 ] --> 0,2808107 0,6389261 1,035483 1,385526 2,391268 2,750395 2,994196 3,34523 3,636765 
[ b ;  tableau9 ; breaker: 0,5 ] --> 0,2808107 0,5806502 0,9141995 1,280511 2,346881 2,747347 2,949399 3,313991 3,647821 
[ e ;  tableau9 ; breaker: 0,5 ] --> 0 0,05827594 0,1212836 0,1050153 0,04438686 0,003047228 0,04479718 0,03123951 0,01105618 
Absolute Error Mean: 0,04656686

[ p ;  tableau9 ; breaker: 0,5 ] --> 0,2808107 0,6389261 1,035483 1,385526 2,391268 2,750395 2,994196 3,34523 3,636765 
[ b ;  tableau9 ; breaker: 0,5 ] --> 0,2808107 0,6137952 0,9467159 1,31337 2,480719 2,880304 3,049471 3,413899 3,780236 
[ e ;  tableau9 ; breaker: 0,5 ] --> 0 0,02513093 0,08876723 0,07215559 0,08945155 0,129909 0,05527425 0,06866837 0,1434708 
Absolute Error Mean: 0,07475863

[ p ;  tableau9 ; breaker: 0,5 ] --> 0,2808107 0,6389261 1,035483 1,385526 2,391268 2,750395 2,994196 3,34523 3,636765 
[ b ;  tableau9 ; breaker: 0,5 ] --> 0,2808107 0,6457721 0,946227 1,312833 2,445911 2,879857 3,048446 3,41292 3,746258 
[ e ;  tableau9 ; breaker: 0,5 ] --> 0 0,006846011 0,08925617 0,07269263 0,05464292 0,1294625 0,05424976 0,06768942 0,1094935 
Absolute Error Mean: 0,06492588

[ p ;  tableau9 ; breaker: 0,5 ] --> 0,2808107 0,6389261 1,035483 1,385526 2,391268 2,750395 2,994196 3,34523 3,636765 
[ b ;  tableau9 ; breaker: 0,5 ] --> 0,2808107 0,6135288 0,9804263 1,346856 2,313092 2,779493 2,948693 3,313008 3,679334 
[ e ;  tableau9 ; breaker: 0,5 ] --> 0 0,0253973 0,05505681 0,03866935 0,07817578 0,02909875 0,04550362 0,03222275 0,0425694 
Absolute Error Mean: 0,03852153

[ p ;  tableau9 ; breaker: 0,5 ] --> 0,2808107 0,6389261 1,035483 1,385526 2,391268 2,750395 2,994196 3,34523 3,636765 
[ b ;  tableau9 ; breaker: 0,5 ] --> 0,2808107 0,6137877 1,013957 1,413914 2,547198 2,980864 3,1531 3,513985 3,847339 
[ e ;  tableau9 ; breaker: 0,5 ] --> 0 0,02513844 0,02152646 0,02838778 0,1559305 0,230469 0,1589041 0,1687548 0,2105744 
Absolute Error Mean: 0,1110762

[ p ;  tableau9 ; breaker: 0,5 ] --> 0,2808107 0,6389261 1,035483 1,385526 2,391268 2,750395 2,994196 3,34523 3,636765 
[ b ;  tableau9 ; breaker: 0,5 ] --> 0,2808107 0,6139599 0,9475048 1,347354 2,347696 2,780892 2,949571 3,314828 3,647835 
[ e ;  tableau9 ; breaker: 0,5 ] --> 0 0,02496618 0,08797836 0,03817213 0,04357219 0,03049707 0,04462528 0,03040195 0,01107049 
Absolute Error Mean: 0,03458707

[ p ;  tableau9 ; breaker: 0,5 ] --> 0,2808107 0,6389261 1,035483 1,385526 2,391268 2,750395 2,994196 3,34523 3,636765 
[ b ;  tableau9 ; breaker: 0,5 ] --> 0,2808107 0,6142249 0,947547 1,247964 2,247518 2,680799 2,783703 3,147411 3,515083 
[ e ;  tableau9 ; breaker: 0,5 ] --> 0 0,02470118 0,08793616 0,1375618 0,1437495 0,0695951 0,2104936 0,1978195 0,1216817 
Absolute Error Mean: 0,1103932

[ p ;  tableau9 ; breaker: 0,5 ] --> 0,2808107 0,6389261 1,035483 1,385526 2,391268 2,750395 2,994196 3,34523 3,636765 
[ b ;  tableau9 ; breaker: 0,5 ] --> 0,2808107 0,6139389 0,9146878 1,280434 2,314229 2,680721 2,849129 3,181355 3,513964 
[ e ;  tableau9 ; breaker: 0,5 ] --> 0 0,02498716 0,1207954 0,105092 0,07703876 0,06967378 0,1450675 0,1638756 0,1228004 
Absolute Error Mean: 0,09214783

[ p ;  tableau9 ; breaker: 0,5 ] --> 0,2808107 0,6389261 1,035483 1,385526 2,391268 2,750395 2,994196 3,34523 3,636765 
[ b ;  tableau9 ; breaker: 0,5 ] --> 0,2808107 0,580496 0,9131175 1,314361 2,379853 2,780457 2,883436 3,246671 3,579937 
[ e ;  tableau9 ; breaker: 0,5 ] --> 0 0,05843014 0,1223656 0,0711652 0,01141524 0,03006244 0,1107605 0,0985589 0,05682778 
Absolute Error Mean: 0,06217619

[ p ;  tableau9 ; breaker: 0,5 ] --> 0,2808107 0,6389261 1,035483 1,385526 2,391268 2,750395 2,994196 3,34523 3,636765 
[ b ;  tableau9 ; breaker: 0,5 ] --> 0,2808107 0,6146874 0,9147544 1,347289 2,348574 2,748414 2,916945 3,281272 3,614702 
[ e ;  tableau9 ; breaker: 0,5 ] --> 0 0,02423871 0,1207287 0,03823709 0,04269385 0,001980782 0,07725191 0,06395793 0,02206254 
Absolute Error Mean: 0,04346128

[ p ;  tableau9 ; breaker: 0,5 ] --> 0,2808107 0,6389261 1,035483 1,385526 2,391268 2,750395 2,994196 3,34523 3,636765 
[ b ;  tableau9 ; breaker: 0,5 ] --> 0,2808107 0,6474203 1,014856 1,380925 2,514009 2,914254 3,114366 3,447477 3,780755 
[ e ;  tableau9 ; breaker: 0,5 ] --> 0 0,008494258 0,02062738 0,00460124 0,1227407 0,1638594 0,1201692 0,1022468 0,14399 
Absolute Error Mean: 0,07630321

[ p ;  tableau9 ; breaker: 0,5 ] --> 0,2808107 0,6389261 1,035483 1,385526 2,391268 2,750395 2,994196 3,34523 3,636765 
[ b ;  tableau9 ; breaker: 0,5 ] --> 0,2808107 0,6140494 0,9472145 1,313892 2,347278 2,780439 3,017643 3,314167 3,647 
[ e ;  tableau9 ; breaker: 0,5 ] --> 0 0,02487671 0,08826864 0,07163393 0,04398942 0,03004456 0,02344656 0,03106308 0,01023531 
Absolute Error Mean: 0,03595091

[ p ;  tableau9 ; breaker: 0,5 ] --> 0,2808107 0,6389261 1,035483 1,385526 2,391268 2,750395 2,994196 3,34523 3,636765 
[ b ;  tableau9 ; breaker: 0,5 ] --> 0,2808107 0,6140007 0,9472516 1,314263 2,347533 2,714214 2,947496 3,280668 3,581109 
[ e ;  tableau9 ; breaker: 0,5 ] --> 0 0,02492535 0,0882315 0,07126331 0,04373455 0,03618073 0,0467 0,06456256 0,05565572 
Absolute Error Mean: 0,04791708

[ p ;  tableau9 ; breaker: 0,5 ] --> 0,2808107 0,6389261 1,035483 1,385526 2,391268 2,750395 2,994196 3,34523 3,636765 
[ b ;  tableau9 ; breaker: 0,5 ] --> 0,2808107 0,6120973 0,9461249 1,279004 2,212179 2,646929 2,814422 3,112355 3,4124 
[ e ;  tableau9 ; breaker: 0,5 ] --> 0 0,02682883 0,08935827 0,106522 0,1790888 0,103466 0,1797745 0,2328758 0,2243648 
Absolute Error Mean: 0,1269199

[ p ;  tableau9 ; breaker: 0,5 ] --> 0,2808107 0,6389261 1,035483 1,385526 2,391268 2,750395 2,994196 3,34523 3,636765 
[ b ;  tableau9 ; breaker: 0,5 ] --> 0,2808107 0,5815128 0,914845 1,248681 2,114802 2,515352 2,683164 2,98188 3,31547 
[ e ;  tableau9 ; breaker: 0,5 ] --> 0 0,05741328 0,1206381 0,136845 0,2764661 0,2350426 0,3110323 0,3633502 0,3212943 
Absolute Error Mean: 0,2024535

[ p ;  tableau9 ; breaker: 0,5 ] --> 0,2808107 0,6389261 1,035483 1,385526 2,391268 2,750395 2,994196 3,34523 3,636765 
[ s ;  tableau9 ; breaker: 0,5 ] --> 0,2808107 0,5808468 0,9478552 1,380656 2,247694 2,664368 2,914877 3,230865 3,514077 
[ e ;  tableau9 ; breaker: 0,5 ] --> 0 0,0580793 0,08762789 0,004869342 0,1435742 0,08602643 0,07931948 0,1143656 0,1226873 
Absolute Error Mean: 0,0773944

[ p ;  tableau9 ; breaker: 0,5 ] --> 0,2808107 0,6389261 1,035483 1,385526 2,391268 2,750395 2,994196 3,34523 3,636765 
[ s ;  tableau9 ; breaker: 0,5 ] --> 0,2808107 0,5972107 0,9139035 1,265462 2,031213 2,464422 2,697359 3,014008 3,297346 
[ e ;  tableau9 ; breaker: 0,5 ] --> 0 0,04171538 0,1215796 0,120064 0,3600552 0,2859731 0,2968371 0,3312228 0,3394184 
Absolute Error Mean: 0,2107628

[ p ;  tableau9 ; breaker: 0,5 ] --> 0,2808107 0,6389261 1,035483 1,385526 2,391268 2,750395 2,994196 3,34523 3,636765 
[ s ;  tableau9 ; breaker: 0,5 ] --> 0,2808107 0,647447 1,014481 1,380752 2,197317 2,614469 2,8649 3,180705 3,481251 
[ e ;  tableau9 ; breaker: 0,5 ] --> 0 0,008520901 0,02100241 0,004773855 0,1939504 0,1359258 0,1292961 0,164525 0,1555135 
Absolute Error Mean: 0,09038977

[ p ;  tableau9 ; breaker: 0,5 ] --> 0,2808107 0,6389261 1,035483 1,385526 2,391268 2,750395 2,994196 3,34523 3,636765 
[ s ;  tableau9 ; breaker: 0,5 ] --> 0,2808107 0,6153773 0,9641707 1,364504 2,181632 2,581796 2,814385 3,131946 3,430728 
[ e ;  tableau9 ; breaker: 0,5 ] --> 0 0,02354878 0,07131243 0,02102208 0,2096355 0,1685989 0,1798115 0,2132845 0,2060366 
Absolute Error Mean: 0,1214723

[ p ;  tableau9 ; breaker: 0,5 ] --> 0,2808107 0,6389261 1,035483 1,385526 2,391268 2,750395 2,994196 3,34523 3,636765 
[ s ;  tableau9 ; breaker: 0,5 ] --> 0,2808107 0,5973569 0,9639479 1,331108 2,21406 2,597724 2,814253 3,131703 3,431041 
[ e ;  tableau9 ; breaker: 0,5 ] --> 0 0,04156917 0,07153523 0,05441737 0,1772082 0,1526706 0,1799436 0,2135277 0,2057242 
Absolute Error Mean: 0,121844

[ p ;  tableau9 ; breaker: 0,5 ] --> 0,2808107 0,6389261 1,035483 1,385526 2,391268 2,750395 2,994196 3,34523 3,636765 
[ s ;  tableau9 ; breaker: 0,5 ] --> 0,2808107 0,6470896 1,013634 1,430715 2,348296 2,763939 2,997122 3,363861 3,663727 
[ e ;  tableau9 ; breaker: 0,5 ] --> 0 0,008163512 0,02184927 0,04518962 0,04297137 0,01354408 0,002925396 0,0186305 0,02696204 
Absolute Error Mean: 0,0200262

[ p ;  tableau9 ; breaker: 0,5 ] --> 0,2808107 0,6389261 1,035483 1,385526 2,391268 2,750395 2,994196 3,34523 3,636765 
[ s ;  tableau9 ; breaker: 0,5 ] --> 0,2808107 0,6809775 1,047576 1,381142 2,3312 2,747878 2,997705 3,347443 3,63075 
[ e ;  tableau9 ; breaker: 0,5 ] --> 0 0,04205137 0,01209295 0,00438416 0,06006765 0,002516508 0,003508806 0,002212524 0,006014347 
Absolute Error Mean: 0,01476092

[ p ;  tableau9 ; breaker: 0,5 ] --> 0,2808107 0,6389261 1,035483 1,385526 2,391268 2,750395 2,994196 3,34523 3,636765 
[ s ;  tableau9 ; breaker: 0,5 ] --> 0,2808107 0,6639231 1,097034 1,463955 2,397134 2,797271 3,063985 3,430535 3,697417 
[ e ;  tableau9 ; breaker: 0,5 ] --> 0 0,024997 0,06155109 0,07842958 0,005866289 0,04687619 0,06978869 0,08530426 0,06065249 
Absolute Error Mean: 0,04816284

[ p ;  tableau9 ; breaker: 0,5 ] --> 0,2808107 0,6389261 1,035483 1,385526 2,391268 2,750395 2,994196 3,34523 3,636765 
[ s ;  tableau9 ; breaker: 0,5 ] --> 0,2808107 0,5976844 1,014289 1,531474 2,430568 2,864294 3,147436 3,530668 3,78104 
[ e ;  tableau9 ; breaker: 0,5 ] --> 0 0,04124171 0,02119362 0,1459485 0,03930068 0,1138997 0,15324 0,1854379 0,1442754 
Absolute Error Mean: 0,09383751

[ p ;  tableau9 ; breaker: 0,5 ] --> 0,2808107 0,6389261 1,035483 1,385526 2,391268 2,750395 2,994196 3,34523 3,636765 
[ s ;  tableau9 ; breaker: 0,5 ] --> 0,2808107 0,6478618 1,047703 1,497391 2,347156 2,813601 3,047545 3,497556 3,746871 
[ e ;  tableau9 ; breaker: 0,5 ] --> 0 0,00893575 0,01221943 0,1118654 0,04411173 0,06320643 0,05334902 0,1523259 0,110106 
Absolute Error Mean: 0,06179107

[ p ;  tableau9 ; breaker: 0,5 ] --> 0,2808107 0,6389261 1,035483 1,385526 2,391268 2,750395 2,994196 3,34523 3,636765 
[ s ;  tableau9 ; breaker: 0,5 ] --> 0,2808107 0,6155263 1,014643 1,414919 2,281021 2,714868 2,947862 3,298033 3,58071 
[ e ;  tableau9 ; breaker: 0,5 ] --> 0 0,02339983 0,02084041 0,02939355 0,1102469 0,03552628 0,04633451 0,04719734 0,05605435 
Absolute Error Mean: 0,04099924

[ p ;  tableau9 ; breaker: 0,5 ] --> 0,2808107 0,6389261 1,035483 1,385526 2,391268 2,750395 2,994196 3,34523 3,636765 
[ s ;  tableau9 ; breaker: 0,5 ] --> 0,2808107 0,5965126 0,9807259 1,363394 2,229902 2,663181 2,897041 3,246513 3,54672 
[ e ;  tableau9 ; breaker: 0,5 ] --> 0 0,04241347 0,05475724 0,02213168 0,161366 0,08721399 0,09715509 0,09871769 0,09004474 
Absolute Error Mean: 0,07264443

[ p ;  tableau9 ; breaker: 0,5 ] --> 0,2808107 0,6389261 1,035483 1,385526 2,391268 2,750395 2,994196 3,34523 3,636765 
[ s ;  tableau9 ; breaker: 0,5 ] --> 0,2808107 0,5967416 0,8966893 1,346627 2,163266 2,596454 2,830661 3,196798 3,430045 
[ e ;  tableau9 ; breaker: 0,5 ] --> 0 0,04218447 0,1387938 0,0388993 0,2280014 0,1539404 0,1635354 0,1484323 0,2067194 
Absolute Error Mean: 0,1245007

[ p ;  tableau9 ; breaker: 0,5 ] --> 0,2808107 0,6389261 1,035483 1,385526 2,391268 2,750395 2,994196 3,34523 3,636765 
[ s ;  tableau9 ; breaker: 0,5 ] --> 0,2808107 0,5638458 1,013268 1,413905 2,196705 2,629883 2,863809 3,263958 3,513829 
[ e ;  tableau9 ; breaker: 0,5 ] --> 0 0,07508028 0,02221489 0,02837896 0,1945632 0,1205118 0,1303878 0,08127284 0,1229355 
Absolute Error Mean: 0,08614947

[ p ;  tableau9 ; breaker: 0,5 ] --> 0,2808107 0,6389261 1,035483 1,385526 2,391268 2,750395 2,994196 3,34523 3,636765 
[ s ;  tableau9 ; breaker: 0,5 ] --> 0,2808107 0,6306568 1,046819 1,463439 2,547169 2,963592 3,18095 3,613849 3,863622 
[ e ;  tableau9 ; breaker: 0,5 ] --> 0 0,00826925 0,01133549 0,07791328 0,1559017 0,213197 0,1867537 0,2686191 0,2268574 
Absolute Error Mean: 0,1276496

[ p ;  tableau9 ; breaker: 0,5 ] --> 0,2808107 0,6389261 1,035483 1,385526 2,391268 2,750395 2,994196 3,34523 3,636765 
[ s ;  tableau9 ; breaker: 0,5 ] --> 0,2808107 0,647385 1,063746 1,44698 2,680732 3,113908 3,346966 3,714125 3,964483 
[ e ;  tableau9 ; breaker: 0,5 ] --> 0 0,008458912 0,02826321 0,06145418 0,2894645 0,3635135 0,3527691 0,3688946 0,327718 
Absolute Error Mean: 0,2000595

[ p ;  tableau9 ; breaker: 0,5 ] --> 0,2808107 0,6389261 1,035483 1,385526 2,391268 2,750395 2,994196 3,34523 3,636765 
[ s ;  tableau9 ; breaker: 0,5 ] --> 0,2808107 0,6306189 1,06403 1,4476 2,597187 3,030697 3,280535 3,731092 3,963757 
[ e ;  tableau9 ; breaker: 0,5 ] --> 0 0,008307159 0,02854717 0,06207371 0,2059193 0,2803028 0,2863383 0,3858614 0,3269925 
Absolute Error Mean: 0,176038

[ p ;  tableau9 ; breaker: 0,5 ] --> 0,2808107 0,6389261 1,035483 1,385526 2,391268 2,750395 2,994196 3,34523 3,636765 
[ s ;  tableau9 ; breaker: 0,5 ] --> 0,2808107 0,6469522 1,030494 1,414043 2,364336 2,780364 2,997356 3,381145 3,663784 
[ e ;  tableau9 ; breaker: 0,5 ] --> 0 0,008026123 0,004989147 0,02851689 0,02693224 0,02996898 0,003159761 0,03591442 0,02701902 
Absolute Error Mean: 0,01828073

[ p ;  tableau9 ; breaker: 0,5 ] --> 0,2808107 0,6389261 1,035483 1,385526 2,391268 2,750395 2,994196 3,34523 3,636765 
[ s ;  tableau9 ; breaker: 0,5 ] --> 0,2808107 0,6318594 0,9975157 1,364105 2,080731 2,51403 2,74753 3,164699 3,414696 
[ e ;  tableau9 ; breaker: 0,5 ] --> 0 0,007066727 0,03796738 0,02142036 0,3105369 0,2363651 0,2466662 0,1805315 0,2220688 
Absolute Error Mean: 0,1402914

[ p ;  tableau9 ; breaker: 0,5 ] --> 0,2808107 0,6389261 1,035483 1,385526 2,391268 2,750395 2,994196 3,34523 3,636765 
[ s ;  tableau9 ; breaker: 0,5 ] --> 0,2808107 0,6475646 1,064654 1,4477 2,3144 2,764623 2,997216 3,38063 3,613949 
[ e ;  tableau9 ; breaker: 0,5 ] --> 0 0,008638501 0,02917123 0,06217396 0,07686734 0,01422834 0,00301981 0,03539944 0,02281618 
Absolute Error Mean: 0,02803498
