
QUENTIN

[ p ;  tableau9 ; breaker: 1,0 ] --> 0,1404054 0,319463 0,5177416 0,6927629 1,195634 1,375197 1,497098 1,672615 1,818382 
[ b ;  tableau9 ; breaker: 1,0 ] --> 0,1404054 0,3374359 0,5789833 0,775615 1,401787 1,619852 1,839158 1,98567 2,156924 
[ e ;  tableau9 ; breaker: 1,0 ] --> 0 0,01797283 0,06124175 0,08285207 0,206153 0,2446543 0,34206 0,3130552 0,3385421 
Absolute Error Mean: 0,1785035

[ p ;  tableau9 ; breaker: 1,0 ] --> 0,1404054 0,319463 0,5177416 0,6927629 1,195634 1,375197 1,497098 1,672615 1,818382 
[ b ;  tableau9 ; breaker: 1,0 ] --> 0,1404054 0,2898534 0,5114779 0,7087851 0,9544877 1,946077 2,095897 2,245286 2,396431 
[ e ;  tableau9 ; breaker: 1,0 ] --> 0 0,02960965 0,006263673 0,01602215 0,2411462 0,5708796 0,5987985 0,5726703 0,5780483 
Absolute Error Mean: 0,2903821

[ p ;  tableau9 ; breaker: 1,0 ] --> 0,1404054 0,319463 0,5177416 0,6927629 1,195634 1,375197 1,497098 1,672615 1,818382 
[ b ;  tableau9 ; breaker: 1,0 ] --> 0,1404054 0,3369564 0,5586216 0,7603258 1,343103 1,518455 1,718826 1,889584 2,037894 2,209411 
[ e ;  tableau9 ; breaker: 1,0 ] --> 0 0,01749334 0,04088002 0,06756294 0,1474695 0,1432579 0,2217275 0,2169684 0,2195114 
Absolute Error Mean: 0,1194301

[ p ;  tableau9 ; breaker: 1,0 ] --> 0,1404054 0,319463 0,5177416 0,6927629 1,195634 1,375197 1,497098 1,672615 1,818382 
[ b ;  tableau9 ; breaker: 1,0 ] --> 0,1404054 0,357978 0,6029157 0,8023872 1,409669 1,605632 1,778809 1,954718 2,157709 
[ e ;  tableau9 ; breaker: 1,0 ] --> 0 0,03851494 0,08517414 0,1096243 0,2140347 0,2304344 0,2817109 0,2821031 0,3393267 
Absolute Error Mean: 0,1756581

[ p ;  tableau9 ; breaker: 1,0 ] --> 0,1404054 0,319463 0,5177416 0,6927629 1,195634 1,375197 1,497098 1,672615 1,818382 
[ b ;  tableau9 ; breaker: 1,0 ] --> 0,1404054 0,314232 0,5362865 0,7371169 1,005777 1,587513 1,785538 2,225659 2,47521 
[ e ;  tableau9 ; breaker: 1,0 ] --> 0 0,005231053 0,01854491 0,04435396 0,1898568 0,2123154 0,2884402 0,553044 0,6568273 
Absolute Error Mean: 0,2187348

[ p ;  tableau9 ; breaker: 1,0 ] --> 0,1404054 0,319463 0,5177416 0,6927629 1,195634 1,375197 1,497098 1,672615 1,818382 
[ b ;  tableau9 ; breaker: 1,0 ] --> 0,1404054 0,3621362 0,6068997 0,8319086 1,361953 1,584478 1,784695 1,935118 2,085681 
[ e ;  tableau9 ; breaker: 1,0 ] --> 0 0,04267314 0,08915818 0,1391457 0,1663187 0,2092807 0,2875972 0,262503 0,2672988 
Absolute Error Mean: 0,1626639

[ p ;  tableau9 ; breaker: 1,0 ] --> 0,1404054 0,319463 0,5177416 0,6927629 1,195634 1,375197 1,497098 1,672615 1,818382 
[ b ;  tableau9 ; breaker: 1,0 ] --> 0,1404054 0,3124195 0,5347311 0,734091 1,204514 1,376108 1,550441 1,69874 1,870733 
[ e ;  tableau9 ; breaker: 1,0 ] --> 0 0,007043511 0,01698953 0,04132807 0,0088799 0,000910759 0,05334234 0,02612436 0,05235052 
Absolute Error Mean: 0,02299655

[ p ;  tableau9 ; breaker: 1,0 ] --> 0,1404054 0,319463 0,5177416 0,6927629 1,195634 1,375197 1,497098 1,672615 1,818382 
[ b ;  tableau9 ; breaker: 1,0 ] --> 0,1404054 0,3409896 0,5625269 0,7618464 1,299056 1,518205 1,716096 1,890199 2,040992 
[ e ;  tableau9 ; breaker: 1,0 ] --> 0 0,0215266 0,04478538 0,06908351 0,1034224 0,1430081 0,2189982 0,2175837 0,2226092 
Absolute Error Mean: 0,1156686

[ p ;  tableau9 ; breaker: 1,0 ] --> 0,1404054 0,319463 0,5177416 0,6927629 1,195634 1,375197 1,497098 1,672615 1,818382 
[ b ;  tableau9 ; breaker: 1,0 ] --> 0,1404054 0,2882447 0,5124715 0,7346325 1,221575 1,393331 1,566208 1,738023 2,052726 
[ e ;  tableau9 ; breaker: 1,0 ] --> 0 0,03121838 0,005270064 0,04186958 0,02594113 0,018134 0,06910932 0,06540811 0,2343436 
Absolute Error Mean: 0,05458825

[ p ;  tableau9 ; breaker: 1,0 ] --> 0,1404054 0,319463 0,5177416 0,6927629 1,195634 1,375197 1,497098 1,672615 1,818382 
[ b ;  tableau9 ; breaker: 1,0 ] --> 0,1404054 0,3195047 0,4951597 0,7684141 1,300328 1,474696 1,622197 1,775749 1,928004 
[ e ;  tableau9 ; breaker: 1,0 ] --> 0 4,163384E-05 0,02258188 0,07565117 0,1046946 0,09949899 0,1250991 0,1031342 0,109622 
Absolute Error Mean: 0,07114705

[ p ;  tableau9 ; breaker: 1,0 ] --> 0,1404054 0,319463 0,5177416 0,6927629 1,195634 1,375197 1,497098 1,672615 1,818382 
[ b ;  tableau9 ; breaker: 1,0 ] --> 0,1404054 0,3410251 0,5357099 0,7843054 1,415884 1,589551 1,766887 1,916616 2,065889 
[ e ;  tableau9 ; breaker: 1,0 ] --> 0 0,02156207 0,01796836 0,09154248 0,2202498 0,2143539 0,2697887 0,2440006 0,2475063 
Absolute Error Mean: 0,1474413

[ p ;  tableau9 ; breaker: 1,0 ] --> 0,1404054 0,319463 0,5177416 0,6927629 1,195634 1,375197 1,497098 1,672615 1,818382 
[ b ;  tableau9 ; breaker: 1,0 ] --> 0,1404054 0,3863028 0,5825787 0,7768925 1,388366 1,561703 1,714379 1,864845 2,014971 
[ e ;  tableau9 ; breaker: 1,0 ] --> 0 0,06683972 0,0648371 0,08412963 0,1927317 0,186506 0,2172811 0,1922296 0,1965886 
Absolute Error Mean: 0,1334604

[ p ;  tableau9 ; breaker: 1,0 ] --> 0,1404054 0,319463 0,5177416 0,6927629 1,195634 1,375197 1,497098 1,672615 1,818382 
[ b ;  tableau9 ; breaker: 1,0 ] --> 0,1404054 0,3615472 0,5599042 0,7839617 1,324966 1,498686 1,675369 1,849648 2,023122 
[ e ;  tableau9 ; breaker: 1,0 ] --> 0 0,04208419 0,04216266 0,0911988 0,1293321 0,1234888 0,1782705 0,1770328 0,2047399 
Absolute Error Mean: 0,1098122

[ p ;  tableau9 ; breaker: 1,0 ] --> 0,1404054 0,319463 0,5177416 0,6927629 1,195634 1,375197 1,497098 1,672615 1,818382 
[ b ;  tableau9 ; breaker: 1,0 ] --> 0,1404054 0,33621 0,5321456 0,7052818 1,243987 1,419308 1,614585 1,789277 1,962748 
[ e ;  tableau9 ; breaker: 1,0 ] --> 0 0,01674694 0,01440406 0,01251888 0,04835343 0,04411101 0,1174867 0,1166623 0,1443654 
Absolute Error Mean: 0,05718319

[ p ;  tableau9 ; breaker: 1,0 ] --> 0,1404054 0,319463 0,5177416 0,6927629 1,195634 1,375197 1,497098 1,672615 1,818382 
[ b ;  tableau9 ; breaker: 1,0 ] --> 0,1404054 0,2927366 0,5156319 0,7408029 1,275789 1,446859 1,619185 1,792365 1,96788 
[ e ;  tableau9 ; breaker: 1,0 ] --> 0 0,02672648 0,002109647 0,04803997 0,08015537 0,07166219 0,1220866 0,1197497 0,1494979 
Absolute Error Mean: 0,06889198

[ p ;  tableau9 ; breaker: 1,0 ] --> 0,1404054 0,319463 0,5177416 0,6927629 1,195634 1,375197 1,497098 1,672615 1,818382 
[ b ;  tableau9 ; breaker: 1,0 ] --> 0,1404054 0,3644403 0,562088 0,8063402 1,779706 1,977273 2,128004 2,302103 2,864742 
[ e ;  tableau9 ; breaker: 1,0 ] --> 0 0,04497722 0,04434639 0,1135772 0,5840721 0,6020757 0,6309059 0,6294876 1,04636 
Absolute Error Mean: 0,4106447

[ p ;  tableau9 ; breaker: 1,0 ] --> 0,1404054 0,319463 0,5177416 0,6927629 1,195634 1,375197 1,497098 1,672615 1,818382 
[ b ;  tableau9 ; breaker: 1,0 ] --> 0,1404054 0,3157005 0,4871978 0,6852546 1,268383 1,417912 1,590089 1,761595 1,936596 
[ e ;  tableau9 ; breaker: 1,0 ] --> 0 0,003762573 0,0305438 0,007508278 0,07274902 0,04271472 0,0929904 0,08897984 0,1182133 
Absolute Error Mean: 0,0508291

[ p ;  tableau9 ; breaker: 1,0 ] --> 0,1404054 0,319463 0,5177416 0,6927629 1,195634 1,375197 1,497098 1,672615 1,818382 
[ b ;  tableau9 ; breaker: 1,0 ] --> 0,1404054 0,3128404 0,5092504 0,7081172 1,292458 1,466087 1,638916 1,809291 1,980168 
[ e ;  tableau9 ; breaker: 1,0 ] --> 0 0,006622672 0,008491158 0,01535434 0,09682369 0,09088957 0,1418178 0,1366754 0,1617854 
Absolute Error Mean: 0,07316222

[ p ;  tableau9 ; breaker: 1,0 ] --> 0,1404054 0,319463 0,5177416 0,6927629 1,195634 1,375197 1,497098 1,672615 1,818382 
[ b ;  tableau9 ; breaker: 1,0 ] --> 0,1404054 0,3103913 0,4833549 0,7024067 0,8754575 1,556636 1,755757 1,933127 2,107025 
[ e ;  tableau9 ; breaker: 1,0 ] --> 0 0,009071708 0,03438666 0,009643793 0,3201764 0,1814389 0,2586591 0,2605116 0,2886425 
Absolute Error Mean: 0,1513923

[ p ;  tableau9 ; breaker: 1,0 ] --> 0,1404054 0,319463 0,5177416 0,6927629 1,195634 1,375197 1,497098 1,672615 1,818382 
[ b ;  tableau9 ; breaker: 1,0 ] --> 0,1404054 0,3371205 0,5353668 0,8049423 1,465073 1,640057 1,81614 2,002981 2,180222 
[ e ;  tableau9 ; breaker: 1,0 ] --> 0 0,01765743 0,01762521 0,1121793 0,2694389 0,2648593 0,3190422 0,3303655 0,3618397 
Absolute Error Mean: 0,188112

[ p ;  tableau9 ; breaker: 1,0 ] --> 0,1404054 0,319463 0,5177416 0,6927629 1,195634 1,375197 1,497098 1,672615 1,818382 
[ s ;  tableau9 ; breaker: 1,0 ] --> 0,1404054 0,4110947 0,7266682 1,000167 1,565135 1,834169 2,08125 2,303195 2,895498 
[ e ;  tableau9 ; breaker: 1,0 ] --> 0 0,09163168 0,2089267 0,3074042 0,3695015 0,458972 0,5841517 0,6305796 1,077115 
Absolute Error Mean: 0,4142537

[ p ;  tableau9 ; breaker: 1,0 ] --> 0,1404054 0,319463 0,5177416 0,6927629 1,195634 1,375197 1,497098 1,672615 1,818382 
[ s ;  tableau9 ; breaker: 1,0 ] --> 0,1404054 0,3833306 0,650353 0,9449854 1,432143 1,630477 1,826641 2,024422 2,295747 2,544259 3,087213 3,334774 3,578615 3,867747 4,252984 4,448967 4,647242 4,869943 5,140846 5,846438 6,08915 6,286448 6,507682 6,898487 7,094172 7,312856 7,56066 8,379369 8,818886 9,112072 9,872878 10,24139 10,56152 10,83484 11,44643 12,10008 12,51446 12,73611 13,05535 
[ e ;  tableau9 ; breaker: 1,0 ] --> 0 0,06386757 0,1326115 0,2522225 0,236509 0,2552794 0,3295431 0,3518072 0,4773642 
Absolute Error Mean: 0,233245

[ p ;  tableau9 ; breaker: 1,0 ] --> 0,1404054 0,319463 0,5177416 0,6927629 1,195634 1,375197 1,497098 1,672615 1,818382 
[ s ;  tableau9 ; breaker: 1,0 ] --> 0,1404054 0,5330107 0,8030899 1,097175 1,366013 1,753373 1,925147 2,097687 2,391392 
[ e ;  tableau9 ; breaker: 1,0 ] --> 0 0,2135476 0,2853483 0,4044117 0,1703794 0,3781761 0,4280486 0,4250714 0,5730091 
Absolute Error Mean: 0,3197769

[ p ;  tableau9 ; breaker: 1,0 ] --> 0,1404054 0,319463 0,5177416 0,6927629 1,195634 1,375197 1,497098 1,672615 1,818382 
[ s ;  tableau9 ; breaker: 1,0 ] --> 0,1404054 0,3330314 0,5989364 0,8199354 1,085661 1,448571 1,643909 1,840418 2,085805 
[ e ;  tableau9 ; breaker: 1,0 ] --> 0 0,0135684 0,08119488 0,1271725 0,1099732 0,07337403 0,1468105 0,1678029 0,267423 
Absolute Error Mean: 0,1097022

[ p ;  tableau9 ; breaker: 1,0 ] --> 0,1404054 0,319463 0,5177416 0,6927629 1,195634 1,375197 1,497098 1,672615 1,818382 
[ s ;  tableau9 ; breaker: 1,0 ] --> 0,1404054 0,40626 0,7040887 1,003839 1,251603 1,645595 1,868885 2,09445 2,314474 
[ e ;  tableau9 ; breaker: 1,0 ] --> 0 0,08679697 0,1863471 0,3110759 0,05596948 0,2703977 0,3717867 0,4218346 0,496092 
Absolute Error Mean: 0,2444778

[ p ;  tableau9 ; breaker: 1,0 ] --> 0,1404054 0,319463 0,5177416 0,6927629 1,195634 1,375197 1,497098 1,672615 1,818382 
[ s ;  tableau9 ; breaker: 1,0 ] --> 0,1404054 0,4337904 0,7542902 1,002743 1,256747 1,674051 1,920294 2,142655 2,366206 
[ e ;  tableau9 ; breaker: 1,0 ] --> 0 0,1143273 0,2365486 0,3099806 0,061113 0,2988534 0,4231954 0,4700397 0,547824 
Absolute Error Mean: 0,2735425

[ p ;  tableau9 ; breaker: 1,0 ] --> 0,1404054 0,319463 0,5177416 0,6927629 1,195634 1,375197 1,497098 1,672615 1,818382 
[ s ;  tableau9 ; breaker: 1,0 ] --> 0,1404054 0,4068729 0,6780826 1,022773 1,581419 1,829257 2,051627 2,298167 2,544112 2,795736 
[ e ;  tableau9 ; breaker: 1,0 ] --> 0 0,08740985 0,160341 0,3300102 0,3857851 0,4540594 0,5545285 0,6255516 0,7257296 
Absolute Error Mean: 0,3692684

[ p ;  tableau9 ; breaker: 1,0 ] --> 0,1404054 0,319463 0,5177416 0,6927629 1,195634 1,375197 1,497098 1,672615 1,818382 
[ s ;  tableau9 ; breaker: 1,0 ] --> 0,1404054 0,5812866 0,8758308 1,170501 1,847269 2,067086 2,336138 2,603166 2,896142 
[ e ;  tableau9 ; breaker: 1,0 ] --> 0 0,2618236 0,3580893 0,4777386 0,6516348 0,6918882 0,83904 0,9305507 1,077759 
Absolute Error Mean: 0,5876138

[ p ;  tableau9 ; breaker: 1,0 ] --> 0,1404054 0,319463 0,5177416 0,6927629 1,195634 1,375197 1,497098 1,672615 1,818382 
[ s ;  tableau9 ; breaker: 1,0 ] --> 0,1404054 0,4077092 0,7021152 0,9468291 1,602437 1,825578 2,096132 2,342549 2,586226 
[ e ;  tableau9 ; breaker: 1,0 ] --> 0 0,08824611 0,1843736 0,2540662 0,4068031 0,4503803 0,5990336 0,6699337 0,7678431 
Absolute Error Mean: 0,3800756

[ p ;  tableau9 ; breaker: 1,0 ] --> 0,1404054 0,319463 0,5177416 0,6927629 1,195634 1,375197 1,497098 1,672615 1,818382 
[ s ;  tableau9 ; breaker: 1,0 ] --> 0,1404054 0,4116901 0,7535371 1,070399 1,343676 1,904695 2,249277 2,545066 2,939698 
[ e ;  tableau9 ; breaker: 1,0 ] --> 0 0,0922271 0,2357956 0,3776364 0,1480418 0,5294973 0,7521784 0,8724509 1,121316 
Absolute Error Mean: 0,4587937

[ p ;  tableau9 ; breaker: 1,0 ] --> 0,1404054 0,319463 0,5177416 0,6927629 1,195634 1,375197 1,497098 1,672615 1,818382 
[ s ;  tableau9 ; breaker: 1,0 ] --> 0,1404054 0,382672 0,674574 1,041625 1,675467 1,944552 2,190042 2,461076 2,899493 
[ e ;  tableau9 ; breaker: 1,0 ] --> 0 0,06320894 0,1568325 0,3488622 0,4798336 0,569355 0,692944 0,7884611 1,08111 
Absolute Error Mean: 0,4645119

[ p ;  tableau9 ; breaker: 1,0 ] --> 0,1404054 0,319463 0,5177416 0,6927629 1,195634 1,375197 1,497098 1,672615 1,818382 
[ s ;  tableau9 ; breaker: 1,0 ] --> 0,1404054 0,4619395 0,801078 1,11986 1,848105 2,0922 2,405074 2,720257 3,064174 
[ e ;  tableau9 ; breaker: 1,0 ] --> 0 0,1424764 0,2833365 0,4270967 0,6524708 0,7170025 0,9079754 1,047642 1,245792 
Absolute Error Mean: 0,6026436

[ p ;  tableau9 ; breaker: 1,0 ] --> 0,1404054 0,319463 0,5177416 0,6927629 1,195634 1,375197 1,497098 1,672615 1,818382 
[ s ;  tableau9 ; breaker: 1,0 ] --> 0,1404054 0,4546174 0,7666286 1,130297 1,755783 2,026439 2,318023 2,710536 3,075547 
[ e ;  tableau9 ; breaker: 1,0 ] --> 0 0,1351543 0,2488871 0,4375343 0,5601487 0,6512417 0,8209248 1,037921 1,257165 
Absolute Error Mean: 0,5721086

[ p ;  tableau9 ; breaker: 1,0 ] --> 0,1404054 0,319463 0,5177416 0,6927629 1,195634 1,375197 1,497098 1,672615 1,818382 
[ s ;  tableau9 ; breaker: 1,0 ] --> 0,1404054 0,4066371 0,6555153 0,947048 1,547471 1,816189 2,086806 2,339378 3,232889 
[ e ;  tableau9 ; breaker: 1,0 ] --> 0 0,08717403 0,1377737 0,2542851 0,3518368 0,440992 0,5897076 0,6667625 1,414506 
Absolute Error Mean: 0,4381153

[ p ;  tableau9 ; breaker: 1,0 ] --> 0,1404054 0,319463 0,5177416 0,6927629 1,195634 1,375197 1,497098 1,672615 1,818382 
[ s ;  tableau9 ; breaker: 1,0 ] --> 0,1404054 0,4354059 0,7316886 1,024856 1,659112 1,926204 2,197044 2,465442 2,784709 
[ e ;  tableau9 ; breaker: 1,0 ] --> 0 0,1159428 0,213947 0,3320929 0,4634778 0,551007 0,6999454 0,7928268 0,9663271 
Absolute Error Mean: 0,4595075

[ p ;  tableau9 ; breaker: 1,0 ] --> 0,1404054 0,319463 0,5177416 0,6927629 1,195634 1,375197 1,497098 1,672615 1,818382 
[ s ;  tableau9 ; breaker: 1,0 ] --> 0,1404054 0,4584932 0,7492549 1,043521 1,360303 1,844148 2,135223 2,402381 2,765905 
[ e ;  tableau9 ; breaker: 1,0 ] --> 0 0,1390302 0,2315134 0,3507579 0,164669 0,4689503 0,6381247 0,729766 0,947523 
Absolute Error Mean: 0,4078149

[ p ;  tableau9 ; breaker: 1,0 ] --> 0,1404054 0,319463 0,5177416 0,6927629 1,195634 1,375197 1,497098 1,672615 1,818382 
[ s ;  tableau9 ; breaker: 1,0 ] --> 0,1404054 0,4321555 0,7254374 0,9942831 1,630987 1,877015 2,123861 2,39263 2,902373 
[ e ;  tableau9 ; breaker: 1,0 ] --> 0 0,1126925 0,2076958 0,3015202 0,4353533 0,5018173 0,6267624 0,7200149 1,083991 
Absolute Error Mean: 0,4433163

[ p ;  tableau9 ; breaker: 1,0 ] --> 0,1404054 0,319463 0,5177416 0,6927629 1,195634 1,375197 1,497098 1,672615 1,818382 
[ s ;  tableau9 ; breaker: 1,0 ] --> 0,1404054 0,3410614 0,6360527 0,9039152 1,509976 1,707484 1,957099 2,206821 2,552571 
[ e ;  tableau9 ; breaker: 1,0 ] --> 0 0,02159837 0,1183111 0,2111523 0,3143421 0,3322867 0,4600011 0,5342063 0,7341884 
Absolute Error Mean: 0,3028985

[ p ;  tableau9 ; breaker: 1,0 ] --> 0,1404054 0,319463 0,5177416 0,6927629 1,195634 1,375197 1,497098 1,672615 1,818382 
[ s ;  tableau9 ; breaker: 1,0 ] --> 0,1404054 0,3877955 0,6885871 0,9356515 1,513553 1,758309 2,029984 2,299141 2,714063 
[ e ;  tableau9 ; breaker: 1,0 ] --> 0 0,06833246 0,1708455 0,2428886 0,3179187 0,383112 0,532886 0,6265255 0,895681 
Absolute Error Mean: 0,3597988

[ p ;  tableau9 ; breaker: 1,0 ] --> 0,1404054 0,319463 0,5177416 0,6927629 1,195634 1,375197 1,497098 1,672615 1,818382 
[ s ;  tableau9 ; breaker: 1,0 ] --> 0,1404054 0,3873811 0,6780017 0,9478544 1,260824 1,744972 1,965853 2,305869 2,769313 
[ e ;  tableau9 ; breaker: 1,0 ] --> 0 0,06791809 0,1602601 0,2550915 0,06519008 0,3697747 0,468755 0,6332539 0,9509302 
Absolute Error Mean: 0,3301304

[ p ;  tableau9 ; breaker: 1,0 ] --> 0,1404054 0,319463 0,5177416 0,6927629 1,195634 1,375197 1,497098 1,672615 1,818382 
[ b ;  tableau9 ; breaker: 1,0 ] --> 0,1404054 0,4549074 0,7201404 1,009842 1,585501 1,828889 2,072711 2,312972 2,558578 2,82668 3,496526 
[ e ;  tableau9 ; breaker: 1,0 ] --> 0 0,1354443 0,2023988 0,317079 0,3898672 0,4536912 0,5756123 0,6403564 0,7401959 
Absolute Error Mean: 0,3838495
[ b ;  tableau9 ; breaker: 1,0 ] --> 0,1404054 0,4549074 0,7201404 1,009842 1,585501 1,828889 2,072711 2,312972 2,558578 2,82668 3,496526 4,804814 5,09636 5,364202 5,825886 
[ e ;  tableau9 ; breaker: 1,0 ] --> 0 0,1354443 0,2023988 0,317079 0,3898672 0,4536912 0,5756123 0,6403564 0,7401959 4,804814 4,960916 5,161803 5,508807 
Absolute Error Mean: 2,581785
[ b ;  tableau9 ; breaker: 1,0 ] --> 0,1404054 0,4549074 0,7201404 1,009842 1,585501 1,828889 2,072711 2,312972 2,558578 2,82668 3,496526 4,804814 5,09636 5,364202 5,825886 
[ e ;  tableau9 ; breaker: 1,0 ] --> 0 0,1354443 0,2023988 0,317079 0,3898672 0,4536912 0,5756123 0,6403564 0,7401959 4,804814 4,960916 5,161803 5,508807 
Absolute Error Mean: 2,581785
[ b ;  tableau9 ; breaker: 1,0 ] --> 0,1404054 0,4549074 0,7201404 1,009842 1,585501 1,828889 2,072711 2,312972 2,558578 2,82668 3,496526 4,804814 5,09636 5,364202 5,825886 7,122769 7,628388 7,970155 8,337425 9,00326 9,199142 9,470454 9,719322 9,986026 
[ e ;  tableau9 ; breaker: 1,0 ] --> 0 0,1354443 0,2023988 0,317079 0,3898672 0,4536912 0,5756123 0,6403564 0,7401959 4,804814 4,960916 5,161803 5,508807 2,317955 2,667472 2,808352 2,828619 8,613393 8,74545 8,894842 9,078966 9,24583 
Absolute Error Mean: 6,133431
[ b ;  tableau9 ; breaker: 1,0 ] --> 0,1404054 0,4549074 0,7201404 1,009842 1,585501 1,828889 2,072711 2,312972 2,558578 2,82668 3,496526 4,804814 5,09636 5,364202 5,825886 7,122769 7,628388 7,970155 8,337425 9,00326 9,199142 9,470454 9,719322 9,986026 11,31118 11,53432 11,77732 12,0474 12,31397 12,79949 13,01722 13,26383 13,60558 
[ e ;  tableau9 ; breaker: 1,0 ] --> 0 0,1354443 0,2023988 0,317079 0,3898672 0,4536912 0,5756123 0,6403564 0,7401959 4,804814 4,960916 5,161803 5,508807 2,317955 2,667472 2,808352 2,828619 8,613393 8,74545 8,894842 9,078966 9,24583 8,993227 8,866848 8,968967 9,218784 3,700575 4,054035 4,122377 4,184868 4,359754 
Absolute Error Mean: 6,274382
[ b ;  tableau9 ; breaker: 1,0 ] --> 0,1404054 0,4549074 0,7201404 1,009842 1,585501 1,828889 2,072711 2,312972 2,558578 2,82668 3,496526 4,804814 5,09636 5,364202 5,825886 7,122769 7,628388 7,970155 8,337425 9,00326 9,199142 9,470454 9,719322 9,986026 11,31118 11,53432 11,77732 12,0474 12,31397 12,79949 13,01722 13,26383 13,60558 15,90205 16,24067 16,55259 16,84158 17,49774 17,76754 18,03345 18,35169 18,71795 
[ e ;  tableau9 ; breaker: 1,0 ] --> 0 0,1354443 0,2023988 0,317079 0,3898672 0,4536912 0,5756123 0,6403564 0,7401959 4,804814 4,960916 5,161803 5,508807 2,317955 2,667472 2,808352 2,828619 8,613393 8,74545 8,894842 9,078966 9,24583 8,993227 8,866848 8,968967 9,218784 3,700575 4,054035 4,122377 4,184868 4,359754 6,908826 7,373827 7,583624 7,622795 13,79716 13,7135 13,91108 14,16682 14,3582 
Absolute Error Mean: 11,04843
[ b ;  tableau9 ; breaker: 1,0 ] --> 0,1404054 0,4549074 0,7201404 1,009842 1,585501 1,828889 2,072711 2,312972 2,558578 2,82668 3,496526 4,804814 5,09636 5,364202 5,825886 7,122769 7,628388 7,970155 8,337425 9,00326 9,199142 9,470454 9,719322 9,986026 11,31118 11,53432 11,77732 12,0474 12,31397 12,79949 13,01722 13,26383 13,60558 15,90205 16,24067 16,55259 16,84158 17,49774 17,76754 18,03345 18,35169 18,71795 23,89004 24,18127 24,40074 24,64384 24,93554 25,44777 25,69175 26,02772 26,39406 
[ e ;  tableau9 ; breaker: 1,0 ] --> 0 0,1354443 0,2023988 0,317079 0,3898672 0,4536912 0,5756123 0,6403564 0,7401959 4,804814 4,960916 5,161803 5,508807 2,317955 2,667472 2,808352 2,828619 8,613393 8,74545 8,894842 9,078966 9,24583 8,993227 8,866848 8,968967 9,218784 3,700575 4,054035 4,122377 4,184868 4,359754 6,908826 7,373827 7,583624 7,622795 13,79716 13,7135 13,91108 14,16682 14,3582 16,98121 16,80745 16,81712 17,02104 11,13838 11,73427 11,78067 11,86089 12,03586 
Absolute Error Mean: 14,01966
[ b ;  tableau9 ; breaker: 1,0 ] --> 0,1404054 0,4549074 0,7201404 1,009842 1,585501 1,828889 2,072711 2,312972 2,558578 2,82668 3,496526 4,804814 5,09636 5,364202 5,825886 7,122769 7,628388 7,970155 8,337425 9,00326 9,199142 9,470454 9,719322 9,986026 11,31118 11,53432 11,77732 12,0474 12,31397 12,79949 13,01722 13,26383 13,60558 15,90205 16,24067 16,55259 16,84158 17,49774 17,76754 18,03345 18,35169 18,71795 23,89004 24,18127 24,40074 24,64384 24,93554 25,44777 25,69175 26,02772 26,39406 27,7229 28,09072 28,40165 28,74301 29,29664 29,66239 30,00182 30,34162 30,75991 
[ e ;  tableau9 ; breaker: 1,0 ] --> 0 0,1354443 0,2023988 0,317079 0,3898672 0,4536912 0,5756123 0,6403564 0,7401959 4,804814 4,960916 5,161803 5,508807 2,317955 2,667472 2,808352 2,828619 8,613393 8,74545 8,894842 9,078966 9,24583 8,993227 8,866848 8,968967 9,218784 3,700575 4,054035 4,122377 4,184868 4,359754 6,908826 7,373827 7,583624 7,622795 13,79716 13,7135 13,91108 14,16682 14,3582 16,98121 16,80745 16,81712 17,02104 11,13838 11,73427 11,78067 11,86089 12,03586 10,74169 11,28327 11,58453 11,72197 18,15826 17,92812 18,22115 18,48073 18,72404 
Absolute Error Mean: 15,20486
[ b ;  tableau9 ; breaker: 1,0 ] --> 0,1404054 0,4549074 0,7201404 1,009842 1,585501 1,828889 2,072711 2,312972 2,558578 2,82668 3,496526 4,804814 5,09636 5,364202 5,825886 7,122769 7,628388 7,970155 8,337425 9,00326 9,199142 9,470454 9,719322 9,986026 11,31118 11,53432 11,77732 12,0474 12,31397 12,79949 13,01722 13,26383 13,60558 15,90205 16,24067 16,55259 16,84158 17,49774 17,76754 18,03345 18,35169 18,71795 23,89004 24,18127 24,40074 24,64384 24,93554 25,44777 25,69175 26,02772 26,39406 27,7229 28,09072 28,40165 28,74301 29,29664 29,66239 30,00182 30,34162 30,75991 31,7279 32,11247 32,40771 32,72126 33,3031 33,59942 33,9165 34,20897 34,60152 
[ e ;  tableau9 ; breaker: 1,0 ] --> 0 0,1354443 0,2023988 0,317079 0,3898672 0,4536912 0,5756123 0,6403564 0,7401959 4,804814 4,960916 5,161803 5,508807 2,317955 2,667472 2,808352 2,828619 8,613393 8,74545 8,894842 9,078966 9,24583 8,993227 8,866848 8,968967 9,218784 3,700575 4,054035 4,122377 4,184868 4,359754 6,908826 7,373827 7,583624 7,622795 13,79716 13,7135 13,91108 14,16682 14,3582 16,98121 16,80745 16,81712 17,02104 11,13838 11,73427 11,78067 11,86089 12,03586 10,74169 11,28327 11,58453 11,72197 18,15826 17,92812 18,22115 18,48073 18,72404 20,98622 20,8292 20,82318 20,99929 15,14484 15,6713 15,69535 15,72824 15,87748 
Absolute Error Mean: 17,97279
[ b ;  tableau9 ; breaker: 1,0 ] --> 0,1404054 0,4549074 0,7201404 1,009842 1,585501 1,828889 2,072711 2,312972 2,558578 2,82668 3,496526 4,804814 5,09636 5,364202 5,825886 7,122769 7,628388 7,970155 8,337425 9,00326 9,199142 9,470454 9,719322 9,986026 11,31118 11,53432 11,77732 12,0474 12,31397 12,79949 13,01722 13,26383 13,60558 15,90205 16,24067 16,55259 16,84158 17,49774 17,76754 18,03345 18,35169 18,71795 23,89004 24,18127 24,40074 24,64384 24,93554 25,44777 25,69175 26,02772 26,39406 27,7229 28,09072 28,40165 28,74301 29,29664 29,66239 30,00182 30,34162 30,75991 31,7279 32,11247 32,40771 32,72126 33,3031 33,59942 33,9165 34,20897 34,60152 35,80584 36,14478 36,46135 36,82456 37,3842 37,67462 37,99537 38,28755 39,03473 
[ e ;  tableau9 ; breaker: 1,0 ] --> 0 0,1354443 0,2023988 0,317079 0,3898672 0,4536912 0,5756123 0,6403564 0,7401959 4,804814 4,960916 5,161803 5,508807 2,317955 2,667472 2,808352 2,828619 8,613393 8,74545 8,894842 9,078966 9,24583 8,993227 8,866848 8,968967 9,218784 3,700575 4,054035 4,122377 4,184868 4,359754 6,908826 7,373827 7,583624 7,622795 13,79716 13,7135 13,91108 14,16682 14,3582 16,98121 16,80745 16,81712 17,02104 11,13838 11,73427 11,78067 11,86089 12,03586 10,74169 11,28327 11,58453 11,72197 18,15826 17,92812 18,22115 18,48073 18,72404 20,98622 20,8292 20,82318 20,99929 15,14484 15,6713 15,69535 15,72824 15,87748 14,81963 15,31558 15,63817 15,82527 22,23936 22,00332 22,30002 22,5593 23,15725 
Absolute Error Mean: 19,31754
