b;0;0,1089827;0,08235198;0,08285415;0,1642503;0,5182483;0,5462308;0,5732193;
b;0;0,00113827;0,04586965;0,09613538;0,249241;0,1434534;0,2469966;0,2645645;
b;0;0,06585541;0,1175158;0,5220178;2,318841;
b;0;0,004063129;0,02265871;0,07759893;0,1278447;0,4275999;0,3114054;0,4594831;
b;0;0,005604088;0,0248552;0,03209853;0,08380544;0,02479959;0,001471043;0,004957199;
b;0;0,04264206;0,04523414;0,03875089;0,006432772;0,03005362;0,07213473;0,07596302;
b;0;0,03822803;0,03711033;0,05272985;0,04936147;0,001017332;0,04009318;0,06789804;
b;0;0,01706019;0,02090824;0,06479669;0,2670646;0,4197171;0,388653;0,338541;
b;0;0,0189597;0,002712488;0,06926608;0,1904262;0,2948629;0,3378699;0,3434546;
b;0;0,04279608;0,07064104;0,1662711;0,1599286;0,2405655;0,2611978;0,2921197;
s;0;0,07271171;0,02831197;0,3881549;0,544228;0,4764217;0,6286967;0,5867093;
s;0;0,04438579;0,02890581;0,07213962;0,08618867;0,06155968;0,05957961;0,0142858;0,2549326;0,2505238;0,2603934;0,2642107;0,08001661;0,009222507;0,002434731;0,1701941;
s;0;0,002209127;0,04467887;0,0167855;0,1437746;0,1364565;0,01364374;0,03012466;0,2183578;0,2144308;0,2242405;0,2039094;0,01741838;0,03696442;0,02215862;0,09660292;
s;0;0,07237002;0,0006732941;0,09959412;0,09127486;0,1242847;0,3534467;0,2869782;0,1009099;0,1340461;0,07820153;0,09872174;0,2856698;0,3344426;0,3475661;0,308836;
s;0;0,04309499;0,001893699;0,05572689;0,03561223;0,0945797;0,2955453;0,2545085;0,3459466;0,3754416;0,3391221;0,4079506;0,5668559;0,6149254;0,4968815;0,3990374;
s;0;0,01750696;0,03178793;0,01904261;0,04271591;0,1217446;0,3470068;0,2518821;0,145607;0,1243603;0,1397095;0,1080701;0,2921453;0,360918;0,369978;0,2013874;
s;0;0,09882373;0,04399437;0,1146681;0,1353725;0,1904154;0,4142239;0,3410501;0,1776834;0,1785462;0,140049;0,1340816;0,3414574;0,3870759;0,3944492;0,2501869;
s;0;0,01858801;0,02955168;0,05104589;0,07214379;0,1280119;0,3520205;0,2815297;0,168678;0,1267927;0,01958847;0,06819391;0,250134;0,2953382;0,3302045;0,1833162;
s;0;0,05408996;0,04516816;0,2837993;0,2295893;0,257314;0,4534473;0,3555913;0,1605654;0,1641874;0,1552081;0,1530621;0,3597293;0,4125147;0,4253545;0,3049159;
s;0;0,0433678;0,01932919;0,1444774;0,09516811;0,149868;0,350167;0,2519007;0,1173518;0,1227698;0,08865094;0,1076355;0,3161006;0,3614845;0,292325;0,1714239;
b;0;0,09545755;0,1277821;0,1551223;0,2592556;0,1144781;0,1090636;0,1150308;0,1832936;0,2645049;0,2024722;0,1651816;0,1445718;0,08696985;0,1056142;0,366756;
b;0;0,09352633;0,1744267;0,2756319;0,295284;0,2739735;0,2161975;0,09454799;0,05364227;0,1569564;0,1087205;0,1373153;0,2349019;0,2648883;0,1805124;0,2504864;
b;0;0,09410319;0,1741404;0,1465298;0,1456285;0,2119772;0,06151557;0,01544261;0,2297816;0,1530521;0,06197596;0,007199287;0,04604197;0,101151;0,1692824;0,3109355;
b;0;0,09423545;0,07128292;0,06739855;0,06155944;0,3200948;0,02130032;0,3800299;0,3406706;0,2854185;0,2471697;0,1777015;0,1043525;0,2085357;0,222918;0,5002184;
b;0;0,0689947;0,1015487;0,09935033;0,3514889;0,07115126;0,3469431;0,03318048;0,002893209;0,08180332;0,1483018;0,2424045;0,5015292;0,1454;0,227303;0,02853107;
b;0;0,06279135;0,05998188;0,02259099;0,008219004;0,09484768;0,02077937;0,01607561;0,04935145;0,2091143;0,1181607;0,02555656;0,2048354;0,05647373;0,124866;0,1665516;
b;0;0,0958198;0,09946162;0,03803134;0,1872493;0,04019427;0,2358108;0,07031703;0,05503035;0,0270741;0,007102013;0,09907651;0,1522832;0,003447056;0,1067576;0,06061125;
b;0;0,06668368;0,07009429;0,008625388;0,003523588;0,1344402;0,07624316;0,05111766;0,1161289;0,1930971;0,2022851;0,2708666;0,04305553;0,09341049;0,06720543;0,02486038;
b;0;0,04435369;0,004298747;0,006693125;0,2064155;0,05122876;0,2337723;0,2542274;0,1598234;0,07926846;0,01499915;0,03045416;0,100153;0,2283835;0,2440715;0,2633767;
b;0;0,04730648;0,02691329;0,0799911;0,1278725;0,2600665;0,2509551;0,2566817;0,321933;0,4526134;0,5138128;0,5579712;0,5336938;0,455513;0,5445423;0,5038977;
b;0;0,06266481;0,03409058;0,05583739;0,05392778;0,07607341;0,3767002;0,0286665;0,2740495;0,7606132;0,7015254;0,5832305;0,5577555;0,8663015;0,9560862;1,480542;
b;0;0,01625115;0,01561868;0,1655858;0,1923;0,27095;0,5491168;0,2205503;0,17347;0,04358482;0,04559255;0,1894221;0,2440162;0,04400444;0,0451436;0,02074623;0,1358409;0,1730032;0,4073858;0,3498459;0,1963339;0,2229791;0,1539497;0,3886938;0,1267643;0,02018356;
b;0;0,010638;0,01574773;0,02528381;0,1469177;0,2753093;0,1875298;0,08801055;0,3865387;0,3600626;0,2988594;0,1529579;0,1531072;0,4132037;0,3013706;0,400116;0,222353;0,5106525;1,094178;0,9875741;1,229562;1,491269;1,371006;1,85862;1,626736;1,549787;
b;0;0,007680416;0,006543934;0,06745958;0,2143769;0,3452026;0,2604542;0,1607764;0,2649977;0,2095227;0,1782918;0,1341648;0,2941937;0,2484932;0,6471763;0,7676182;0,3850145;0,4333515;0,3397474;0,5376544;0,5672693;0,9543409;1,161978;1,396714;1,268078;1,214823;
b;0;0,04186684;0,02121687;0,01475787;0,07339323;0,05748272;0,02296972;0,1018746;0,0634284;0,3745751;0,4903252;0,3450689;0,3984842;0,3269768;0,5800915;0,6718745;0,2818542;0,6966724;0,7391286;0,6313343;0,6845069;1,153769;1,185601;1,263051;1,207579;1,254258;
b;0;0,04279226;0,02185082;0,04776704;0,09448647;0,197329;0,164382;0,07032132;0,08046651;0,06791139;0,05577803;0,01126814;0,04699421;0,02580023;0,1389771;0,04610872;0,1812501;0,02435255;0,3667893;0,3869267;0,2584829;0,2629294;0,1103148;0,524148;0,3394566;0,4120188;
b;0;0,06435728;0,1163622;0,05401909;0,01051605;0,08992243;0,1285925;0,001156569;0,01423097;0,06188679;0,1485424;0,04441118;0,08290005;0,2813082;0,2524347;0,3777885;0,03123522;0,3061156;0,5828118;0,5587182;0,4092412;0,4165568;0,2908564;0,7343159;0,5269728;0,527544;
b;0;0,08617371;0,1573235;0,06576121;0,004372716;0,05391502;0,01709151;0,0331223;0,05049229;0,02845073;0,3218057;0,2580929;0,02366447;0,1488805;0,2528949;0,02933931;0,2053509;0,175837;0,2679081;0,08262873;0,2065148;0,0723362;0,3482561;0,2389321;0,367497;0,2601423;
b;0;0,06783003;0,0445652;0,05930495;0,08409953;0,1910062;0,06043601;0,01052547;0,005779028;0,05631256;0,2628148;0,1682134;0,16747;0,01421309;0,1311951;0,3231001;0,3153067;0,5942693;0,5270343;0,3176079;0,5799923;0,8994198;0,6173763;0,9029093;1,031875;1,078145;
b;0;0,04826453;0,02557296;0,03154552;0,03220105;0,07147741;0,1150961;0,2130389;0,1509616;0,02119827;0,266547;0,353107;0,5563631;0,4305825;0,3428898;0,6916332;0,5032086;1,039234;1,305759;1,069204;0,9176292;1,359018;1,361544;1,442609;1,441881;1,789689;
s;0;0,02744222;0,07367575;0,1789612;0,255957;0,2216332;0,01990151;0,08675385;
s;0;0,01870391;0,001306534;0,0198282;0,05838227;0,004853249;0,1651793;0,1420934;
s;0;0,04612514;0,002705157;0,108426;0,1094686;0,2148511;0,4393134;0,3429525;
s;0;0,006088138;0,1018964;0,1291949;0,1528746;0,1220341;0,0263567;0,01792455;
s;0;0,005511284;0,05138743;0,03086174;0,08301413;0,05324554;0,1702576;0,1255298;
s;0;0,0399037;0,03324842;0,01690531;0,03260326;0,02212048;0,1982396;0,1786242;
s;0;0,02039903;0,0242424;0,1235172;0,1213853;0,1982739;0,3980155;0,005342245;
s;0;0,04539981;0,00057441;0,07013988;0,04391193;0,09856844;0,3292351;0,2856579;
s;0;0,0127098;0,03489137;0,009681225;0,02265072;0,03012991;0,2562361;0,2088127;
s;0;0,02254373;0,01871586;0,01231909;0,01143527;0,02069092;0,225419;0,1793087;
s;0;0,01634654;0,05166334;0,007275224;0,02735877;0,05493116;0,2329624;0,1911237;
s;0;0,02221584;0,005360246;0,08061671;0,1287738;0,1852481;0,3829551;0,3396237;0,1508415;0,154891;0,144294;0,1641884;0,3760605;0,3993664;0,4346457;0,2612743;0,7286596;0,4740992;0,4629865;0,6207757;0,670361;0,5910916;0,5668817;0,4619012;0,6465874;0,6287761;
s;0;0,04101086;0,03120393;0,07488;0,07728076;0,1310897;0,3529425;0,2834141;0,1182837;0,12409;0,1613288;0,179527;0,3854032;0,4613843;0,4425602;0,2482567;0,7138433;0,4595451;0,4216022;0,5570431;0,5789347;0,4737058;0,3960567;0,2400479;0,4242148;0,4537516;
s;0;0,02111492;0,02702475;0,02930558;0,05636597;0,02778387;0,2006164;0,1323957;0,07875633;0,0722506;0,03588533;0,01111841;0,2745352;0,3518147;0,3596549;0,1651797;0,3498716;0,2994289;0,2595906;0,3706775;0,4146228;0,3343973;0,3301458;0,1994309;0,4063792;0,3883467;
s;0;0,04849952;0,02018028;0,01377392;0,07019651;0,06528354;0,270035;0,2034621;0,04459548;0,07297778;0,03312659;0,05054569;0,2574997;0,3085155;0,3476048;0,1807003;0,3700223;0,2702527;0,2372375;0,3742809;0,4283433;0,3273358;0,531733;0,2994342;0,5075297;0,5405993;
s;0;0,01786315;0,05028057;0,02333939;0,07883775;0,00118947;0,1781573;0,1061399;0,08290696;0,0523901;0,06798434;0,07249689;0,1359777;0,2063832;0,1908183;0,01830435;0,4583387;0,233212;0,2722631;0,3803177;0,4292178;0,3498096;0,3527732;0,2217922;0,4295893;0,3856354;
s;0;0,02377915;0,04809344;0,008605123;0,03783023;0,03482413;0,1431973;0,07244396;0,1162314;0,1418669;0,1810637;0,1626191;0,07231998;0,09337521;0,103807;0,09039497;0,3494225;0,1190925;0,1101241;0,2437749;0,3195958;0,1920924;0,1739464;0,04416656;0,2549491;0,2335863;
s;0;0,02538043;0,04065394;0,007040381;0,001515865;0,08206367;0,309665;0,241523;0,1024582;0,1050155;0,1184535;0,1387525;0,3752561;0,4217267;0,3769612;0,2040706;0,6441255;0,5672283;0,5305333;0,6421332;0,7158833;0,5830684;0,5827584;0,452198;0,6594591;0,6676149;
s;0;0,04854485;0,04646742;0,01182187;0,01041043;0,07137704;0,2712798;0,2017846;0,04205632;0,07382894;0,08858252;0,1108966;0,3217535;0,3506985;0,3124537;0,1695762;0,3063664;0,2363768;0,2009912;0,3401918;0,4414663;0,3344426;0,51829;0,3685336;0,5791092;0,5853243;
s;0;0,0451358;0,04952443;0,01860011;0,006737828;0,09062815;0,2871735;0,2188368;0,1075041;0,08846474;0,1281972;0,1213777;0,3545399;0,4572029;0,4654651;0,2743182;0,7167597;0,5159402;0,5343018;0,6456347;0,7458181;0,5946541;0,5970559;0,4895;0,7251105;0,7032161;
