
NEW RESULT

[ p ;  jungle8 ; breaker: 1,0 ] --> 0,2 0,5 0,76 1,37 1,93 2,24 2,72 2,93 
[ b ;  jungle8 ; breaker: 1,0 ] --> 0,2 0,6089827 0,842352 1,452854 2,09425 2,758248 3,266231 3,503219 
[ e ;  jungle8 ; breaker: 1,0 ] --> 0 0,1089827 0,08235198 0,08285415 0,1642503 0,5182483 0,5462308 0,5732193 
Absolute Error Mean: 0,2595172

[ p ;  jungle8 ; breaker: 1,0 ] --> 0,2 0,5 0,76 1,37 1,93 2,24 2,72 2,93 
[ b ;  jungle8 ; breaker: 1,0 ] --> 0,2 0,5011383 0,8058696 1,466135 2,179241 2,383453 2,966997 3,194565 
[ e ;  jungle8 ; breaker: 1,0 ] --> 0 0,00113827 0,04586965 0,09613538 0,249241 0,1434534 0,2469966 0,2645645 
Absolute Error Mean: 0,1309249

[ p ;  jungle8 ; breaker: 1,0 ] --> 0,2 0,5 0,76 1,37 1,93 2,24 2,72 2,93 
[ b ;  jungle8 ; breaker: 1,0 ] --> 0,2 0,4341446 0,6424842 0,8479822 4,248841 
[ e ;  jungle8 ; breaker: 1,0 ] --> 0 0,06585541 0,1175158 0,5220178 2,318841 
Absolute Error Mean: 1,364279

[ p ;  jungle8 ; breaker: 1,0 ] --> 0,2 0,5 0,76 1,37 1,93 2,24 2,72 2,93 
[ b ;  jungle8 ; breaker: 1,0 ] --> 0,2 0,5040631 0,7826587 1,447599 2,057845 2,6676 3,031405 3,389483 
[ e ;  jungle8 ; breaker: 1,0 ] --> 0 0,004063129 0,02265871 0,07759893 0,1278447 0,4275999 0,3114054 0,4594831 
Absolute Error Mean: 0,1788317

[ p ;  jungle8 ; breaker: 1,0 ] --> 0,2 0,5 0,76 1,37 1,93 2,24 2,72 2,93 
[ b ;  jungle8 ; breaker: 1,0 ] --> 0,2 0,5056041 0,7848552 1,402099 2,013805 2,2152 2,721471 2,925043 
[ e ;  jungle8 ; breaker: 1,0 ] --> 0 0,005604088 0,0248552 0,03209853 0,08380544 0,02479959 0,001471043 0,004957199 
Absolute Error Mean: 0,02219889

[ p ;  jungle8 ; breaker: 1,0 ] --> 0,2 0,5 0,76 1,37 1,93 2,24 2,72 2,93 
[ b ;  jungle8 ; breaker: 1,0 ] --> 0,2 0,4573579 0,7147658 1,331249 1,923567 2,209946 2,647865 2,854037 
[ e ;  jungle8 ; breaker: 1,0 ] --> 0 0,04264206 0,04523414 0,03875089 0,006432772 0,03005362 0,07213473 0,07596302 
Absolute Error Mean: 0,0389014

[ p ;  jungle8 ; breaker: 1,0 ] --> 0,2 0,5 0,76 1,37 1,93 2,24 2,72 2,93 
[ b ;  jungle8 ; breaker: 1,0 ] --> 0,2 0,461772 0,7228897 1,31727 1,979361 2,238983 2,679907 2,862102 
[ e ;  jungle8 ; breaker: 1,0 ] --> 0 0,03822803 0,03711033 0,05272985 0,04936147 0,001017332 0,04009318 0,06789804 
Absolute Error Mean: 0,03580478

[ p ;  jungle8 ; breaker: 1,0 ] --> 0,2 0,5 0,76 1,37 1,93 2,24 2,72 2,93 
[ b ;  jungle8 ; breaker: 1,0 ] --> 0,2 0,4829398 0,7390918 1,305203 1,662935 1,820283 2,331347 2,591459 
[ e ;  jungle8 ; breaker: 1,0 ] --> 0 0,01706019 0,02090824 0,06479669 0,2670646 0,4197171 0,388653 0,338541 
Absolute Error Mean: 0,1895926

[ p ;  jungle8 ; breaker: 1,0 ] --> 0,2 0,5 0,76 1,37 1,93 2,24 2,72 2,93 
[ b ;  jungle8 ; breaker: 1,0 ] --> 0,2 0,4810403 0,7627125 1,300734 1,739574 1,945137 2,38213 2,586545 
[ e ;  jungle8 ; breaker: 1,0 ] --> 0 0,0189597 0,002712488 0,06926608 0,1904262 0,2948629 0,3378699 0,3434546 
Absolute Error Mean: 0,157194

[ p ;  jungle8 ; breaker: 1,0 ] --> 0,2 0,5 0,76 1,37 1,93 2,24 2,72 2,93 
[ b ;  jungle8 ; breaker: 1,0 ] --> 0,2 0,4572039 0,6893589 1,203729 1,770071 1,999434 2,458802 2,63788 
[ e ;  jungle8 ; breaker: 1,0 ] --> 0 0,04279608 0,07064104 0,1662711 0,1599286 0,2405655 0,2611978 0,2921197 
Absolute Error Mean: 0,15419

[ p ;  jungle16 ; breaker: 1,0 ] --> 0,2 0,5 0,76 1,37 1,93 2,24 2,72 2,93 
[ s ;  jungle16 ; breaker: 1,0 ] --> 0,2 0,4272883 0,731688 0,9818451 1,385772 1,763578 2,091303 2,343291 2,874433 3,129481 3,411613 3,71919 4,023164 4,280141 4,560703 4,818063 4,971096 
[ e ;  jungle16 ; breaker: 1,0 ] --> 0 0,07271171 0,02831197 0,3881549 0,544228 0,4764217 0,6286967 0,5867093 
Absolute Error Mean: 0,3406543

[ p ;  jungle16 ; breaker: 1,0 ] --> 0,2 0,5 0,76 1,37 1,93 2,24 2,72 2,93 3,2 3,51 3,78 4,08 4,57 4,9 5,19 5,3 
[ s ;  jungle16 ; breaker: 1,0 ] --> 0,2 0,4556142 0,7889058 1,29786 2,016189 2,30156 2,66042 2,915714 3,454933 3,760524 4,040393 4,344211 4,650017 4,909223 5,187565 5,470194 5,650477 
[ e ;  jungle16 ; breaker: 1,0 ] --> 0 0,04438579 0,02890581 0,07213962 0,08618867 0,06155968 0,05957961 0,0142858 0,2549326 0,2505238 0,2603934 0,2642107 0,08001661 0,009222507 0,002434731 0,1701941 
Absolute Error Mean: 0,1036858

[ p ;  jungle16 ; breaker: 1,0 ] --> 0,2 0,5 0,76 1,37 1,93 2,24 2,72 2,93 3,2 3,51 3,78 4,08 4,57 4,9 5,19 5,3 
[ s ;  jungle16 ; breaker: 1,0 ] --> 0,2 0,5022091 0,8046789 1,386786 2,073775 2,376456 2,706356 2,960125 3,418358 3,724431 4,004241 4,283909 4,587419 4,863036 5,167841 5,396603 5,598291 
[ e ;  jungle16 ; breaker: 1,0 ] --> 0 0,002209127 0,04467887 0,0167855 0,1437746 0,1364565 0,01364374 0,03012466 0,2183578 0,2144308 0,2242405 0,2039094 0,01741838 0,03696442 0,02215862 0,09660292 
Absolute Error Mean: 0,08885974

[ p ;  jungle16 ; breaker: 1,0 ] --> 0,2 0,5 0,76 1,37 1,93 2,24 2,72 2,93 3,2 3,51 3,78 4,08 4,57 4,9 5,19 5,3 
[ s ;  jungle16 ; breaker: 1,0 ] --> 0,2 0,42763 0,7606733 1,270406 1,838725 2,115715 2,366553 2,643022 3,09909 3,375954 3,701798 3,981278 4,28433 4,565557 4,842434 5,608836 
[ e ;  jungle16 ; breaker: 1,0 ] --> 0 0,07237002 0,0006732941 0,09959412 0,09127486 0,1242847 0,3534467 0,2869782 0,1009099 0,1340461 0,07820153 0,09872174 0,2856698 0,3344426 0,3475661 0,308836 
Absolute Error Mean: 0,1698135

[ p ;  jungle16 ; breaker: 1,0 ] --> 0,2 0,5 0,76 1,37 1,93 2,24 2,72 2,93 3,2 3,51 3,78 4,08 4,57 4,9 5,19 5,3 
[ s ;  jungle16 ; breaker: 1,0 ] --> 0,2 0,456905 0,7581063 1,314273 1,894388 2,14542 2,424455 2,675492 2,854053 3,134558 3,440878 3,672049 4,003144 4,285075 4,693119 4,900963 
[ e ;  jungle16 ; breaker: 1,0 ] --> 0 0,04309499 0,001893699 0,05572689 0,03561223 0,0945797 0,2955453 0,2545085 0,3459466 0,3754416 0,3391221 0,4079506 0,5668559 0,6149254 0,4968815 0,3990374 
Absolute Error Mean: 0,2704451

[ p ;  jungle16 ; breaker: 1,0 ] --> 0,2 0,5 0,76 1,37 1,93 2,24 2,72 2,93 3,2 3,51 3,78 4,08 4,57 4,9 5,19 5,3 
[ s ;  jungle16 ; breaker: 1,0 ] --> 0,2 0,482493 0,7917879 1,350957 1,887284 2,118255 2,372993 2,678118 3,054393 3,38564 3,64029 3,97193 4,277855 4,539082 4,820022 5,098613 5,962002 
[ e ;  jungle16 ; breaker: 1,0 ] --> 0 0,01750696 0,03178793 0,01904261 0,04271591 0,1217446 0,3470068 0,2518821 0,145607 0,1243603 0,1397095 0,1080701 0,2921453 0,360918 0,369978 0,2013874 
Absolute Error Mean: 0,1608664

[ p ;  jungle16 ; breaker: 1,0 ] --> 0,2 0,5 0,76 1,37 1,93 2,24 2,72 2,93 3,2 3,51 3,78 4,08 4,57 4,9 5,19 5,3 
[ s ;  jungle16 ; breaker: 1,0 ] --> 0,2 0,4011763 0,8039944 1,255332 1,794627 2,049585 2,305776 2,58895 3,022317 3,331454 3,639951 3,945918 4,228543 4,512924 4,795551 5,049813 
[ e ;  jungle16 ; breaker: 1,0 ] --> 0 0,09882373 0,04399437 0,1146681 0,1353725 0,1904154 0,4142239 0,3410501 0,1776834 0,1785462 0,140049 0,1340816 0,3414574 0,3870759 0,3944492 0,2501869 
Absolute Error Mean: 0,2088799

[ p ;  jungle16 ; breaker: 1,0 ] --> 0,2 0,5 0,76 1,37 1,93 2,24 2,72 2,93 3,2 3,51 3,78 4,08 4,57 4,9 5,19 5,3 
[ s ;  jungle16 ; breaker: 1,0 ] --> 0,2 0,481412 0,7895517 1,318954 1,857856 2,111988 2,36798 2,64847 3,031322 3,383207 3,760412 4,011806 4,319866 4,604662 4,859796 5,116684 5,323938 
[ e ;  jungle16 ; breaker: 1,0 ] --> 0 0,01858801 0,02955168 0,05104589 0,07214379 0,1280119 0,3520205 0,2815297 0,168678 0,1267927 0,01958847 0,06819391 0,250134 0,2953382 0,3302045 0,1833162 
Absolute Error Mean: 0,1484461

[ p ;  jungle16 ; breaker: 1,0 ] --> 0,2 0,5 0,76 1,37 1,93 2,24 2,72 2,93 3,2 3,51 3,78 4,08 4,57 4,9 5,19 5,3 
[ s ;  jungle16 ; breaker: 1,0 ] --> 0,2 0,55409 0,8051682 1,086201 1,700411 1,982686 2,266553 2,574409 3,039435 3,345813 3,624792 3,926938 4,210271 4,487485 4,764646 4,995084 
[ e ;  jungle16 ; breaker: 1,0 ] --> 0 0,05408996 0,04516816 0,2837993 0,2295893 0,257314 0,4534473 0,3555913 0,1605654 0,1641874 0,1552081 0,1530621 0,3597293 0,4125147 0,4253545 0,3049159 
Absolute Error Mean: 0,2384086

[ p ;  jungle16 ; breaker: 1,0 ] --> 0,2 0,5 0,76 1,37 1,93 2,24 2,72 2,93 3,2 3,51 3,78 4,08 4,57 4,9 5,19 5,3 
[ s ;  jungle16 ; breaker: 1,0 ] --> 0,2 0,4566322 0,7406708 1,225523 1,834832 2,090132 2,369833 2,678099 3,082648 3,38723 3,691349 3,972364 4,2539 4,538516 4,897675 5,128576 
[ e ;  jungle16 ; breaker: 1,0 ] --> 0 0,0433678 0,01932919 0,1444774 0,09516811 0,149868 0,350167 0,2519007 0,1173518 0,1227698 0,08865094 0,1076355 0,3161006 0,3614845 0,292325 0,1714239 
Absolute Error Mean: 0,1645013

[ p ;  jungle16 ; breaker: 1,0 ] --> 0,2 0,5 0,76 1,37 1,93 2,24 2,72 2,93 3,2 3,51 3,78 4,08 4,57 4,9 5,19 5,3 
[ b ;  jungle16 ; breaker: 1,0 ] --> 0,2 0,4045424 0,6322179 1,214878 1,670744 2,354478 2,610936 2,814969 3,016706 3,245495 3,577528 4,245182 4,425428 4,98697 5,295614 5,666756 
[ e ;  jungle16 ; breaker: 1,0 ] --> 0 0,09545755 0,1277821 0,1551223 0,2592556 0,1144781 0,1090636 0,1150308 0,1832936 0,2645049 0,2024722 0,1651816 0,1445718 0,08696985 0,1056142 0,366756 
Absolute Error Mean: 0,1559721

[ p ;  jungle16 ; breaker: 1,0 ] --> 0,2 0,5 0,76 1,37 1,93 2,24 2,72 2,93 3,2 3,51 3,78 4,08 4,57 4,9 5,19 5,3 
[ b ;  jungle16 ; breaker: 1,0 ] --> 0,2 0,4064737 0,5855733 1,094368 1,634716 1,966027 2,503803 2,835452 3,146358 3,353044 3,888721 4,217315 4,804902 5,164888 5,370512 5,550487 6,008883 
[ e ;  jungle16 ; breaker: 1,0 ] --> 0 0,09352633 0,1744267 0,2756319 0,295284 0,2739735 0,2161975 0,09454799 0,05364227 0,1569564 0,1087205 0,1373153 0,2349019 0,2648883 0,1805124 0,2504864 
Absolute Error Mean: 0,1756882

[ p ;  jungle16 ; breaker: 1,0 ] --> 0,2 0,5 0,76 1,37 1,93 2,24 2,72 2,93 3,2 3,51 3,78 4,08 4,57 4,9 5,19 5,3 
[ b ;  jungle16 ; breaker: 1,0 ] --> 0,2 0,4058968 0,5858596 1,22347 1,784371 2,451977 2,658484 2,914557 3,429782 3,663052 3,841976 4,072801 4,616042 5,001151 5,359282 5,610936 
[ e ;  jungle16 ; breaker: 1,0 ] --> 0 0,09410319 0,1741404 0,1465298 0,1456285 0,2119772 0,06151557 0,01544261 0,2297816 0,1530521 0,06197596 0,007199287 0,04604197 0,101151 0,1692824 0,3109355 
Absolute Error Mean: 0,1205473

[ p ;  jungle16 ; breaker: 1,0 ] --> 0,2 0,5 0,76 1,37 1,93 2,24 2,72 2,93 3,2 3,51 3,78 4,08 4,57 4,9 5,19 5,3 
[ b ;  jungle16 ; breaker: 1,0 ] --> 0,2 0,4057645 0,6887171 1,302601 1,868441 2,560095 2,7413 3,31003 3,540671 3,795419 4,02717 4,257701 4,465648 5,108536 5,412918 5,800219 
[ e ;  jungle16 ; breaker: 1,0 ] --> 0 0,09423545 0,07128292 0,06739855 0,06155944 0,3200948 0,02130032 0,3800299 0,3406706 0,2854185 0,2471697 0,1777015 0,1043525 0,2085357 0,222918 0,5002184 
Absolute Error Mean: 0,1939304

[ p ;  jungle16 ; breaker: 1,0 ] --> 0,2 0,5 0,76 1,37 1,93 2,24 2,72 2,93 3,2 3,51 3,78 4,08 4,57 4,9 5,19 5,3 
[ b ;  jungle16 ; breaker: 1,0 ] --> 0,2 0,4310053 0,6584513 1,27065 1,578511 2,168849 2,373057 2,963181 3,197107 3,428197 3,631698 3,837595 4,068471 4,7546 4,962697 5,271469 
[ e ;  jungle16 ; breaker: 1,0 ] --> 0 0,0689947 0,1015487 0,09935033 0,3514889 0,07115126 0,3469431 0,03318048 0,002893209 0,08180332 0,1483018 0,2424045 0,5015292 0,1454 0,227303 0,02853107 
Absolute Error Mean: 0,1531765

[ p ;  jungle16 ; breaker: 1,0 ] --> 0,2 0,5 0,76 1,37 1,93 2,24 2,72 2,93 3,2 3,51 3,78 4,08 4,57 4,9 5,19 5,3 
[ b ;  jungle16 ; breaker: 1,0 ] --> 0,2 0,4372087 0,7000181 1,392591 1,938219 2,145152 2,740779 2,946076 3,150649 3,719114 3,898161 4,105556 4,365165 4,956474 5,314866 5,466552 
[ e ;  jungle16 ; breaker: 1,0 ] --> 0 0,06279135 0,05998188 0,02259099 0,008219004 0,09484768 0,02077937 0,01607561 0,04935145 0,2091143 0,1181607 0,02555656 0,2048354 0,05647373 0,124866 0,1665516 
Absolute Error Mean: 0,07751223

[ p ;  jungle16 ; breaker: 1,0 ] --> 0,2 0,5 0,76 1,37 1,93 2,24 2,72 2,93 3,2 3,51 3,78 4,08 4,57 4,9 5,19 5,3 
[ b ;  jungle16 ; breaker: 1,0 ] --> 0,2 0,4041802 0,6605384 1,408031 1,742751 2,280194 2,484189 3,000317 3,25503 3,537074 3,772898 3,980923 4,417717 4,903447 5,083242 5,239389 
[ e ;  jungle16 ; breaker: 1,0 ] --> 0 0,0958198 0,09946162 0,03803134 0,1872493 0,04019427 0,2358108 0,07031703 0,05503035 0,0270741 0,007102013 0,09907651 0,1522832 0,003447056 0,1067576 0,06061125 
Absolute Error Mean: 0,07989164

[ p ;  jungle16 ; breaker: 1,0 ] --> 0,2 0,5 0,76 1,37 1,93 2,24 2,72 2,93 3,2 3,51 3,78 4,08 4,57 4,9 5,19 5,3 
[ b ;  jungle16 ; breaker: 1,0 ] --> 0,2 0,4333163 0,6899057 1,361375 1,926476 2,10556 2,643757 2,878882 3,083871 3,316903 3,577715 3,809133 4,526945 4,993411 5,122795 5,27514 
[ e ;  jungle16 ; breaker: 1,0 ] --> 0 0,06668368 0,07009429 0,008625388 0,003523588 0,1344402 0,07624316 0,05111766 0,1161289 0,1930971 0,2022851 0,2708666 0,04305553 0,09341049 0,06720543 0,02486038 
Absolute Error Mean: 0,08885235

[ p ;  jungle16 ; breaker: 1,0 ] --> 0,2 0,5 0,76 1,37 1,93 2,24 2,72 2,93 3,2 3,51 3,78 4,08 4,57 4,9 5,19 5,3 
[ b ;  jungle16 ; breaker: 1,0 ] --> 0,2 0,4556463 0,7642987 1,376693 2,136415 2,291229 2,953772 3,184227 3,359823 3,589268 3,794999 4,049546 4,670153 5,128384 5,434072 5,563377 
[ e ;  jungle16 ; breaker: 1,0 ] --> 0 0,04435369 0,004298747 0,006693125 0,2064155 0,05122876 0,2337723 0,2542274 0,1598234 0,07926846 0,01499915 0,03045416 0,100153 0,2283835 0,2440715 0,2633767 
Absolute Error Mean: 0,120095

[ p ;  jungle16 ; breaker: 1,0 ] --> 0,2 0,5 0,76 1,37 1,93 2,24 2,72 2,93 3,2 3,51 3,78 4,08 4,57 4,9 5,19 5,3 
[ b ;  jungle16 ; breaker: 1,0 ] --> 0,2 0,4526935 0,7330867 1,290009 1,802127 1,979934 2,469045 2,673318 2,878067 3,057387 3,266187 3,522029 4,036306 4,444487 4,645458 4,796103 
[ e ;  jungle16 ; breaker: 1,0 ] --> 0 0,04730648 0,02691329 0,0799911 0,1278725 0,2600665 0,2509551 0,2566817 0,321933 0,4526134 0,5138128 0,5579712 0,5336938 0,455513 0,5445423 0,5038977 
Absolute Error Mean: 0,3083602

[ p ;  jungle26 ; breaker: 1,0 ] --> 0,2 0,5 0,76 1,37 1,93 2,24 2,72 2,93 3,2 3,51 3,78 4,08 4,57 4,9 5,19 5,3 
[ b ;  jungle26 ; breaker: 1,0 ] --> 0,2 0,5626648 0,7940906 1,425837 1,983928 2,163927 2,3433 2,958667 3,47405 4,270613 4,481525 4,66323 5,127756 5,766302 6,146086 6,780542 7,007071 7,211533 7,366694 7,828625 8,34089 8,74875 9,126887 9,308211 9,487246 9,667352 
[ e ;  jungle26 ; breaker: 1,0 ] --> 0 0,06266481 0,03409058 0,05583739 0,05392778 0,07607341 0,3767002 0,0286665 0,2740495 0,7606132 0,7015254 0,5832305 0,5577555 0,8663015 0,9560862 1,480542 
Absolute Error Mean: 0,429254

[ p ;  jungle26 ; breaker: 1,0 ] --> 0,2 0,5 0,76 1,37 1,93 2,24 2,72 2,93 3,2 3,51 3,78 4,08 4,57 4,9 5,19 5,3 5,92 6,1 6,37 6,76 7,09 7,24 7,7 7,8 8,24 8,5 
[ b ;  jungle26 ; breaker: 1,0 ] --> 0,2 0,4837489 0,7443813 1,204414 1,7377 1,96905 2,170883 2,70945 3,37347 3,553585 3,734407 3,890578 4,325984 4,944005 5,144856 5,320746 5,784159 6,273003 6,777386 7,109846 7,286334 7,462979 7,85395 8,188694 8,366764 8,520184 
[ e ;  jungle26 ; breaker: 1,0 ] --> 0 0,01625115 0,01561868 0,1655858 0,1923 0,27095 0,5491168 0,2205503 0,17347 0,04358482 0,04559255 0,1894221 0,2440162 0,04400444 0,0451436 0,02074623 0,1358409 0,1730032 0,4073858 0,3498459 0,1963339 0,2229791 0,1539497 0,3886938 0,1267643 0,02018356 
Absolute Error Mean: 0,1696667

[ p ;  jungle26 ; breaker: 1,0 ] --> 0,2 0,5 0,76 1,37 1,93 2,24 2,72 2,93 3,2 3,51 3,78 4,08 4,57 4,9 5,19 5,3 5,92 6,1 6,37 6,76 7,09 7,24 7,7 7,8 8,24 8,5 
[ b ;  jungle26 ; breaker: 1,0 ] --> 0,2 0,489362 0,7757477 1,344716 1,783082 1,964691 2,53247 2,84199 3,586539 3,870063 4,078859 4,232958 4,723107 5,313204 5,491371 5,700116 6,142353 6,610652 7,464178 7,747574 8,319562 8,731269 9,071006 9,65862 9,866735 10,04979 
[ e ;  jungle26 ; breaker: 1,0 ] --> 0 0,010638 0,01574773 0,02528381 0,1469177 0,2753093 0,1875298 0,08801055 0,3865387 0,3600626 0,2988594 0,1529579 0,1531072 0,4132037 0,3013706 0,400116 0,222353 0,5106525 1,094178 0,9875741 1,229562 1,491269 1,371006 1,85862 1,626736 1,549787 
Absolute Error Mean: 0,5829765

[ p ;  jungle26 ; breaker: 1,0 ] --> 0,2 0,5 0,76 1,37 1,93 2,24 2,72 2,93 3,2 3,51 3,78 4,08 4,57 4,9 5,19 5,3 5,92 6,1 6,37 6,76 7,09 7,24 7,7 7,8 8,24 8,5 
[ b ;  jungle26 ; breaker: 1,0 ] --> 0,2 0,5076804 0,7665439 1,30254 1,715623 1,894797 2,459546 2,769224 3,464998 3,719523 3,958292 4,214165 4,864194 5,148493 5,837176 6,067618 6,305015 6,533351 6,709747 7,297655 7,657269 8,194341 8,861978 9,196714 9,508078 9,714823 9,869647 
[ e ;  jungle26 ; breaker: 1,0 ] --> 0 0,007680416 0,006543934 0,06745958 0,2143769 0,3452026 0,2604542 0,1607764 0,2649977 0,2095227 0,1782918 0,1341648 0,2941937 0,2484932 0,6471763 0,7676182 0,3850145 0,4333515 0,3397474 0,5376544 0,5672693 0,9543409 1,161978 1,396714 1,268078 1,214823 
Absolute Error Mean: 0,464074

[ p ;  jungle26 ; breaker: 1,0 ] --> 0,2 0,5 0,76 1,37 1,93 2,24 2,72 2,93 3,2 3,51 3,78 4,08 4,57 4,9 5,19 5,3 5,92 6,1 6,37 6,76 7,09 7,24 7,7 7,8 8,24 8,5 
[ b ;  jungle26 ; breaker: 1,0 ] --> 0,2 0,4581332 0,7812169 1,384758 2,003393 2,182517 2,69703 3,031875 3,263428 3,884575 4,270325 4,425069 4,968484 5,226977 5,770092 5,971875 6,201854 6,796672 7,109128 7,391335 7,774507 8,393769 8,885601 9,063051 9,447578 9,754258 
[ e ;  jungle26 ; breaker: 1,0 ] --> 0 0,04186684 0,02121687 0,01475787 0,07339323 0,05748272 0,02296972 0,1018746 0,0634284 0,3745751 0,4903252 0,3450689 0,3984842 0,3269768 0,5800915 0,6718745 0,2818542 0,6966724 0,7391286 0,6313343 0,6845069 1,153769 1,185601 1,263051 1,207579 1,254258 
Absolute Error Mean: 0,4877747

[ p ;  jungle26 ; breaker: 1,0 ] --> 0,2 0,5 0,76 1,37 1,93 2,24 2,72 2,93 3,2 3,51 3,78 4,08 4,57 4,9 5,19 5,3 5,92 6,1 6,37 6,76 7,09 7,24 7,7 7,8 8,24 8,5 
[ b ;  jungle26 ; breaker: 1,0 ] --> 0,2 0,4572077 0,7381492 1,322233 1,835513 2,042671 2,555618 2,859679 3,119534 3,577911 3,835778 4,068732 4,616994 4,8742 5,051023 5,253891 5,73875 6,075647 6,736789 7,146927 7,348483 7,502929 7,810315 8,324148 8,579456 8,912019 
[ e ;  jungle26 ; breaker: 1,0 ] --> 0 0,04279226 0,02185082 0,04776704 0,09448647 0,197329 0,164382 0,07032132 0,08046651 0,06791139 0,05577803 0,01126814 0,04699421 0,02580023 0,1389771 0,04610872 0,1812501 0,02435255 0,3667893 0,3869267 0,2584829 0,2629294 0,1103148 0,524148 0,3394566 0,4120188 
Absolute Error Mean: 0,1530347

[ p ;  jungle26 ; breaker: 1,0 ] --> 0,2 0,5 0,76 1,37 1,93 2,24 2,72 2,93 3,2 3,51 3,78 4,08 4,57 4,9 5,19 5,3 5,92 6,1 6,37 6,76 7,09 7,24 7,7 7,8 8,24 8,5 
[ b ;  jungle26 ; breaker: 1,0 ] --> 0,2 0,5643573 0,8763621 1,424019 1,919484 2,150078 2,591408 2,928843 3,214231 3,448113 3,631458 4,124411 4,4871 5,181308 5,442435 5,677789 5,888765 6,406116 6,952812 7,318718 7,499241 7,656557 7,990856 8,534316 8,766973 9,027544 
[ e ;  jungle26 ; breaker: 1,0 ] --> 0 0,06435728 0,1163622 0,05401909 0,01051605 0,08992243 0,1285925 0,001156569 0,01423097 0,06188679 0,1485424 0,04441118 0,08290005 0,2813082 0,2524347 0,3777885 0,03123522 0,3061156 0,5828118 0,5587182 0,4092412 0,4165568 0,2908564 0,7343159 0,5269728 0,527544 
Absolute Error Mean: 0,2351076

[ p ;  jungle26 ; breaker: 1,0 ] --> 0,2 0,5 0,76 1,37 1,93 2,24 2,72 2,93 3,2 3,51 3,78 4,08 4,57 4,9 5,19 5,3 5,92 6,1 6,37 6,76 7,09 7,24 7,7 7,8 8,24 8,5 
[ b ;  jungle26 ; breaker: 1,0 ] --> 0,2 0,5861737 0,9173235 1,435761 1,925627 2,186085 2,702909 2,963122 3,250492 3,481549 4,101806 4,338093 4,546336 4,75112 4,937105 5,32934 5,714649 5,924163 6,102092 6,677372 6,883485 7,167664 7,351744 7,561068 7,872503 8,239858 
[ e ;  jungle26 ; breaker: 1,0 ] --> 0 0,08617371 0,1573235 0,06576121 0,004372716 0,05391502 0,01709151 0,0331223 0,05049229 0,02845073 0,3218057 0,2580929 0,02366447 0,1488805 0,2528949 0,02933931 0,2053509 0,175837 0,2679081 0,08262873 0,2065148 0,0723362 0,3482561 0,2389321 0,367497 0,2601423 
Absolute Error Mean: 0,1444917

[ p ;  jungle26 ; breaker: 1,0 ] --> 0,2 0,5 0,76 1,37 1,93 2,24 2,72 2,93 3,2 3,51 3,78 4,08 4,57 4,9 5,19 5,3 5,92 6,1 6,37 6,76 7,09 7,24 7,7 7,8 8,24 8,5 
[ b ;  jungle26 ; breaker: 1,0 ] --> 0,2 0,43217 0,7154348 1,310695 1,8459 2,048994 2,659564 2,940526 3,194221 3,453687 4,042815 4,248213 4,40253 4,914213 5,321195 5,6231 6,235307 6,694269 6,897034 7,077608 7,669992 8,13942 8,317376 8,702909 9,271874 9,578145 
[ e ;  jungle26 ; breaker: 1,0 ] --> 0 0,06783003 0,0445652 0,05930495 0,08409953 0,1910062 0,06043601 0,01052547 0,005779028 0,05631256 0,2628148 0,1682134 0,16747 0,01421309 0,1311951 0,3231001 0,3153067 0,5942693 0,5270343 0,3176079 0,5799923 0,8994198 0,6173763 0,9029093 1,031875 1,078145 
Absolute Error Mean: 0,3273385

[ p ;  jungle26 ; breaker: 1,0 ] --> 0,2 0,5 0,76 1,37 1,93 2,24 2,72 2,93 3,2 3,51 3,78 4,08 4,57 4,9 5,19 5,3 5,92 6,1 6,37 6,76 7,09 7,24 7,7 7,8 8,24 8,5 
[ b ;  jungle26 ; breaker: 1,0 ] --> 0,2 0,4517355 0,7855729 1,401546 1,962201 2,168523 2,835096 3,143039 3,350962 3,531198 4,046547 4,433107 5,126363 5,330583 5,53289 5,991633 6,423209 7,139234 7,675759 7,829205 8,007629 8,599018 9,061543 9,242609 9,681881 10,28969 
[ e ;  jungle26 ; breaker: 1,0 ] --> 0 0,04826453 0,02557296 0,03154552 0,03220105 0,07147741 0,1150961 0,2130389 0,1509616 0,02119827 0,266547 0,353107 0,5563631 0,4305825 0,3428898 0,6916332 0,5032086 1,039234 1,305759 1,069204 0,9176292 1,359018 1,361544 1,442609 1,441881 1,789689 
Absolute Error Mean: 0,5992406

[ p ;  jungle8 ; breaker: 1,0 ] --> 0,2 0,5 0,76 1,37 1,93 2,24 2,72 2,93 3,2 3,51 3,78 4,08 4,57 4,9 5,19 5,3 5,92 6,1 6,37 6,76 7,09 7,24 7,7 7,8 8,24 8,5 
[ s ;  jungle8 ; breaker: 1,0 ] --> 0,2 0,5274422 0,8336757 1,548961 2,185957 2,461633 2,739902 3,016754 
[ e ;  jungle8 ; breaker: 1,0 ] --> 0 0,02744222 0,07367575 0,1789612 0,255957 0,2216332 0,01990151 0,08675385 
Absolute Error Mean: 4,119781

[ p ;  jungle8 ; breaker: 1,0 ] --> 0,2 0,5 0,76 1,37 1,93 2,24 2,72 2,93 
[ s ;  jungle8 ; breaker: 1,0 ] --> 0,2 0,4812961 0,7613065 1,350172 1,988382 2,244853 2,554821 2,787907 
[ e ;  jungle8 ; breaker: 1,0 ] --> 0 0,01870391 0,001306534 0,0198282 0,05838227 0,004853249 0,1651793 0,1420934 
Absolute Error Mean: 0,05129335

[ p ;  jungle8 ; breaker: 1,0 ] --> 0,2 0,5 0,76 1,37 1,93 2,24 2,72 2,93 
[ s ;  jungle8 ; breaker: 1,0 ] --> 0,2 0,4538749 0,7572948 1,261574 1,820531 2,025149 2,280687 2,587048 
[ e ;  jungle8 ; breaker: 1,0 ] --> 0 0,04612514 0,002705157 0,108426 0,1094686 0,2148511 0,4393134 0,3429525 
Absolute Error Mean: 0,1579802

[ p ;  jungle8 ; breaker: 1,0 ] --> 0,2 0,5 0,76 1,37 1,93 2,24 2,72 2,93 
[ s ;  jungle8 ; breaker: 1,0 ] --> 0,2 0,5060881 0,8618964 1,499195 2,082875 2,362034 2,693643 2,947925 
[ e ;  jungle8 ; breaker: 1,0 ] --> 0 0,006088138 0,1018964 0,1291949 0,1528746 0,1220341 0,0263567 0,01792455 
Absolute Error Mean: 0,06954616

[ p ;  jungle8 ; breaker: 1,0 ] --> 0,2 0,5 0,76 1,37 1,93 2,24 2,72 2,93 
[ s ;  jungle8 ; breaker: 1,0 ] --> 0,2 0,5055113 0,8113874 1,400862 2,013014 2,293246 2,549742 2,80447 
[ e ;  jungle8 ; breaker: 1,0 ] --> 0 0,005511284 0,05138743 0,03086174 0,08301413 0,05324554 0,1702576 0,1255298 
Absolute Error Mean: 0,06497593

[ p ;  jungle8 ; breaker: 1,0 ] --> 0,2 0,5 0,76 1,37 1,93 2,24 2,72 2,93 
[ s ;  jungle8 ; breaker: 1,0 ] --> 0,2 0,4600963 0,7932484 1,353095 1,962603 2,21788 2,52176 2,751376 
[ e ;  jungle8 ; breaker: 1,0 ] --> 0 0,0399037 0,03324842 0,01690531 0,03260326 0,02212048 0,1982396 0,1786242 
Absolute Error Mean: 0,06520561

[ p ;  jungle8 ; breaker: 1,0 ] --> 0,2 0,5 0,76 1,37 1,93 2,24 2,72 2,93 
[ s ;  jungle8 ; breaker: 1,0 ] --> 0,2 0,479601 0,7357576 1,246483 1,808615 2,041726 2,321985 2,935342 
[ e ;  jungle8 ; breaker: 1,0 ] --> 0 0,02039903 0,0242424 0,1235172 0,1213853 0,1982739 0,3980155 0,005342245 
Absolute Error Mean: 0,1113969

[ p ;  jungle8 ; breaker: 1,0 ] --> 0,2 0,5 0,76 1,37 1,93 2,24 2,72 2,93 
[ s ;  jungle8 ; breaker: 1,0 ] --> 0,2 0,4546002 0,7594256 1,29986 1,886088 2,141432 2,390765 2,644342 
[ e ;  jungle8 ; breaker: 1,0 ] --> 0 0,04539981 0,00057441 0,07013988 0,04391193 0,09856844 0,3292351 0,2856579 
Absolute Error Mean: 0,1091859

[ p ;  jungle8 ; breaker: 1,0 ] --> 0,2 0,5 0,76 1,37 1,93 2,24 2,72 2,93 
[ s ;  jungle8 ; breaker: 1,0 ] --> 0,2 0,5127098 0,7948914 1,360319 1,952651 2,20987 2,463764 2,721187 
[ e ;  jungle8 ; breaker: 1,0 ] --> 0 0,0127098 0,03489137 0,009681225 0,02265072 0,03012991 0,2562361 0,2088127 
Absolute Error Mean: 0,07188898

[ p ;  jungle8 ; breaker: 1,0 ] --> 0,2 0,5 0,76 1,37 1,93 2,24 2,72 2,93 
[ s ;  jungle8 ; breaker: 1,0 ] --> 0,2 0,4774563 0,7787158 1,357681 1,941435 2,219309 2,494581 2,750691 
[ e ;  jungle8 ; breaker: 1,0 ] --> 0 0,02254373 0,01871586 0,01231909 0,01143527 0,02069092 0,225419 0,1793087 
Absolute Error Mean: 0,06130407

[ p ;  jungle26 ; breaker: 1,0 ] --> 0,2 0,5 0,76 1,37 1,93 2,24 2,72 2,93 
[ s ;  jungle26 ; breaker: 1,0 ] --> 0,2 0,4836535 0,8116633 1,377275 1,957359 2,185069 2,487038 2,738876 3,269197 3,598319 3,877249 4,130859 4,408126 4,714507 4,964782 5,26823 5,420344 5,928463 6,206256 6,483217 6,737908 7,043977 7,223797 7,658083 7,891261 8,144965 8,427197 
[ e ;  jungle26 ; breaker: 1,0 ] --> 0 0,01634654 0,05166334 0,007275224 0,02735877 0,05493116 0,2329624 0,1911237 
Absolute Error Mean: 0,07270764

[ p ;  jungle26 ; breaker: 1,0 ] --> 0,2 0,5 0,76 1,37 1,93 2,24 2,72 2,93 3,2 3,51 3,78 4,08 4,57 4,9 5,19 5,3 5,92 6,1 6,37 6,76 7,09 7,24 7,7 7,8 8,24 8,5 
[ s ;  jungle26 ; breaker: 1,0 ] --> 0,2 0,4777842 0,7546397 1,289383 1,801226 2,054752 2,337045 2,590376 3,049159 3,355109 3,635706 3,915812 4,19394 4,500634 4,755354 5,038726 5,19134 5,625901 5,907013 6,139225 6,419639 6,648908 7,133118 7,338099 7,593412 7,871224 8,128242 
[ e ;  jungle26 ; breaker: 1,0 ] --> 0 0,02221584 0,005360246 0,08061671 0,1287738 0,1852481 0,3829551 0,3396237 0,1508415 0,154891 0,144294 0,1641884 0,3760605 0,3993664 0,4346457 0,2612743 0,7286596 0,4740992 0,4629865 0,6207757 0,670361 0,5910916 0,5668817 0,4619012 0,6465874 0,6287761 
Absolute Error Mean: 0,349326

[ p ;  jungle26 ; breaker: 1,0 ] --> 0,2 0,5 0,76 1,37 1,93 2,24 2,72 2,93 3,2 3,51 3,78 4,08 4,57 4,9 5,19 5,3 5,92 6,1 6,37 6,76 7,09 7,24 7,7 7,8 8,24 8,5 
[ s ;  jungle26 ; breaker: 1,0 ] --> 0,2 0,4589891 0,7912039 1,29512 1,852719 2,10891 2,367058 2,646586 3,081716 3,38591 3,618671 3,900473 4,184597 4,438616 4,74744 5,051744 5,206157 5,640455 5,948398 6,202957 6,511065 6,766294 7,303943 7,559952 7,815785 8,046248 8,328019 
[ e ;  jungle26 ; breaker: 1,0 ] --> 0 0,04101086 0,03120393 0,07488 0,07728076 0,1310897 0,3529425 0,2834141 0,1182837 0,12409 0,1613288 0,179527 0,3854032 0,4613843 0,4425602 0,2482567 0,7138433 0,4595451 0,4216022 0,5570431 0,5789347 0,4737058 0,3960567 0,2400479 0,4242148 0,4537516 
Absolute Error Mean: 0,3012077

[ p ;  jungle26 ; breaker: 1,0 ] --> 0,2 0,5 0,76 1,37 1,93 2,24 2,72 2,93 3,2 3,51 3,78 4,08 4,57 4,9 5,19 5,3 5,92 6,1 6,37 6,76 7,09 7,24 7,7 7,8 8,24 8,5 
[ s ;  jungle26 ; breaker: 1,0 ] --> 0,2 0,4788851 0,7870247 1,399306 1,986366 2,212216 2,519384 2,797604 3,278756 3,582251 3,815885 4,068882 4,295465 4,548185 4,830345 5,13482 5,570128 5,800571 6,110409 6,389323 6,675377 6,905602 7,369854 7,600569 7,833621 8,111653 
[ e ;  jungle26 ; breaker: 1,0 ] --> 0 0,02111492 0,02702475 0,02930558 0,05636597 0,02778387 0,2006164 0,1323957 0,07875633 0,0722506 0,03588533 0,01111841 0,2745352 0,3518147 0,3596549 0,1651797 0,3498716 0,2994289 0,2595906 0,3706775 0,4146228 0,3343973 0,3301458 0,1994309 0,4063792 0,3883467 
Absolute Error Mean: 0,1998728

[ p ;  jungle26 ; breaker: 1,0 ] --> 0,2 0,5 0,76 1,37 1,93 2,24 2,72 2,93 3,2 3,51 3,78 4,08 4,57 4,9 5,19 5,3 5,92 6,1 6,37 6,76 7,09 7,24 7,7 7,8 8,24 8,5 
[ s ;  jungle26 ; breaker: 1,0 ] --> 0,2 0,4515005 0,7801803 1,383774 1,859803 2,174716 2,449965 2,726538 3,155405 3,437022 3,746873 4,029454 4,3125 4,591485 4,842395 5,1193 5,549978 5,829747 6,132762 6,385719 6,661657 6,912664 7,168267 7,500566 7,73247 7,959401 8,182782 
[ e ;  jungle26 ; breaker: 1,0 ] --> 0 0,04849952 0,02018028 0,01377392 0,07019651 0,06528354 0,270035 0,2034621 0,04459548 0,07297778 0,03312659 0,05054569 0,2574997 0,3085155 0,3476048 0,1807003 0,3700223 0,2702527 0,2372375 0,3742809 0,4283433 0,3273358 0,531733 0,2994342 0,5075297 0,5405993 
Absolute Error Mean: 0,2259141

[ p ;  jungle26 ; breaker: 1,0 ] --> 0,2 0,5 0,76 1,37 1,93 2,24 2,72 2,93 3,2 3,51 3,78 4,08 4,57 4,9 5,19 5,3 5,92 6,1 6,37 6,76 7,09 7,24 7,7 7,8 8,24 8,5 
[ s ;  jungle26 ; breaker: 1,0 ] --> 0,2 0,4821368 0,8102806 1,393339 2,008838 2,238811 2,541843 2,82386 3,282907 3,56239 3,847984 4,152497 4,434022 4,693617 4,999182 5,281696 5,461661 5,866788 6,097737 6,379683 6,660782 6,89019 7,347227 7,578208 7,81041 8,114365 
[ e ;  jungle26 ; breaker: 1,0 ] --> 0 0,01786315 0,05028057 0,02333939 0,07883775 0,00118947 0,1781573 0,1061399 0,08290696 0,0523901 0,06798434 0,07249689 0,1359777 0,2063832 0,1908183 0,01830435 0,4583387 0,233212 0,2722631 0,3803177 0,4292178 0,3498096 0,3527732 0,2217922 0,4295893 0,3856354 
Absolute Error Mean: 0,1844622

[ p ;  jungle26 ; breaker: 1,0 ] --> 0,2 0,5 0,76 1,37 1,93 2,24 2,72 2,93 3,2 3,51 3,78 4,08 4,57 4,9 5,19 5,3 5,92 6,1 6,37 6,76 7,09 7,24 7,7 7,8 8,24 8,5 
[ s ;  jungle26 ; breaker: 1,0 ] --> 0,2 0,4762208 0,8080934 1,361395 1,96783 2,274824 2,576803 2,857556 3,316231 3,651867 3,961064 4,242619 4,49768 4,806625 5,086193 5,390395 5,570578 5,980907 6,259876 6,516225 6,770404 7,047907 7,526053 7,755834 7,985051 8,266414 8,519997 
[ e ;  jungle26 ; breaker: 1,0 ] --> 0 0,02377915 0,04809344 0,008605123 0,03783023 0,03482413 0,1431973 0,07244396 0,1162314 0,1418669 0,1810637 0,1626191 0,07231998 0,09337521 0,103807 0,09039497 0,3494225 0,1190925 0,1101241 0,2437749 0,3195958 0,1920924 0,1739464 0,04416656 0,2549491 0,2335863 
Absolute Error Mean: 0,1296616

[ p ;  jungle26 ; breaker: 1,0 ] --> 0,2 0,5 0,76 1,37 1,93 2,24 2,72 2,93 3,2 3,51 3,78 4,08 4,57 4,9 5,19 5,3 5,92 6,1 6,37 6,76 7,09 7,24 7,7 7,8 8,24 8,5 
[ s ;  jungle26 ; breaker: 1,0 ] --> 0,2 0,4746196 0,8006539 1,37704 1,931516 2,157936 2,410335 2,688477 3,097542 3,404984 3,661546 3,941247 4,194744 4,478273 4,813039 5,09593 5,275875 5,532772 5,839467 6,117867 6,374117 6,656931 7,117241 7,347802 7,580541 7,832385 
[ e ;  jungle26 ; breaker: 1,0 ] --> 0 0,02538043 0,04065394 0,007040381 0,001515865 0,08206367 0,309665 0,241523 0,1024582 0,1050155 0,1184535 0,1387525 0,3752561 0,4217267 0,3769612 0,2040706 0,6441255 0,5672283 0,5305333 0,6421332 0,7158833 0,5830684 0,5827584 0,452198 0,6594591 0,6676149 
Absolute Error Mean: 0,3305977

[ p ;  jungle26 ; breaker: 1,0 ] --> 0,2 0,5 0,76 1,37 1,93 2,24 2,72 2,93 3,2 3,51 3,78 4,08 4,57 4,9 5,19 5,3 5,92 6,1 6,37 6,76 7,09 7,24 7,7 7,8 8,24 8,5 
[ s ;  jungle26 ; breaker: 1,0 ] --> 0,2 0,4514551 0,8064674 1,381822 1,94041 2,168623 2,44872 2,728215 3,157944 3,436171 3,691417 3,969103 4,248247 4,549302 4,877546 5,130424 5,613634 5,863623 6,169009 6,419808 6,648534 6,905557 7,18171 7,431467 7,660891 7,914676 8,192712 
[ e ;  jungle26 ; breaker: 1,0 ] --> 0 0,04854485 0,04646742 0,01182187 0,01041043 0,07137704 0,2712798 0,2017846 0,04205632 0,07382894 0,08858252 0,1108966 0,3217535 0,3506985 0,3124537 0,1695762 0,3063664 0,2363768 0,2009912 0,3401918 0,4414663 0,3344426 0,51829 0,3685336 0,5791092 0,5853243 
Absolute Error Mean: 0,2324086

[ p ;  jungle26 ; breaker: 1,0 ] --> 0,2 0,5 0,76 1,37 1,93 2,24 2,72 2,93 3,2 3,51 3,78 4,08 4,57 4,9 5,19 5,3 5,92 6,1 6,37 6,76 7,09 7,24 7,7 7,8 8,24 8,5 
[ s ;  jungle26 ; breaker: 1,0 ] --> 0,2 0,4548642 0,8095244 1,3886 1,923262 2,149372 2,432827 2,711163 3,092496 3,421535 3,651803 3,958622 4,21546 4,442797 4,724535 5,025682 5,20324 5,58406 5,835698 6,114366 6,344182 6,645346 7,102944 7,3105 7,514889 7,796784 8,04965 
[ e ;  jungle26 ; breaker: 1,0 ] --> 0 0,0451358 0,04952443 0,01860011 0,006737828 0,09062815 0,2871735 0,2188368 0,1075041 0,08846474 0,1281972 0,1213777 0,3545399 0,4572029 0,4654651 0,2743182 0,7167597 0,5159402 0,5343018 0,6456347 0,7458181 0,5946541 0,5970559 0,4895 0,7251105 0,7032161 
Absolute Error Mean: 0,3454499

[ p ;  jungle8 ; breaker: 1,0 ] --> 0,2 0,5 0,76 1,37 1,93 2,24 2,72 2,93 3,2 3,51 3,78 4,08 4,57 4,9 5,19 5,3 5,92 6,1 6,37 6,76 7,09 7,24 7,7 7,8 8,24 8,5 
