
NEW RESULT

[ p ;  jungle8 ; breaker: 1,0 ] --> 0,2 0,5 0,76 1,37 1,93 2,24 2,72 2,93 
[ b ;  jungle8 ; breaker: 1,0 ] --> 0,2 3,942208 7,292995 2,690483 3,639242 3,913402 4,244955 4,621496 
[ e ;  jungle8 ; breaker: 1,0 ] --> 0 3,442208 6,532995 1,320483 1,709242 1,673402 1,524955 1,691496 
Absolute Error Mean: 2,236847

[ p ;  jungle8 ; breaker: 1,0 ] --> 0,2 0,5 0,76 1,37 1,93 2,24 2,72 2,93 
[ b ;  jungle8 ; breaker: 1,0 ] --> 0,2 0,4770535 0,8322269 1,534381 2,260397 2,484101 3,235088 3,43597 
[ e ;  jungle8 ; breaker: 1,0 ] --> 0 0,02294648 0,07222688 0,1643814 0,3303972 0,244101 0,5150878 0,5059698 
Absolute Error Mean: 0,2318888

[ p ;  jungle8 ; breaker: 1,0 ] --> 0,2 0,5 0,76 1,37 1,93 2,24 2,72 2,93 
[ b ;  jungle8 ; breaker: 1,0 ] --> 0,2 0,5756421 0,8559752 1,492218 2,207941 2,533268 3,243548 3,423072 
[ e ;  jungle8 ; breaker: 1,0 ] --> 0 0,07564211 0,09597516 0,1222184 0,2779406 0,2932682 0,5235476 0,493072 
Absolute Error Mean: 0,235208

[ p ;  jungle8 ; breaker: 1,0 ] --> 0,2 0,5 0,76 1,37 1,93 2,24 2,72 2,93 
[ b ;  jungle8 ; breaker: 1,0 ] --> 0,2 0,6009669 0,8532274 1,511876 2,190162 2,441928 3,167203 3,342288 
[ e ;  jungle8 ; breaker: 1,0 ] --> 0 0,1009669 0,09322745 0,141876 0,2601625 0,2019277 0,4472029 0,4122884 
Absolute Error Mean: 0,2072065

[ p ;  jungle8 ; breaker: 1,0 ] --> 0,2 0,5 0,76 1,37 1,93 2,24 2,72 2,93 
[ b ;  jungle8 ; breaker: 1,0 ] --> 0,2 0,4753827 0,8007289 1,427489 2,102653 2,302723 2,956008 3,158633 
[ e ;  jungle8 ; breaker: 1,0 ] --> 0 0,02461728 0,04072887 0,0574888 0,1726533 0,0627234 0,2360082 0,2286329 
Absolute Error Mean: 0,1028566

[ p ;  jungle8 ; breaker: 1,0 ] --> 0,2 0,5 0,76 1,37 1,93 2,24 2,72 2,93 
[ b ;  jungle8 ; breaker: 1,0 ] --> 0,2 0,4751207 0,8238434 1,502501 2,236438 2,488206 3,24173 3,417465 
[ e ;  jungle8 ; breaker: 1,0 ] --> 0 0,02487934 0,06384343 0,1325012 0,3064378 0,2482061 0,5217299 0,4874647 
Absolute Error Mean: 0,2231328

[ p ;  jungle8 ; breaker: 1,0 ] --> 0,2 0,5 0,76 1,37 1,93 2,24 2,72 2,93 
[ b ;  jungle8 ; breaker: 1,0 ] --> 0,2 0,5266541 0,8769644 1,505902 2,234284 2,533955 3,136221 3,311903 
[ e ;  jungle8 ; breaker: 1,0 ] --> 0 0,02665406 0,1169644 0,1359016 0,3042845 0,2939548 0,4162207 0,3819029 
Absolute Error Mean: 0,2094854

[ p ;  jungle8 ; breaker: 1,0 ] --> 0,2 0,5 0,76 1,37 1,93 2,24 2,72 2,93 
[ b ;  jungle8 ; breaker: 1,0 ] --> 0,2 0,4768738 0,8031888 1,439124 2,120461 2,424792 3,007643 3,133428 
[ e ;  jungle8 ; breaker: 1,0 ] --> 0 0,02312618 0,04318881 0,06912434 0,1904613 0,1847918 0,287643 0,203428 
Absolute Error Mean: 0,1252204

[ p ;  jungle8 ; breaker: 1,0 ] --> 0,2 0,5 0,76 1,37 1,93 2,24 2,72 2,93 
[ b ;  jungle8 ; breaker: 1,0 ] --> 0,2 0,483489 0,7668005 1,400261 2,141399 2,368692 3,235368 3,440661 
[ e ;  jungle8 ; breaker: 1,0 ] --> 0 0,01651099 0,006800532 0,03026092 0,211399 0,1286922 0,5153682 0,5106611 
Absolute Error Mean: 0,1774616

[ p ;  jungle8 ; breaker: 1,0 ] --> 0,2 0,5 0,76 1,37 1,93 2,24 2,72 2,93 
[ b ;  jungle8 ; breaker: 1,0 ] --> 0,2 0,4827565 0,8131107 1,623 2,40448 2,658085 3,362421 3,515392 
[ e ;  jungle8 ; breaker: 1,0 ] --> 0 0,0172435 0,05311072 0,2530001 0,4744796 0,4180853 0,642421 0,585392 
Absolute Error Mean: 0,3054665

[ p ;  jungle16 ; breaker: 1,0 ] --> 0,2 0,5 0,76 1,37 1,93 2,24 2,72 2,93 
[ s ;  jungle16 ; breaker: 1,0 ] --> 0,2 0,5501478 0,799762 1,07405 1,35166 1,832592 2,032215 2,356769 2,582312 3,079267 3,328183 3,65219 3,97571 4,253019 4,503082 4,701496 4,875692 
[ e ;  jungle16 ; breaker: 1,0 ] --> 0 0,05014783 0,03976202 0,2959498 0,5783395 0,4074081 0,6877854 0,5732315 
Absolute Error Mean: 0,329078

[ p ;  jungle16 ; breaker: 1,0 ] --> 0,2 0,5 0,76 1,37 1,93 2,24 2,72 2,93 3,2 3,51 3,78 4,08 4,57 4,9 5,19 5,3 
[ s ;  jungle16 ; breaker: 1,0 ] --> 0,2 0,5249542 0,7995817 1,049298 1,299072 1,7979 2,048988 2,325275 2,524497 2,998416 3,225001 3,549954 3,82485 4,102498 4,406358 4,659618 4,934603 
[ e ;  jungle16 ; breaker: 1,0 ] --> 0 0,0249542 0,03958172 0,3207016 0,6309283 0,4421003 0,6710117 0,6047254 0,6755028 0,5115836 0,5549986 0,5300462 0,7451501 0,797502 0,7836423 0,6403818 
Absolute Error Mean: 0,4983006

[ p ;  jungle16 ; breaker: 1,0 ] --> 0,2 0,5 0,76 1,37 1,93 2,24 2,72 2,93 3,2 3,51 3,78 4,08 4,57 4,9 5,19 5,3 
[ s ;  jungle16 ; breaker: 1,0 ] --> 0,2 0,5038584 0,7869616 1,061894 1,315614 1,797381 2,047134 2,326488 2,532953 2,986717 3,240429 3,545263 3,872709 4,149464 4,429375 4,657687 4,887099 
[ e ;  jungle16 ; breaker: 1,0 ] --> 0 0,003858447 0,02696162 0,3081056 0,6143855 0,4426188 0,6728663 0,6035116 0,6670475 0,523283 0,5395706 0,5347371 0,6972911 0,7505364 0,7606249 0,642313 
Absolute Error Mean: 0,486732

[ p ;  jungle16 ; breaker: 1,0 ] --> 0,2 0,5 0,76 1,37 1,93 2,24 2,72 2,93 3,2 3,51 3,78 4,08 4,57 4,9 5,19 5,3 
[ s ;  jungle16 ; breaker: 1,0 ] --> 0,2 0,4462548 0,7475888 0,998261 1,247732 1,773352 1,977133 2,27769 2,505172 3,079099 3,332002 3,657263 3,980734 4,407618 4,634743 4,912722 5,112962 
[ e ;  jungle16 ; breaker: 1,0 ] --> 0 0,05374518 0,01241124 0,371739 0,6822683 0,4666482 0,7428668 0,6523101 0,694828 0,4309013 0,4479976 0,4227371 0,5892665 0,4923825 0,5552573 0,3872786 
Absolute Error Mean: 0,4376649

[ p ;  jungle16 ; breaker: 1,0 ] --> 0,2 0,5 0,76 1,37 1,93 2,24 2,72 2,93 3,2 3,51 3,78 4,08 4,57 4,9 5,19 5,3 
[ s ;  jungle16 ; breaker: 1,0 ] --> 0,2 0,4760045 0,7500482 1,025498 1,302004 1,799786 2,049845 2,300526 2,527902 3,058363 3,258312 3,512615 3,767235 3,992787 4,295044 4,550202 
[ e ;  jungle16 ; breaker: 1,0 ] --> 0 0,02399552 0,00995183 0,3445024 0,6279964 0,4402136 0,6701553 0,6294744 0,6720982 0,4516373 0,5216885 0,567385 0,8027654 0,9072132 0,8949561 0,7497978 
Absolute Error Mean: 0,5196144

[ p ;  jungle16 ; breaker: 1,0 ] --> 0,2 0,5 0,76 1,37 1,93 2,24 2,72 2,93 3,2 3,51 3,78 4,08 4,57 4,9 5,19 5,3 
[ s ;  jungle16 ; breaker: 1,0 ] --> 0,2 0,5585814 0,9124483 1,190467 1,491278 2,09728 2,351319 2,67855 2,881611 3,458596 3,784438 4,110357 4,437784 4,742261 4,966875 5,268255 5,445375 
[ e ;  jungle16 ; breaker: 1,0 ] --> 0 0,05858141 0,1524483 0,1795329 0,4387218 0,1427202 0,3686812 0,2514496 0,3183887 0,05140448 0,004437685 0,03035736 0,132216 0,1577387 0,2231255 0,03174496 
Absolute Error Mean: 0,1588468

[ p ;  jungle16 ; breaker: 1,0 ] --> 0,2 0,5 0,76 1,37 1,93 2,24 2,72 2,93 3,2 3,51 3,78 4,08 4,57 4,9 5,19 5,3 
[ s ;  jungle16 ; breaker: 1,0 ] --> 0,2 0,5026244 0,8070171 1,064803 1,344836 1,878307 2,183467 2,513198 3,194812 3,522266 3,830808 4,138167 4,444966 4,802626 5,029452 5,261634 5,46599 
[ e ;  jungle16 ; breaker: 1,0 ] --> 0 0,002624393 0,0470171 0,3051972 0,5851636 0,3616933 0,5365334 0,4168017 0,00518775 0,01226592 0,05080819 0,05816698 0,1250343 0,09737396 0,1605477 0,03836632 
Absolute Error Mean: 0,1751739

[ p ;  jungle16 ; breaker: 1,0 ] --> 0,2 0,5 0,76 1,37 1,93 2,24 2,72 2,93 3,2 3,51 3,78 4,08 4,57 4,9 5,19 5,3 
[ s ;  jungle16 ; breaker: 1,0 ] --> 0,2 0,5024206 0,803515 1,058295 1,338359 1,840474 2,095265 2,398797 2,624865 2,775452 3,258012 3,509937 3,791045 4,095698 4,348936 4,59985 4,727327 
[ e ;  jungle16 ; breaker: 1,0 ] --> 0 0,002420604 0,04351497 0,311705 0,5916408 0,3995261 0,6247351 0,5312035 0,575135 0,7345479 0,5219882 0,5700634 0,778955 0,8043022 0,841064 0,70015 
Absolute Error Mean: 0,5019345

[ p ;  jungle16 ; breaker: 1,0 ] --> 0,2 0,5 0,76 1,37 1,93 2,24 2,72 2,93 3,2 3,51 3,78 4,08 4,57 4,9 5,19 5,3 
[ s ;  jungle16 ; breaker: 1,0 ] --> 0,2 0,5028728 0,8062221 1,061464 1,340054 1,845073 2,124541 2,402858 2,605931 3,2421 3,495479 3,825629 4,154168 4,56366 4,813407 5,119022 5,269854 
[ e ;  jungle16 ; breaker: 1,0 ] --> 0 0,002872825 0,04622215 0,3085364 0,5899463 0,3949265 0,595459 0,5271416 0,5940688 0,2679002 0,2845211 0,2543714 0,415832 0,3363404 0,3765926 0,1809783 
Absolute Error Mean: 0,3234819

[ p ;  jungle16 ; breaker: 1,0 ] --> 0,2 0,5 0,76 1,37 1,93 2,24 2,72 2,93 3,2 3,51 3,78 4,08 4,57 4,9 5,19 5,3 
[ s ;  jungle16 ; breaker: 1,0 ] --> 0,2 0,4751753 0,7826821 1,062316 1,314991 1,817377 2,075826 2,356862 2,582581 3,115999 3,342555 3,672393 3,977856 4,312079 4,620608 4,824959 4,974818 
[ e ;  jungle16 ; breaker: 1,0 ] --> 0 0,02482468 0,02268213 0,3076842 0,6150088 0,4226227 0,6441739 0,5731378 0,617419 0,394001 0,4374454 0,4076071 0,592144 0,5879211 0,5693922 0,4750414 
Absolute Error Mean: 0,4181941

[ p ;  jungle16 ; breaker: 1,0 ] --> 0,2 0,5 0,76 1,37 1,93 2,24 2,72 2,93 3,2 3,51 3,78 4,08 4,57 4,9 5,19 5,3 
[ b ;  jungle16 ; breaker: 1,0 ] --> 0,2 0,4305435 0,6618225 1,223116 1,837431 2,037927 2,601665 2,833471 3,13833 3,680427 4,163713 4,369367 4,550463 4,706847 5,138494 5,391931 
[ e ;  jungle16 ; breaker: 1,0 ] --> 0 0,06945652 0,09817749 0,1468836 0,09256876 0,2020726 0,1183348 0,09652901 0,06166959 0,1704268 0,383713 0,2893672 0,01953697 0,1931534 0,05150557 0,09193087 
Absolute Error Mean: 0,1303329

[ p ;  jungle16 ; breaker: 1,0 ] --> 0,2 0,5 0,76 1,37 1,93 2,24 2,72 2,93 3,2 3,51 3,78 4,08 4,57 4,9 5,19 5,3 
[ b ;  jungle16 ; breaker: 1,0 ] --> 0,2 0,4274239 0,7047711 1,359359 1,959845 2,164863 2,718403 3,175504 3,398735 3,576018 3,801795 4,208323 4,742378 5,266333 5,466036 5,690227 
[ e ;  jungle16 ; breaker: 1,0 ] --> 0 0,07257608 0,05522889 0,01064146 0,02984512 0,0751369 0,001596689 0,2455037 0,1987345 0,0660181 0,02179456 0,1283231 0,1723776 0,366333 0,2760363 0,3902268 
Absolute Error Mean: 0,1318983

[ p ;  jungle16 ; breaker: 1,0 ] --> 0,2 0,5 0,76 1,37 1,93 2,24 2,72 2,93 3,2 3,51 3,78 4,08 4,57 4,9 5,19 5,3 
[ b ;  jungle16 ; breaker: 1,0 ] --> 0,2 0,4276472 0,6560987 1,241956 1,851501 2,075076 2,702487 3,233387 3,433965 3,638533 3,793845 4,328513 4,735259 5,068278 5,299308 5,476646 
[ e ;  jungle16 ; breaker: 1,0 ] --> 0 0,07235283 0,1039013 0,1280445 0,07849884 0,1649241 0,01751256 0,3033874 0,2339652 0,1285331 0,01384544 0,2485127 0,1652584 0,1682777 0,1093082 0,1766458 
Absolute Error Mean: 0,1320605

[ p ;  jungle16 ; breaker: 1,0 ] --> 0,2 0,5 0,76 1,37 1,93 2,24 2,72 2,93 3,2 3,51 3,78 4,08 4,57 4,9 5,19 5,3 
[ b ;  jungle16 ; breaker: 1,0 ] --> 0,2 0,5268539 0,8826529 1,534548 2,217672 2,516972 3,244888 3,501426 3,827668 4,052464 4,524144 4,95232 5,130381 5,308848 5,486354 5,842835 
[ e ;  jungle16 ; breaker: 1,0 ] --> 0 0,02685392 0,1226529 0,1645476 0,2876722 0,2769716 0,5248876 0,5714264 0,6276681 0,5424645 0,7441442 0,8723202 0,5603809 0,4088483 0,2963543 0,5428352 
Absolute Error Mean: 0,4106267

[ p ;  jungle16 ; breaker: 1,0 ] --> 0,2 0,5 0,76 1,37 1,93 2,24 2,72 2,93 3,2 3,51 3,78 4,08 4,57 4,9 5,19 5,3 
[ b ;  jungle16 ; breaker: 1,0 ] --> 0,2 0,7694182 1,100649 1,757992 2,523875 2,832222 3,442958 3,72456 3,956447 4,2403 4,64853 4,904721 5,112846 5,845151 6,04873 6,228087 
[ e ;  jungle16 ; breaker: 1,0 ] --> 0 0,2694182 0,340649 0,3879924 0,5938753 0,592222 0,7229578 0,7945595 0,7564471 0,7303002 0,86853 0,8247209 0,5428457 0,9451513 0,8587303 0,9280872 
Absolute Error Mean: 0,6347804

[ p ;  jungle16 ; breaker: 1,0 ] --> 0,2 0,5 0,76 1,37 1,93 2,24 2,72 2,93 3,2 3,51 3,78 4,08 4,57 4,9 5,19 5,3 
[ b ;  jungle16 ; breaker: 1,0 ] --> 0,2 0,5032268 0,8576582 1,433581 2,063903 2,314741 3,016395 3,241302 3,491691 3,716459 3,965704 4,215601 4,490518 5,017124 5,241005 5,440884 
[ e ;  jungle16 ; breaker: 1,0 ] --> 0 0,003226757 0,09765822 0,06358123 0,1339031 0,07474089 0,2963953 0,3113019 0,2916911 0,206459 0,185704 0,1356015 0,07948256 0,1171236 0,05100536 0,1408839 
Absolute Error Mean: 0,1367974

[ p ;  jungle16 ; breaker: 1,0 ] --> 0,2 0,5 0,76 1,37 1,93 2,24 2,72 2,93 3,2 3,51 3,78 4,08 4,57 4,9 5,19 5,3 
[ b ;  jungle16 ; breaker: 1,0 ] --> 0,2 0,5291862 0,9105955 1,569631 2,333979 2,638545 3,272796 3,529618 3,759987 4,010856 4,261813 4,515743 4,943182 5,743305 5,96676 6,193265 
[ e ;  jungle16 ; breaker: 1,0 ] --> 0 0,02918625 0,1505955 0,1996315 0,4039792 0,3985453 0,5527964 0,5996182 0,5599871 0,5008557 0,4818127 0,4357433 0,3731823 0,8433051 0,7767601 0,8932652 
Absolute Error Mean: 0,449954

[ p ;  jungle16 ; breaker: 1,0 ] --> 0,2 0,5 0,76 1,37 1,93 2,24 2,72 2,93 3,2 3,51 3,78 4,08 4,57 4,9 5,19 5,3 
[ b ;  jungle16 ; breaker: 1,0 ] --> 0,2 0,5742752 0,8973562 1,506993 2,19352 2,573402 3,234673 3,513725 3,765897 4,016792 4,268189 4,518997 4,847755 5,411692 5,864002 6,015831 
[ e ;  jungle16 ; breaker: 1,0 ] --> 0 0,0742752 0,1373562 0,1369931 0,2635201 0,3334022 0,514673 0,583725 0,565897 0,5067918 0,4881895 0,4389968 0,2777548 0,511692 0,6740022 0,7158308 
Absolute Error Mean: 0,3889437

[ p ;  jungle16 ; breaker: 1,0 ] --> 0,2 0,5 0,76 1,37 1,93 2,24 2,72 2,93 3,2 3,51 3,78 4,08 4,57 4,9 5,19 5,3 
[ b ;  jungle16 ; breaker: 1,0 ] --> 0,2 0,5321207 0,8120278 1,348573 1,962362 2,240562 2,924781 3,178427 3,408925 3,617099 3,82359 4,053413 4,309442 4,822311 5,355897 5,537218 
[ e ;  jungle16 ; breaker: 1,0 ] --> 0 0,0321207 0,05202782 0,02142739 0,03236246 0,0005617142 0,2047811 0,2484272 0,208925 0,1070993 0,04359031 0,02658701 0,2605586 0,07768869 0,1658974 0,2372174 
Absolute Error Mean: 0,1074545

[ p ;  jungle16 ; breaker: 1,0 ] --> 0,2 0,5 0,76 1,37 1,93 2,24 2,72 2,93 3,2 3,51 3,78 4,08 4,57 4,9 5,19 5,3 
[ b ;  jungle16 ; breaker: 1,0 ] --> 0,2 0,480496 0,7091094 1,292671 1,873014 2,148096 2,833006 3,058974 3,259088 3,48406 3,766524 4,099707 4,358928 4,961482 5,414842 5,618336 
[ e ;  jungle16 ; breaker: 1,0 ] --> 0 0,01950404 0,05089056 0,07732892 0,05698586 0,0919044 0,1130059 0,128974 0,05908775 0,02593994 0,01347566 0,01970673 0,211072 0,06148195 0,2248416 0,3183355 
Absolute Error Mean: 0,09203342

[ p ;  jungle26 ; breaker: 1,0 ] --> 0,2 0,5 0,76 1,37 1,93 2,24 2,72 2,93 3,2 3,51 3,78 4,08 4,57 4,9 5,19 5,3 
[ b ;  jungle26 ; breaker: 1,0 ] --> 0,2 0,4276666 0,6808911 1,20796 1,758238 1,987782 2,590268 2,790296 2,990343 3,189415 3,465925 3,692293 4,167464 4,766509 4,940023 5,391494 5,849435 6,026546 6,176976 6,708874 7,157809 7,355967 7,531059 7,809345 8,011573 8,263007 
[ e ;  jungle26 ; breaker: 1,0 ] --> 0 0,0723334 0,07910889 0,1620396 0,1717621 0,2522185 0,1297321 0,1397042 0,2096567 0,320585 0,3140755 0,387707 0,4025359 0,133491 0,2499771 0,09149408 
Absolute Error Mean: 0,1947763

[ p ;  jungle26 ; breaker: 1,0 ] --> 0,2 0,5 0,76 1,37 1,93 2,24 2,72 2,93 3,2 3,51 3,78 4,08 4,57 4,9 5,19 5,3 5,92 6,1 6,37 6,76 7,09 7,24 7,7 7,8 8,24 8,5 
[ b ;  jungle26 ; breaker: 1,0 ] --> 0,2 0,4750364 0,7483119 1,278483 1,910066 2,114832 2,791178 2,991662 3,218853 3,424284 3,62948 3,807255 4,347822 4,857743 5,034578 5,674128 5,877969 6,080895 6,742953 7,224146 7,427573 7,632256 7,939768 8,444009 8,697614 8,874697 
[ e ;  jungle26 ; breaker: 1,0 ] --> 0 0,02496359 0,01168805 0,09151661 0,01993382 0,1251676 0,07117748 0,06166196 0,01885319 0,08571577 0,1505196 0,2727454 0,222178 0,04225731 0,1554217 0,3741279 0,04203081 0,01910496 0,3729529 0,4641457 0,3375726 0,3922558 0,239768 0,6440086 0,4576139 0,3746967 
Absolute Error Mean: 0,1950799

[ p ;  jungle26 ; breaker: 1,0 ] --> 0,2 0,5 0,76 1,37 1,93 2,24 2,72 2,93 3,2 3,51 3,78 4,08 4,57 4,9 5,19 5,3 5,92 6,1 6,37 6,76 7,09 7,24 7,7 7,8 8,24 8,5 
[ b ;  jungle26 ; breaker: 1,0 ] --> 0,2 0,4544224 0,6608807 1,252577 1,88908 2,122536 2,810813 3,015901 3,195523 3,399487 3,578184 3,73108 3,936545 4,341212 4,97717 5,154883 5,665767 6,076584 6,254298 6,862808 7,068323 7,270671 7,829815 8,061914 8,288916 8,494138 
[ e ;  jungle26 ; breaker: 1,0 ] --> 0 0,04557756 0,09911931 0,1174229 0,04091954 0,1174636 0,09081316 0,08590102 0,004477262 0,1105134 0,2018163 0,3489196 0,633455 0,5587878 0,2128301 0,1451168 0,2542334 0,02341604 0,1157022 0,1028075 0,02167749 0,0306716 0,1298156 0,2619143 0,04891586 0,005862236 
Absolute Error Mean: 0,1464673

[ p ;  jungle26 ; breaker: 1,0 ] --> 0,2 0,5 0,76 1,37 1,93 2,24 2,72 2,93 3,2 3,51 3,78 4,08 4,57 4,9 5,19 5,3 5,92 6,1 6,37 6,76 7,09 7,24 7,7 7,8 8,24 8,5 
[ b ;  jungle26 ; breaker: 1,0 ] --> 0,2 0,5058952 0,8378965 1,422699 2,071311 2,346235 3,096263 3,302424 3,504291 3,682395 3,861603 4,087874 4,437572 4,912758 5,13952 5,313492 5,887045 6,087032 6,261988 6,834957 7,184057 7,411344 7,613656 8,065163 8,292947 8,466762 
[ e ;  jungle26 ; breaker: 1,0 ] --> 0 0,005895197 0,07789654 0,05269921 0,1413113 0,1062348 0,3762631 0,3724241 0,3042908 0,1723948 0,08160257 0,007874489 0,1324286 0,01275826 0,05047989 0,01349163 0,03295469 0,01296759 0,1080122 0,07495642 0,09405708 0,1713438 0,08634424 0,2651625 0,05294704 0,03323841 
Absolute Error Mean: 0,1092319

[ p ;  jungle26 ; breaker: 1,0 ] --> 0,2 0,5 0,76 1,37 1,93 2,24 2,72 2,93 3,2 3,51 3,78 4,08 4,57 4,9 5,19 5,3 5,92 6,1 6,37 6,76 7,09 7,24 7,7 7,8 8,24 8,5 
[ b ;  jungle26 ; breaker: 1,0 ] --> 0,2 0,5251042 0,7768474 1,332021 1,933188 2,207609 2,758227 2,983616 3,183008 3,357706 3,607126 3,886764 4,113793 4,693125 4,891062 5,042443 5,723122 5,901904 6,055387 6,500153 6,700578 7,276958 7,450405 7,626633 8,10871 8,283752 
[ e ;  jungle26 ; breaker: 1,0 ] --> 0 0,02510422 0,01684743 0,03797936 0,003187656 0,03239083 0,03822684 0,05361629 0,01699233 0,1522937 0,1728742 0,1932359 0,4562068 0,2068753 0,2989378 0,2575569 0,1968784 0,1980963 0,3146133 0,2598476 0,3894224 0,03695774 0,2495952 0,173367 0,1312895 0,2162476 
Absolute Error Mean: 0,1587939

[ p ;  jungle26 ; breaker: 1,0 ] --> 0,2 0,5 0,76 1,37 1,93 2,24 2,72 2,93 3,2 3,51 3,78 4,08 4,57 4,9 5,19 5,3 5,92 6,1 6,37 6,76 7,09 7,24 7,7 7,8 8,24 8,5 
[ b ;  jungle26 ; breaker: 1,0 ] --> 0,2 0,4548659 0,6564121 1,170341 1,753613 1,958355 2,614707 2,78881 2,963964 3,146868 3,522086 3,74572 4,122807 4,731104 4,930229 5,131481 5,30654 5,731447 5,909317 6,088001 6,416181 6,768624 7,580934 7,756138 7,95682 8,336669 8,789473 
[ e ;  jungle26 ; breaker: 1,0 ] --> 0 0,04513413 0,1035879 0,1996595 0,1763866 0,2816451 0,1052935 0,1411901 0,2360358 0,3631318 0,2579141 0,3342798 0,4471936 0,1688962 0,2597713 0,1685195 0,6134596 0,3685527 0,4606824 0,671999 0,6738195 0,4713759 0,1190662 0,04386234 0,2831793 0,163331 
Absolute Error Mean: 0,2753064

[ p ;  jungle26 ; breaker: 1,0 ] --> 0,2 0,5 0,76 1,37 1,93 2,24 2,72 2,93 3,2 3,51 3,78 4,08 4,57 4,9 5,19 5,3 5,92 6,1 6,37 6,76 7,09 7,24 7,7 7,8 8,24 8,5 
[ b ;  jungle26 ; breaker: 1,0 ] --> 0,2 0,5236125 0,8506354 1,424796 2,025234 2,334276 2,985999 3,188051 3,362295 3,813257 4,039471 4,262478 4,486237 4,7391 5,341152 5,565692 5,74106 6,344556 6,547399 6,726856 7,20553 7,357821 7,861 8,091211 8,291848 8,719906 
[ e ;  jungle26 ; breaker: 1,0 ] --> 0 0,0236125 0,09063542 0,05479622 0,0952338 0,09427643 0,2659986 0,2580509 0,1622953 0,3032575 0,2594707 0,1824784 0,0837636 0,1608996 0,1511517 0,2656918 0,1789398 0,2445564 0,1773987 0,033144 0,11553 0,1178212 0,1610003 0,2912111 0,05184841 0,2199059 
Absolute Error Mean: 0,1554988

[ p ;  jungle26 ; breaker: 1,0 ] --> 0,2 0,5 0,76 1,37 1,93 2,24 2,72 2,93 3,2 3,51 3,78 4,08 4,57 4,9 5,19 5,3 5,92 6,1 6,37 6,76 7,09 7,24 7,7 7,8 8,24 8,5 
[ b ;  jungle26 ; breaker: 1,0 ] --> 0,2 0,4512397 0,6789091 1,209175 1,786563 2,064196 2,679877 2,880339 3,080704 3,279242 3,58368 3,834639 4,386105 4,583985 4,759099 5,185944 5,360989 5,991651 6,169297 6,318727 6,518511 6,919653 7,148711 7,733401 7,984752 8,338923 
[ e ;  jungle26 ; breaker: 1,0 ] --> 0 0,04876029 0,08109093 0,1608255 0,1434367 0,1758037 0,04012299 0,04966092 0,1192961 0,2307582 0,1963198 0,2453613 0,1838956 0,3160152 0,4309006 0,1140566 0,559011 0,1083493 0,2007031 0,4412727 0,5714893 0,3203464 0,5512891 0,06659937 0,2552476 0,1610775 
Absolute Error Mean: 0,2219881

[ p ;  jungle26 ; breaker: 1,0 ] --> 0,2 0,5 0,76 1,37 1,93 2,24 2,72 2,93 3,2 3,51 3,78 4,08 4,57 4,9 5,19 5,3 5,92 6,1 6,37 6,76 7,09 7,24 7,7 7,8 8,24 8,5 
[ b ;  jungle26 ; breaker: 1,0 ] --> 0,2 0,5782248 0,8562831 1,441619 2,066267 2,364692 3,06671 3,272466 3,423857 3,599879 3,981491 4,213217 4,798603 4,974176 5,58435 5,787202 5,965703 6,141582 6,573613 6,776495 7,276325 7,428796 7,709708 8,0082 8,537232 8,868949 
[ e ;  jungle26 ; breaker: 1,0 ] --> 0 0,07822478 0,09628314 0,07161856 0,1362668 0,1246917 0,3467102 0,3424664 0,2238569 0,08987927 0,2014911 0,1332173 0,2286024 0,07417583 0,3943501 0,4872017 0,04570341 0,04158163 0,2036133 0,01649475 0,1863246 0,188796 0,009707928 0,2081995 0,2972326 0,3689489 
Absolute Error Mean: 0,1767554

[ p ;  jungle26 ; breaker: 1,0 ] --> 0,2 0,5 0,76 1,37 1,93 2,24 2,72 2,93 3,2 3,51 3,78 4,08 4,57 4,9 5,19 5,3 5,92 6,1 6,37 6,76 7,09 7,24 7,7 7,8 8,24 8,5 
[ b ;  jungle26 ; breaker: 1,0 ] --> 0,2 0,5262693 0,8963089 1,472905 2,104085 2,43195 2,98149 3,183025 3,356925 3,533163 3,888446 4,115053 4,688792 4,939958 5,115159 5,767421 5,946254 6,148777 6,553046 6,755367 7,283313 7,459843 7,636736 8,066925 8,574475 8,830782 
[ e ;  jungle26 ; breaker: 1,0 ] --> 0 0,02626926 0,1363089 0,1029054 0,1740853 0,1919498 0,2614901 0,2530253 0,1569247 0,02316332 0,1084464 0,03505325 0,1187921 0,03995752 0,0748415 0,4674206 0,0262537 0,04877758 0,1830463 0,004633427 0,1933126 0,2198429 0,06326389 0,2669249 0,3344755 0,3307819 
Absolute Error Mean: 0,1477672

[ p ;  jungle8 ; breaker: 1,0 ] --> 0,2 0,5 0,76 1,37 1,93 2,24 2,72 2,93 3,2 3,51 3,78 4,08 4,57 4,9 5,19 5,3 5,92 6,1 6,37 6,76 7,09 7,24 7,7 7,8 8,24 8,5 
[ s ;  jungle8 ; breaker: 1,0 ] --> 0,2 0,5489023 0,872745 1,148762 1,447913 1,933432 2,184481 2,416441 2,624165 
[ e ;  jungle8 ; breaker: 1,0 ] --> 0 0,04890233 0,112745 0,2212377 0,482087 0,3065684 0,5355186 0,5135593 0,5758355 
Absolute Error Mean: 4,071017

[ p ;  jungle8 ; breaker: 1,0 ] --> 0,2 0,5 0,76 1,37 1,93 2,24 2,72 2,93 
[ s ;  jungle8 ; breaker: 1,0 ] --> 0,2 0,5309606 0,8626873 1,114529 1,394592 1,874446 2,126276 2,38156 2,589114 
[ e ;  jungle8 ; breaker: 1,0 ] --> 0 0,03096062 0,1026873 0,2554711 0,5354083 0,3655542 0,5937238 0,5484397 
Absolute Error Mean: 0,3040306

[ p ;  jungle8 ; breaker: 1,0 ] --> 0,2 0,5 0,76 1,37 1,93 2,24 2,72 2,93 
[ s ;  jungle8 ; breaker: 1,0 ] --> 0,2 0,5240702 0,8505327 1,125129 1,375 1,904982 2,133308 2,363176 
[ e ;  jungle8 ; breaker: 1,0 ] --> 0 0,0240702 0,09053266 0,2448707 0,5549999 0,3350182 0,5866919 0,566824 
Absolute Error Mean: 0,3003759

[ p ;  jungle8 ; breaker: 1,0 ] --> 0,2 0,5 0,76 1,37 1,93 2,24 2,72 2,93 
[ s ;  jungle8 ; breaker: 1,0 ] --> 0,2 0,5239924 0,800528 1,050187 1,30118 1,896069 2,068116 2,267648 2,491256 
[ e ;  jungle8 ; breaker: 1,0 ] --> 0 0,02399242 0,040528 0,319813 0,6288196 0,3439308 0,6518841 0,6623521 
Absolute Error Mean: 0,333915

[ p ;  jungle8 ; breaker: 1,0 ] --> 0,2 0,5 0,76 1,37 1,93 2,24 2,72 2,93 
[ s ;  jungle8 ; breaker: 1,0 ] --> 0,2 0,5272155 0,8782633 1,206432 1,928211 2,225785 2,550343 2,801098 
[ e ;  jungle8 ; breaker: 1,0 ] --> 0 0,02721548 0,1182633 0,1635681 0,001788735 0,01421523 0,1696575 0,1289022 
Absolute Error Mean: 0,07795132

[ p ;  jungle8 ; breaker: 1,0 ] --> 0,2 0,5 0,76 1,37 1,93 2,24 2,72 2,93 
[ s ;  jungle8 ; breaker: 1,0 ] --> 0,2 0,504992 0,8308903 1,10945 1,388892 1,919758 2,170645 2,421356 
[ e ;  jungle8 ; breaker: 1,0 ] --> 0 0,004992008 0,07089031 0,2605498 0,5411084 0,3202423 0,549355 0,5086443 
Absolute Error Mean: 0,2819728

[ p ;  jungle8 ; breaker: 1,0 ] --> 0,2 0,5 0,76 1,37 1,93 2,24 2,72 2,93 
[ s ;  jungle8 ; breaker: 1,0 ] --> 0,2 0,5312878 0,8098543 1,062411 1,339885 1,838521 2,094878 2,347705 
[ e ;  jungle8 ; breaker: 1,0 ] --> 0 0,03128785 0,04985428 0,3075889 0,5901154 0,4014785 0,6251216 0,5822952 
Absolute Error Mean: 0,3234677

[ p ;  jungle8 ; breaker: 1,0 ] --> 0,2 0,5 0,76 1,37 1,93 2,24 2,72 2,93 
[ s ;  jungle8 ; breaker: 1,0 ] --> 0,2 0,4735209 0,7480142 0,9994168 1,25523 1,813871 2,065664 2,294609 
[ e ;  jungle8 ; breaker: 1,0 ] --> 0 0,0264791 0,01198584 0,3705832 0,67477 0,4261292 0,6543362 0,6353908 
Absolute Error Mean: 0,3499593

[ p ;  jungle8 ; breaker: 1,0 ] --> 0,2 0,5 0,76 1,37 1,93 2,24 2,72 2,93 
[ s ;  jungle8 ; breaker: 1,0 ] --> 0,2 0,5252204 0,7762509 1,057701 1,314469 1,869368 2,074104 2,300187 2,550322 
[ e ;  jungle8 ; breaker: 1,0 ] --> 0 0,02522039 0,01625091 0,3122995 0,6155308 0,3706318 0,6458957 0,6298134 
Absolute Error Mean: 0,3269553

[ p ;  jungle8 ; breaker: 1,0 ] --> 0,2 0,5 0,76 1,37 1,93 2,24 2,72 2,93 
[ s ;  jungle8 ; breaker: 1,0 ] --> 0,2 0,5517987 0,8263655 1,126771 1,375961 1,951136 2,22707 2,505037 2,682906 
[ e ;  jungle8 ; breaker: 1,0 ] --> 0 0,0517987 0,06636548 0,2432289 0,5540392 0,2888641 0,4929299 0,4249628 
Absolute Error Mean: 0,2652736

[ p ;  jungle26 ; breaker: 1,0 ] --> 0,2 0,5 0,76 1,37 1,93 2,24 2,72 2,93 
[ s ;  jungle26 ; breaker: 1,0 ] --> 0,2 0,6008953 0,8238954 1,099642 1,835368 2,060438 2,312157 2,534114 3,182261 3,510308 3,837899 4,165797 4,494318 4,794804 5,04487 5,320389 6,114203 6,512175 6,830434 7,129374 7,385877 7,638924 7,841488 8,288675 8,494516 8,69812 8,923781 
[ e ;  jungle26 ; breaker: 1,0 ] --> 0 0,1008953 0,0638954 0,2703576 0,09463155 0,1795616 0,4078429 0,3958864 
Absolute Error Mean: 0,1891339

[ p ;  jungle26 ; breaker: 1,0 ] --> 0,2 0,5 0,76 1,37 1,93 2,24 2,72 2,93 3,2 3,51 3,78 4,08 4,57 4,9 5,19 5,3 5,92 6,1 6,37 6,76 7,09 7,24 7,7 7,8 8,24 8,5 
[ s ;  jungle26 ; breaker: 1,0 ] --> 0,2 0,501285 0,8263636 1,076808 1,749233 2,02617 2,375536 2,625634 3,225478 3,551177 3,877428 4,202711 4,528184 4,850452 5,150597 5,427777 6,152359 6,474342 6,800852 7,099663 7,374043 7,650822 7,877147 8,427051 8,651348 8,875914 9,100315 
[ e ;  jungle26 ; breaker: 1,0 ] --> 0 0,001285017 0,06636357 0,2931919 0,1807672 0,2138302 0,3444638 0,3043659 0,02547789 0,04117703 0,09742761 0,1227112 0,04181623 0,04954815 0,03940344 0,1277766 0,2323594 0,374342 0,4308524 0,339663 0,2840433 0,4108224 0,1771469 0,6270504 0,4113483 0,3759136 
Absolute Error Mean: 0,2158903

[ p ;  jungle26 ; breaker: 1,0 ] --> 0,2 0,5 0,76 1,37 1,93 2,24 2,72 2,93 3,2 3,51 3,78 4,08 4,57 4,9 5,19 5,3 5,92 6,1 6,37 6,76 7,09 7,24 7,7 7,8 8,24 8,5 
[ s ;  jungle26 ; breaker: 1,0 ] --> 0,2 0,4539636 0,7597993 1,013478 1,266574 1,723872 2,000715 2,281135 2,911282 3,215238 3,523216 3,873429 4,179443 4,480992 4,75659 5,083139 5,913851 6,239686 6,590924 6,889882 7,167609 7,446099 7,671729 8,172149 8,420981 8,699217 
[ e ;  jungle26 ; breaker: 1,0 ] --> 0 0,04603639 0,0002006888 0,3565223 0,6634257 0,5161284 0,719285 0,6488647 0,2887177 0,2947619 0,2567844 0,2065711 0,3905568 0,4190078 0,4334097 0,2168612 0,006149292 0,1396866 0,2209244 0,1298814 0,07760859 0,2060995 0,0282712 0,3721485 0,1809816 0,1992168 
Absolute Error Mean: 0,269927

[ p ;  jungle26 ; breaker: 1,0 ] --> 0,2 0,5 0,76 1,37 1,93 2,24 2,72 2,93 3,2 3,51 3,78 4,08 4,57 4,9 5,19 5,3 5,92 6,1 6,37 6,76 7,09 7,24 7,7 7,8 8,24 8,5 
[ s ;  jungle26 ; breaker: 1,0 ] --> 0,2 0,5029463 0,7779673 1,059423 1,671271 1,946152 2,221601 2,497295 3,119108 3,418197 3,769909 4,067698 4,369128 4,674386 4,976406 5,252265 5,936018 6,26164 6,562376 6,86272 7,143795 7,989511 8,67889 8,877467 9,076464 9,279277 
[ e ;  jungle26 ; breaker: 1,0 ] --> 0 0,002946317 0,01796728 0,3105769 0,2587285 0,2938482 0,4983988 0,4327052 0,08089161 0,09180284 0,01009059 0,0123024 0,2008719 0,2256145 0,213594 0,04773474 0,01601791 0,1616397 0,1923757 0,1027203 0,05379486 0,7495117 0,9788904 1,077467 0,8364639 0,7792768 
Absolute Error Mean: 0,2940859

[ p ;  jungle26 ; breaker: 1,0 ] --> 0,2 0,5 0,76 1,37 1,93 2,24 2,72 2,93 3,2 3,51 3,78 4,08 4,57 4,9 5,19 5,3 5,92 6,1 6,37 6,76 7,09 7,24 7,7 7,8 8,24 8,5 
[ s ;  jungle26 ; breaker: 1,0 ] --> 0,2 0,5722301 0,8484108 1,147563 1,402012 1,880548 2,156946 2,406868 3,02989 3,355827 3,680176 3,931421 4,157726 4,411127 4,73941 4,98898 5,6145 5,965445 6,293358 6,592553 6,86468 7,138977 7,790183 8,021039 8,298254 8,551145 8,803577 
[ e ;  jungle26 ; breaker: 1,0 ] --> 0 0,0722301 0,08841085 0,2224367 0,5279876 0,3594517 0,5630538 0,5231318 0,1701102 0,1541731 0,09982443 0,1485794 0,4122739 0,488873 0,4505901 0,3110199 0,3055005 0,1345549 0,07664204 0,1674476 0,2253199 0,1010227 0,09018278 0,2210388 0,05825424 0,0511446 
Absolute Error Mean: 0,2316636

[ p ;  jungle26 ; breaker: 1,0 ] --> 0,2 0,5 0,76 1,37 1,93 2,24 2,72 2,93 3,2 3,51 3,78 4,08 4,57 4,9 5,19 5,3 5,92 6,1 6,37 6,76 7,09 7,24 7,7 7,8 8,24 8,5 
[ s ;  jungle26 ; breaker: 1,0 ] --> 0,2 0,4507296 0,7282659 1,429797 2,0574 2,337093 2,638037 2,938436 3,622427 3,953557 4,284743 4,591789 4,869528 5,178127 5,461691 5,820199 6,563834 6,923003 7,204548 7,512788 7,816111 8,072364 8,352972 8,681386 8,937958 9,272098 9,501577 
[ e ;  jungle26 ; breaker: 1,0 ] --> 0 0,04927039 0,03173405 0,05979657 0,1273996 0,09709334 0,08196306 0,008435726 0,4224267 0,4435573 0,5047429 0,5117888 0,2995281 0,2781267 0,2716913 0,5201983 0,6438336 0,8230033 0,8345485 0,7527876 0,7261109 0,8323641 0,6529722 0,8813858 0,697958 0,7720976 
Absolute Error Mean: 0,4355698

[ p ;  jungle26 ; breaker: 1,0 ] --> 0,2 0,5 0,76 1,37 1,93 2,24 2,72 2,93 3,2 3,51 3,78 4,08 4,57 4,9 5,19 5,3 5,92 6,1 6,37 6,76 7,09 7,24 7,7 7,8 8,24 8,5 
[ s ;  jungle26 ; breaker: 1,0 ] --> 0,2 0,5299343 0,8836219 1,16413 1,870075 2,122226 2,405592 2,655923 3,289991 3,614679 3,941186 4,22129 4,505301 4,833498 5,114789 5,346112 5,930874 6,333683 6,588346 6,86894 7,172126 7,479463 7,755617 8,009367 8,263105 8,513795 8,789245 
[ e ;  jungle26 ; breaker: 1,0 ] --> 0 0,02993435 0,1236219 0,2058696 0,05992508 0,117774 0,3144076 0,2740772 0,08999133 0,1046786 0,1611857 0,1412902 0,06469965 0,06650209 0,07521105 0,04611158 0,01087427 0,2336826 0,2183456 0,1089401 0,08212566 0,2394633 0,05561733 0,2093668 0,02310562 0,0137949 
Absolute Error Mean: 0,1180999

[ p ;  jungle26 ; breaker: 1,0 ] --> 0,2 0,5 0,76 1,37 1,93 2,24 2,72 2,93 3,2 3,51 3,78 4,08 4,57 4,9 5,19 5,3 5,92 6,1 6,37 6,76 7,09 7,24 7,7 7,8 8,24 8,5 
[ s ;  jungle26 ; breaker: 1,0 ] --> 0,2 0,5291399 0,8130969 1,09258 1,321499 1,89991 2,155217 2,462648 3,120464 3,423562 3,754701 4,03056 4,335896 4,638832 4,920119 5,199081 5,805019 6,187613 6,467175 6,776563 7,055962 7,355883 7,63549 7,912568 8,163295 8,422172 8,67716 
[ e ;  jungle26 ; breaker: 1,0 ] --> 0 0,02913988 0,05309689 0,2774198 0,6085013 0,34009 0,5647826 0,4673519 0,07953572 0,08643794 0,02529931 0,04943943 0,2341046 0,261168 0,2698808 0,1009188 0,1149812 0,08761263 0,09717512 0,01656246 0,03403807 0,1158829 0,06450939 0,1125674 0,07670498 0,07782841 
Absolute Error Mean: 0,1632704

[ p ;  jungle26 ; breaker: 1,0 ] --> 0,2 0,5 0,76 1,37 1,93 2,24 2,72 2,93 3,2 3,51 3,78 4,08 4,57 4,9 5,19 5,3 5,92 6,1 6,37 6,76 7,09 7,24 7,7 7,8 8,24 8,5 
[ s ;  jungle26 ; breaker: 1,0 ] --> 0,2 0,501476 0,7771307 1,057939 1,259515 1,817459 2,069895 2,326175 2,93451 3,285635 3,589618 3,891391 4,191109 4,465601 4,744132 4,971658 5,574674 5,87396 6,249922 6,550855 6,828563 7,052632 7,327772 7,555851 7,809228 8,059244 8,336227 
[ e ;  jungle26 ; breaker: 1,0 ] --> 0 0,00147599 0,01713067 0,3120612 0,6704849 0,4225411 0,6501048 0,6038249 0,2654896 0,224365 0,1903818 0,1886086 0,378891 0,4343991 0,4458685 0,3283424 0,3453259 0,2260399 0,1200776 0,2091451 0,2614369 0,1873674 0,3722277 0,2441492 0,4307718 0,4407558 
Absolute Error Mean: 0,3065872

[ p ;  jungle26 ; breaker: 1,0 ] --> 0,2 0,5 0,76 1,37 1,93 2,24 2,72 2,93 3,2 3,51 3,78 4,08 4,57 4,9 5,19 5,3 5,92 6,1 6,37 6,76 7,09 7,24 7,7 7,8 8,24 8,5 
[ s ;  jungle26 ; breaker: 1,0 ] --> 0,2 0,5276177 0,8055696 1,083886 1,338169 1,866349 2,093131 2,421545 2,573612 3,198342 3,473578 3,774677 4,098855 4,398206 4,700903 5,053471 5,732381 6,106908 6,406663 6,708722 6,984055 7,290369 7,570721 7,852348 8,16165 8,444646 8,726172 
[ e ;  jungle26 ; breaker: 1,0 ] --> 0 0,02761769 0,04556966 0,286114 0,5918307 0,373651 0,6268687 0,5084555 0,6263883 0,3116579 0,306422 0,3053229 0,4711447 0,5017939 0,4890966 0,2465291 0,1876192 0,00690794 0,03666306 0,05127811 0,1059456 0,05036879 0,1292787 0,05234814 0,07835007 0,05535412 
Absolute Error Mean: 0,2489452

[ p ;  jungle8 ; breaker: 1,0 ] --> 0,2 0,5 0,76 1,37 1,93 2,24 2,72 2,93 3,2 3,51 3,78 4,08 4,57 4,9 5,19 5,3 5,92 6,1 6,37 6,76 7,09 7,24 7,7 7,8 8,24 8,5 
