b;0;3,442208;6,532995;1,320483;1,709242;1,673402;1,524955;1,691496;
b;0;0,02294648;0,07222688;0,1643814;0,3303972;0,244101;0,5150878;0,5059698;
b;0;0,07564211;0,09597516;0,1222184;0,2779406;0,2932682;0,5235476;0,493072;
b;0;0,1009669;0,09322745;0,141876;0,2601625;0,2019277;0,4472029;0,4122884;
b;0;0,02461728;0,04072887;0,0574888;0,1726533;0,0627234;0,2360082;0,2286329;
b;0;0,02487934;0,06384343;0,1325012;0,3064378;0,2482061;0,5217299;0,4874647;
b;0;0,02665406;0,1169644;0,1359016;0,3042845;0,2939548;0,4162207;0,3819029;
b;0;0,02312618;0,04318881;0,06912434;0,1904613;0,1847918;0,287643;0,203428;
b;0;0,01651099;0,006800532;0,03026092;0,211399;0,1286922;0,5153682;0,5106611;
b;0;0,0172435;0,05311072;0,2530001;0,4744796;0,4180853;0,642421;0,585392;
s;0;0,05014783;0,03976202;0,2959498;0,5783395;0,4074081;0,6877854;0,5732315;
s;0;0,0249542;0,03958172;0,3207016;0,6309283;0,4421003;0,6710117;0,6047254;0,6755028;0,5115836;0,5549986;0,5300462;0,7451501;0,797502;0,7836423;0,6403818;
s;0;0,003858447;0,02696162;0,3081056;0,6143855;0,4426188;0,6728663;0,6035116;0,6670475;0,523283;0,5395706;0,5347371;0,6972911;0,7505364;0,7606249;0,642313;
s;0;0,05374518;0,01241124;0,371739;0,6822683;0,4666482;0,7428668;0,6523101;0,694828;0,4309013;0,4479976;0,4227371;0,5892665;0,4923825;0,5552573;0,3872786;
s;0;0,02399552;0,00995183;0,3445024;0,6279964;0,4402136;0,6701553;0,6294744;0,6720982;0,4516373;0,5216885;0,567385;0,8027654;0,9072132;0,8949561;0,7497978;
s;0;0,05858141;0,1524483;0,1795329;0,4387218;0,1427202;0,3686812;0,2514496;0,3183887;0,05140448;0,004437685;0,03035736;0,132216;0,1577387;0,2231255;0,03174496;
s;0;0,002624393;0,0470171;0,3051972;0,5851636;0,3616933;0,5365334;0,4168017;0,00518775;0,01226592;0,05080819;0,05816698;0,1250343;0,09737396;0,1605477;0,03836632;
s;0;0,002420604;0,04351497;0,311705;0,5916408;0,3995261;0,6247351;0,5312035;0,575135;0,7345479;0,5219882;0,5700634;0,778955;0,8043022;0,841064;0,70015;
s;0;0,002872825;0,04622215;0,3085364;0,5899463;0,3949265;0,595459;0,5271416;0,5940688;0,2679002;0,2845211;0,2543714;0,415832;0,3363404;0,3765926;0,1809783;
s;0;0,02482468;0,02268213;0,3076842;0,6150088;0,4226227;0,6441739;0,5731378;0,617419;0,394001;0,4374454;0,4076071;0,592144;0,5879211;0,5693922;0,4750414;
b;0;0,06945652;0,09817749;0,1468836;0,09256876;0,2020726;0,1183348;0,09652901;0,06166959;0,1704268;0,383713;0,2893672;0,01953697;0,1931534;0,05150557;0,09193087;
b;0;0,07257608;0,05522889;0,01064146;0,02984512;0,0751369;0,001596689;0,2455037;0,1987345;0,0660181;0,02179456;0,1283231;0,1723776;0,366333;0,2760363;0,3902268;
b;0;0,07235283;0,1039013;0,1280445;0,07849884;0,1649241;0,01751256;0,3033874;0,2339652;0,1285331;0,01384544;0,2485127;0,1652584;0,1682777;0,1093082;0,1766458;
b;0;0,02685392;0,1226529;0,1645476;0,2876722;0,2769716;0,5248876;0,5714264;0,6276681;0,5424645;0,7441442;0,8723202;0,5603809;0,4088483;0,2963543;0,5428352;
b;0;0,2694182;0,340649;0,3879924;0,5938753;0,592222;0,7229578;0,7945595;0,7564471;0,7303002;0,86853;0,8247209;0,5428457;0,9451513;0,8587303;0,9280872;
b;0;0,003226757;0,09765822;0,06358123;0,1339031;0,07474089;0,2963953;0,3113019;0,2916911;0,206459;0,185704;0,1356015;0,07948256;0,1171236;0,05100536;0,1408839;
b;0;0,02918625;0,1505955;0,1996315;0,4039792;0,3985453;0,5527964;0,5996182;0,5599871;0,5008557;0,4818127;0,4357433;0,3731823;0,8433051;0,7767601;0,8932652;
b;0;0,0742752;0,1373562;0,1369931;0,2635201;0,3334022;0,514673;0,583725;0,565897;0,5067918;0,4881895;0,4389968;0,2777548;0,511692;0,6740022;0,7158308;
b;0;0,0321207;0,05202782;0,02142739;0,03236246;0,0005617142;0,2047811;0,2484272;0,208925;0,1070993;0,04359031;0,02658701;0,2605586;0,07768869;0,1658974;0,2372174;
b;0;0,01950404;0,05089056;0,07732892;0,05698586;0,0919044;0,1130059;0,128974;0,05908775;0,02593994;0,01347566;0,01970673;0,211072;0,06148195;0,2248416;0,3183355;
b;0;0,0723334;0,07910889;0,1620396;0,1717621;0,2522185;0,1297321;0,1397042;0,2096567;0,320585;0,3140755;0,387707;0,4025359;0,133491;0,2499771;0,09149408;
b;0;0,02496359;0,01168805;0,09151661;0,01993382;0,1251676;0,07117748;0,06166196;0,01885319;0,08571577;0,1505196;0,2727454;0,222178;0,04225731;0,1554217;0,3741279;0,04203081;0,01910496;0,3729529;0,4641457;0,3375726;0,3922558;0,239768;0,6440086;0,4576139;0,3746967;
b;0;0,04557756;0,09911931;0,1174229;0,04091954;0,1174636;0,09081316;0,08590102;0,004477262;0,1105134;0,2018163;0,3489196;0,633455;0,5587878;0,2128301;0,1451168;0,2542334;0,02341604;0,1157022;0,1028075;0,02167749;0,0306716;0,1298156;0,2619143;0,04891586;0,005862236;
b;0;0,005895197;0,07789654;0,05269921;0,1413113;0,1062348;0,3762631;0,3724241;0,3042908;0,1723948;0,08160257;0,007874489;0,1324286;0,01275826;0,05047989;0,01349163;0,03295469;0,01296759;0,1080122;0,07495642;0,09405708;0,1713438;0,08634424;0,2651625;0,05294704;0,03323841;
b;0;0,02510422;0,01684743;0,03797936;0,003187656;0,03239083;0,03822684;0,05361629;0,01699233;0,1522937;0,1728742;0,1932359;0,4562068;0,2068753;0,2989378;0,2575569;0,1968784;0,1980963;0,3146133;0,2598476;0,3894224;0,03695774;0,2495952;0,173367;0,1312895;0,2162476;
b;0;0,04513413;0,1035879;0,1996595;0,1763866;0,2816451;0,1052935;0,1411901;0,2360358;0,3631318;0,2579141;0,3342798;0,4471936;0,1688962;0,2597713;0,1685195;0,6134596;0,3685527;0,4606824;0,671999;0,6738195;0,4713759;0,1190662;0,04386234;0,2831793;0,163331;
b;0;0,0236125;0,09063542;0,05479622;0,0952338;0,09427643;0,2659986;0,2580509;0,1622953;0,3032575;0,2594707;0,1824784;0,0837636;0,1608996;0,1511517;0,2656918;0,1789398;0,2445564;0,1773987;0,033144;0,11553;0,1178212;0,1610003;0,2912111;0,05184841;0,2199059;
b;0;0,04876029;0,08109093;0,1608255;0,1434367;0,1758037;0,04012299;0,04966092;0,1192961;0,2307582;0,1963198;0,2453613;0,1838956;0,3160152;0,4309006;0,1140566;0,559011;0,1083493;0,2007031;0,4412727;0,5714893;0,3203464;0,5512891;0,06659937;0,2552476;0,1610775;
b;0;0,07822478;0,09628314;0,07161856;0,1362668;0,1246917;0,3467102;0,3424664;0,2238569;0,08987927;0,2014911;0,1332173;0,2286024;0,07417583;0,3943501;0,4872017;0,04570341;0,04158163;0,2036133;0,01649475;0,1863246;0,188796;0,009707928;0,2081995;0,2972326;0,3689489;
b;0;0,02626926;0,1363089;0,1029054;0,1740853;0,1919498;0,2614901;0,2530253;0,1569247;0,02316332;0,1084464;0,03505325;0,1187921;0,03995752;0,0748415;0,4674206;0,0262537;0,04877758;0,1830463;0,004633427;0,1933126;0,2198429;0,06326389;0,2669249;0,3344755;0,3307819;
s;0;0,04890233;0,112745;0,2212377;0,482087;0,3065684;0,5355186;0,5135593;0,5758355;
s;0;0,03096062;0,1026873;0,2554711;0,5354083;0,3655542;0,5937238;0,5484397;
s;0;0,0240702;0,09053266;0,2448707;0,5549999;0,3350182;0,5866919;0,566824;
s;0;0,02399242;0,040528;0,319813;0,6288196;0,3439308;0,6518841;0,6623521;
s;0;0,02721548;0,1182633;0,1635681;0,001788735;0,01421523;0,1696575;0,1289022;
s;0;0,004992008;0,07089031;0,2605498;0,5411084;0,3202423;0,549355;0,5086443;
s;0;0,03128785;0,04985428;0,3075889;0,5901154;0,4014785;0,6251216;0,5822952;
s;0;0,0264791;0,01198584;0,3705832;0,67477;0,4261292;0,6543362;0,6353908;
s;0;0,02522039;0,01625091;0,3122995;0,6155308;0,3706318;0,6458957;0,6298134;
s;0;0,0517987;0,06636548;0,2432289;0,5540392;0,2888641;0,4929299;0,4249628;
s;0;0,1008953;0,0638954;0,2703576;0,09463155;0,1795616;0,4078429;0,3958864;
s;0;0,001285017;0,06636357;0,2931919;0,1807672;0,2138302;0,3444638;0,3043659;0,02547789;0,04117703;0,09742761;0,1227112;0,04181623;0,04954815;0,03940344;0,1277766;0,2323594;0,374342;0,4308524;0,339663;0,2840433;0,4108224;0,1771469;0,6270504;0,4113483;0,3759136;
s;0;0,04603639;0,0002006888;0,3565223;0,6634257;0,5161284;0,719285;0,6488647;0,2887177;0,2947619;0,2567844;0,2065711;0,3905568;0,4190078;0,4334097;0,2168612;0,006149292;0,1396866;0,2209244;0,1298814;0,07760859;0,2060995;0,0282712;0,3721485;0,1809816;0,1992168;
s;0;0,002946317;0,01796728;0,3105769;0,2587285;0,2938482;0,4983988;0,4327052;0,08089161;0,09180284;0,01009059;0,0123024;0,2008719;0,2256145;0,213594;0,04773474;0,01601791;0,1616397;0,1923757;0,1027203;0,05379486;0,7495117;0,9788904;1,077467;0,8364639;0,7792768;
s;0;0,0722301;0,08841085;0,2224367;0,5279876;0,3594517;0,5630538;0,5231318;0,1701102;0,1541731;0,09982443;0,1485794;0,4122739;0,488873;0,4505901;0,3110199;0,3055005;0,1345549;0,07664204;0,1674476;0,2253199;0,1010227;0,09018278;0,2210388;0,05825424;0,0511446;
s;0;0,04927039;0,03173405;0,05979657;0,1273996;0,09709334;0,08196306;0,008435726;0,4224267;0,4435573;0,5047429;0,5117888;0,2995281;0,2781267;0,2716913;0,5201983;0,6438336;0,8230033;0,8345485;0,7527876;0,7261109;0,8323641;0,6529722;0,8813858;0,697958;0,7720976;
s;0;0,02993435;0,1236219;0,2058696;0,05992508;0,117774;0,3144076;0,2740772;0,08999133;0,1046786;0,1611857;0,1412902;0,06469965;0,06650209;0,07521105;0,04611158;0,01087427;0,2336826;0,2183456;0,1089401;0,08212566;0,2394633;0,05561733;0,2093668;0,02310562;0,0137949;
s;0;0,02913988;0,05309689;0,2774198;0,6085013;0,34009;0,5647826;0,4673519;0,07953572;0,08643794;0,02529931;0,04943943;0,2341046;0,261168;0,2698808;0,1009188;0,1149812;0,08761263;0,09717512;0,01656246;0,03403807;0,1158829;0,06450939;0,1125674;0,07670498;0,07782841;
s;0;0,00147599;0,01713067;0,3120612;0,6704849;0,4225411;0,6501048;0,6038249;0,2654896;0,224365;0,1903818;0,1886086;0,378891;0,4343991;0,4458685;0,3283424;0,3453259;0,2260399;0,1200776;0,2091451;0,2614369;0,1873674;0,3722277;0,2441492;0,4307718;0,4407558;
s;0;0,02761769;0,04556966;0,286114;0,5918307;0,373651;0,6268687;0,5084555;0,6263883;0,3116579;0,306422;0,3053229;0,4711447;0,5017939;0,4890966;0,2465291;0,1876192;0,00690794;0,03666306;0,05127811;0,1059456;0,05036879;0,1292787;0,05234814;0,07835007;0,05535412;
