
NEW RESULT

[ p ;  jungle8 ; breaker: 1,0 ] --> 0,2 0,5 0,76 1,37 1,93 2,24 2,72 2,93 
[ b ;  jungle8 ; breaker: 1,0 ] --> 0,2 0,354784 0,4820258 0,7370999 0,8639504 1,170069 1,65137 1,906439 4,569983 3,860399 4,217612 4,421872 4,883747 5,464467 5,715618 5,895228 6,507889 7,49508 7,922123 8,300154 8,525466 8,727677 9,264581 9,869887 10,43091 3,823274 4,107904 4,289205 4,848516 5,490513 5,74356 6,1994 6,76278 7,169857 3,921127 4,17723 4,378018 4,558132 5,095662 5,658582 6,09692 6,710516 6,988827 8,053517 8,2581 8,435193 8,712263 9,326369 9,912442 10,16677 10,44524 11,13549 11,38942 12,39662 12,62452 12,82572 13,05071 13,70987 14,34844 14,60515 14,80834 15,03493 15,66863 15,92113 3,852218 4,153759 4,330425 4,888525 5,517925 5,771022 6,25341 6,508181 7,86171 8,068229 8,299848 8,84017 9,533174 9,814371 10,34819 10,65701 11,65389 11,91056 12,06521 12,26939 12,90762 13,5989 13,88463 14,44916 14,93529 16,57084 16,82531 17,00502 17,5932 18,18377 18,4391 19,02725 20,20055 20,42944 20,63407 21,26318 21,89472 22,12231 22,70124 22,93139 23,93847 24,39051 24,59235 25,20824 25,73781 25,98992 26,5424 26,76998 27,35528 27,70796 27,9328 28,53381 29,34213 29,54641 30,07542 30,58149 31,70895 31,93464 32,13604 32,71496 33,40179 33,60735 34,29111 34,95084 35,97025 36,22375 36,47434 37,10373 37,84206 38,07134 38,7825 39,03984 
[ e ;  jungle8 ; breaker: 1,0 ] --> 0 0,145216 0,2779742 0,6329001 1,06605 1,069931 1,06863 1,023561 
Absolute Error Mean: 0,6605328

[ p ;  jungle8 ; breaker: 1,0 ] --> 0,2 0,5 0,76 1,37 1,93 2,24 2,72 2,93 
[ b ;  jungle8 ; breaker: 1,0 ] --> 0,2 0,430328 0,6669674 1,364234 2,03469 2,268076 2,860435 3,16299 
[ e ;  jungle8 ; breaker: 1,0 ] --> 0 0,06967202 0,0930326 0,005766034 0,10469 0,02807593 0,140435 0,2329898 
Absolute Error Mean: 0,08433266

[ p ;  jungle8 ; breaker: 1,0 ] --> 0,2 0,5 0,76 1,37 1,93 2,24 2,72 2,93 
[ b ;  jungle8 ; breaker: 1,0 ] --> 0,2 0,4326309 0,6623223 1,352667 1,991106 2,222744 2,794051 2,996057 
[ e ;  jungle8 ; breaker: 1,0 ] --> 0 0,0673691 0,09767765 0,01733291 0,06110644 0,0172565 0,07405114 0,06605697 
Absolute Error Mean: 0,05010634

[ p ;  jungle8 ; breaker: 1,0 ] --> 0,2 0,5 0,76 1,37 1,93 2,24 2,72 2,93 
[ b ;  jungle8 ; breaker: 1,0 ] --> 0,2 1,887512 2,14432 2,349702 3,014644 3,711921 3,915965 4,602318 4,806961 
[ e ;  jungle8 ; breaker: 1,0 ] --> 0 1,387512 1,38432 0,9797024 1,084644 1,471921 1,195965 1,672318 
Absolute Error Mean: 1,147048

[ p ;  jungle8 ; breaker: 1,0 ] --> 0,2 0,5 0,76 1,37 1,93 2,24 2,72 2,93 
[ b ;  jungle8 ; breaker: 1,0 ] --> 0,2 0,428676 0,6401025 1,302043 2,011867 2,599146 3,238034 3,471297 
[ e ;  jungle8 ; breaker: 1,0 ] --> 0 0,07132402 0,1198975 0,06795728 0,08186662 0,3591456 0,5180342 0,541297 
Absolute Error Mean: 0,2199403

[ p ;  jungle8 ; breaker: 1,0 ] --> 0,2 0,5 0,76 1,37 1,93 2,24 2,72 2,93 
[ b ;  jungle8 ; breaker: 1,0 ] --> 0,2 0,4288105 0,6343892 1,349826 2,017744 2,246547 2,887439 3,113907 
[ e ;  jungle8 ; breaker: 1,0 ] --> 0 0,07118949 0,1256108 0,02017438 0,08774436 0,006547451 0,1674395 0,1839073 
Absolute Error Mean: 0,08282666

[ p ;  jungle8 ; breaker: 1,0 ] --> 0,2 0,5 0,76 1,37 1,93 2,24 2,72 2,93 
[ b ;  jungle8 ; breaker: 1,0 ] --> 0,2 0,4035593 0,9837387 1,617729 2,282754 2,486183 3,151352 3,430018 
[ e ;  jungle8 ; breaker: 1,0 ] --> 0 0,09644067 0,2237387 0,2477293 0,3527545 0,2461829 0,4313521 0,5000181 
Absolute Error Mean: 0,262277

[ p ;  jungle8 ; breaker: 1,0 ] --> 0,2 0,5 0,76 1,37 1,93 2,24 2,72 2,93 
[ b ;  jungle8 ; breaker: 1,0 ] --> 0,2 0,4024952 0,682153 1,464814 2,118231 2,320902 2,979273 3,181002 
[ e ;  jungle8 ; breaker: 1,0 ] --> 0 0,09750479 0,07784694 0,09481442 0,1882313 0,08090186 0,2592731 0,2510016 
Absolute Error Mean: 0,1311968

[ p ;  jungle8 ; breaker: 1,0 ] --> 0,2 0,5 0,76 1,37 1,93 2,24 2,72 2,93 
[ b ;  jungle8 ; breaker: 1,0 ] --> 0,2 0,4544127 0,6593765 1,396308 2,163643 2,367651 3,084186 3,289921 
[ e ;  jungle8 ; breaker: 1,0 ] --> 0 0,04558727 0,1006235 0,02630758 0,2336432 0,1276505 0,3641856 0,3599207 
Absolute Error Mean: 0,1572398

[ p ;  jungle8 ; breaker: 1,0 ] --> 0,2 0,5 0,76 1,37 1,93 2,24 2,72 2,93 
[ b ;  jungle8 ; breaker: 1,0 ] --> 0,2 0,4529744 1,119889 1,809357 2,520354 2,77456 3,411296 3,691521 
[ e ;  jungle8 ; breaker: 1,0 ] --> 0 0,04702559 0,3598895 0,4393574 0,5903541 0,5345597 0,6912963 0,7615211 
Absolute Error Mean: 0,4280005

[ p ;  jungle16 ; breaker: 1,0 ] --> 0,2 0,5 0,76 1,37 1,93 2,24 2,72 2,93 
[ s ;  jungle16 ; breaker: 1,0 ] --> 0,2 0,4811058 0,7880306 1,091963 1,50543 1,935612 2,163259 2,442522 2,672518 3,125586 3,384814 3,667361 3,923452 4,177091 4,506393 4,891009 
[ e ;  jungle16 ; breaker: 1,0 ] --> 0 0,01889423 0,02803057 0,278037 0,4245695 0,304388 0,5567412 0,4874783 
Absolute Error Mean: 0,2622674

[ p ;  jungle16 ; breaker: 1,0 ] --> 0,2 0,5 0,76 1,37 1,93 2,24 2,72 2,93 3,2 3,51 3,78 4,08 4,57 4,9 5,19 5,3 
[ s ;  jungle16 ; breaker: 1,0 ] --> 0,2 0,5089391 0,7398774 1,04502 1,720046 2,098202 2,403459 2,660767 3,143958 3,422811 3,703506 4,082756 4,341404 4,673987 5,056979 5,417961 
[ e ;  jungle16 ; breaker: 1,0 ] --> 0 0,008939147 0,02012259 0,32498 0,2099535 0,1417983 0,316541 0,269233 0,05604243 0,0871892 0,07649422 0,002755642 0,2285962 0,2260132 0,1330209 0,1179609 
Absolute Error Mean: 0,1387275

[ p ;  jungle16 ; breaker: 1,0 ] --> 0,2 0,5 0,76 1,37 1,93 2,24 2,72 2,93 3,2 3,51 3,78 4,08 4,57 4,9 5,19 5,3 
[ s ;  jungle16 ; breaker: 1,0 ] --> 0,2 0,5310082 1,096041 1,709661 1,990449 2,324358 2,555861 3,244706 3,527249 3,783608 4,086695 4,39266 4,699172 4,97734 5,307898 5,613085 
[ e ;  jungle16 ; breaker: 1,0 ] --> 0 0,03100818 0,3360415 0,3396614 0,060449 0,08435822 0,1641386 0,3147061 0,3272486 0,2736082 0,3066952 0,3126597 0,1291714 0,07734013 0,117898 0,3130846 
Absolute Error Mean: 0,1992543

[ p ;  jungle16 ; breaker: 1,0 ] --> 0,2 0,5 0,76 1,37 1,93 2,24 2,72 2,93 3,2 3,51 3,78 4,08 4,57 4,9 5,19 5,3 
[ s ;  jungle16 ; breaker: 1,0 ] --> 0,2 0,5121816 0,8411571 1,249215 1,531397 1,916661 2,55267 2,937997 3,224835 3,456993 3,891784 4,148232 4,432134 4,71718 5,026042 5,329414 5,607695 
[ e ;  jungle16 ; breaker: 1,0 ] --> 0 0,01218158 0,08115715 0,1207852 0,398603 0,3233386 0,16733 0,007997036 0,02483487 0,05300665 0,1117837 0,06823254 0,1378665 0,1828203 0,1639585 0,0294137 
Absolute Error Mean: 0,1177068

[ p ;  jungle16 ; breaker: 1,0 ] --> 0,2 0,5 0,76 1,37 1,93 2,24 2,72 2,93 3,2 3,51 3,78 4,08 4,57 4,9 5,19 5,3 
[ s ;  jungle16 ; breaker: 1,0 ] --> 0,2 0,5038112 0,7571525 1,057102 1,387745 1,765815 2,045845 2,299991 2,652933 3,031667 3,283523 3,558447 3,810545 4,167509 4,445035 4,853629 
[ e ;  jungle16 ; breaker: 1,0 ] --> 0 0,00381124 0,002847493 0,3128982 0,5422548 0,4741849 0,674155 0,6300094 0,5470669 0,4783325 0,4964771 0,5215526 0,759455 0,7324915 0,7449646 0,4463711 
Absolute Error Mean: 0,4604295

[ p ;  jungle16 ; breaker: 1,0 ] --> 0,2 0,5 0,76 1,37 1,93 2,24 2,72 2,93 3,2 3,51 3,78 4,08 4,57 4,9 5,19 5,3 
[ s ;  jungle16 ; breaker: 1,0 ] --> 0,2 0,6106004 1,09553 1,528518 2,290515 2,598342 2,98553 3,315201 3,825063 4,235783 4,646465 4,979657 5,311051 5,612945 5,944263 6,328089 
[ e ;  jungle16 ; breaker: 1,0 ] --> 0 0,1106004 0,3355296 0,1585176 0,3605155 0,3583424 0,2655301 0,3852012 0,6250627 0,7257826 0,8664653 0,8996568 0,7410512 0,7129445 0,7542634 1,028089 
Absolute Error Mean: 0,520472

[ p ;  jungle16 ; breaker: 1,0 ] --> 0,2 0,5 0,76 1,37 1,93 2,24 2,72 2,93 3,2 3,51 3,78 4,08 4,57 4,9 5,19 5,3 
[ s ;  jungle16 ; breaker: 1,0 ] --> 0,2 0,5540186 0,9315 1,256322 1,658134 2,339634 2,745842 3,130881 3,513281 3,86919 4,173287 4,537186 4,873092 5,176686 5,585032 5,912751 
[ e ;  jungle16 ; breaker: 1,0 ] --> 0 0,05401856 0,1715 0,1136777 0,2718657 0,09963393 0,02584147 0,2008805 0,3132806 0,3591905 0,3932874 0,4571862 0,303092 0,2766862 0,3950315 0,6127505 
Absolute Error Mean: 0,2529952

[ p ;  jungle16 ; breaker: 1,0 ] --> 0,2 0,5 0,76 1,37 1,93 2,24 2,72 2,93 3,2 3,51 3,78 4,08 4,57 4,9 5,19 5,3 
[ s ;  jungle16 ; breaker: 1,0 ] --> 0,2 1,798842 2,254096 2,712846 3,476143 4,043904 4,505242 4,832664 5,523548 5,907012 6,417323 6,874512 7,257129 7,775438 8,233865 8,715158 
[ e ;  jungle16 ; breaker: 1,0 ] --> 0 1,298842 1,494096 1,342846 1,546143 1,803904 1,785242 1,902664 2,323548 2,397012 2,637323 2,794512 2,687129 2,875438 3,043865 3,415158 
Absolute Error Mean: 2,084233

[ p ;  jungle16 ; breaker: 1,0 ] --> 0,2 0,5 0,76 1,37 1,93 2,24 2,72 2,93 3,2 3,51 3,78 4,08 4,57 4,9 5,19 5,3 
[ s ;  jungle16 ; breaker: 1,0 ] --> 0,2 0,5083023 0,8626435 1,320457 2,086155 2,367023 2,695729 3,024807 3,629739 4,008312 4,695409 5,15212 5,516344 5,873675 6,182814 6,517758 
[ e ;  jungle16 ; breaker: 1,0 ] --> 0 0,008302271 0,1026435 0,04954326 0,1561555 0,1270225 0,02427053 0,09480739 0,4297392 0,4983122 0,9154088 1,07212 0,9463434 0,9736753 0,9928136 1,217758 
Absolute Error Mean: 0,4755572

[ p ;  jungle16 ; breaker: 1,0 ] --> 0,2 0,5 0,76 1,37 1,93 2,24 2,72 2,93 3,2 3,51 3,78 4,08 4,57 4,9 5,19 5,3 
[ s ;  jungle16 ; breaker: 1,0 ] --> 0,2 0,5620034 0,8423784 1,071767 1,40773 1,920622 2,177325 2,436044 2,995143 3,248659 3,55343 3,961806 4,393855 4,849792 5,237165 5,744284 
[ e ;  jungle16 ; breaker: 1,0 ] --> 0 0,06200343 0,08237839 0,298233 0,5222703 0,3193779 0,5426748 0,4939559 0,2048566 0,2613411 0,2265697 0,1181943 0,1761451 0,05020857 0,04716539 0,444284 
Absolute Error Mean: 0,2406037

[ p ;  jungle16 ; breaker: 1,0 ] --> 0,2 0,5 0,76 1,37 1,93 2,24 2,72 2,93 3,2 3,51 3,78 4,08 4,57 4,9 5,19 5,3 
[ b ;  jungle16 ; breaker: 1,0 ] --> 
[ e ;  jungle16 ; breaker: 1,0 ] --> 
Absolute Error Mean: 2,94875

[ p ;  jungle16 ; breaker: 1,0 ] --> 0,2 0,5 0,76 1,37 1,93 2,24 2,72 2,93 3,2 3,51 3,78 4,08 4,57 4,9 5,19 5,3 
[ b ;  jungle16 ; breaker: 1,0 ] --> 0,2 0,432416 0,6917182 0,9789841 1,538681 1,824805 2,334388 2,567114 2,799061 3,032073 3,261612 3,825587 4,084193 4,313734 4,547175 4,85833 
[ e ;  jungle16 ; breaker: 1,0 ] --> 0 0,06758401 0,06828183 0,3910159 0,3913188 0,4151945 0,3856115 0,3628857 0,4009387 0,4779265 0,5183878 0,2544127 0,4858069 0,586266 0,6428246 0,4416704 
Absolute Error Mean: 0,3681329

[ p ;  jungle16 ; breaker: 1,0 ] --> 0,2 0,5 0,76 1,37 1,93 2,24 2,72 2,93 3,2 3,51 3,78 4,08 4,57 4,9 5,19 5,3 
[ b ;  jungle16 ; breaker: 1,0 ] --> 0,2 0,4298355 0,6610355 1,310396 1,999306 2,231183 2,462343 2,665431 2,896939 3,458852 3,663837 3,843693 4,073602 4,565638 5,004107 5,310326 
[ e ;  jungle16 ; breaker: 1,0 ] --> 0 0,0701645 0,09896445 0,05960369 0,06930649 0,008817434 0,2576571 0,2645695 0,3030615 0,05114818 0,1161625 0,2363071 0,4963984 0,334362 0,1858926 0,01032543 
Absolute Error Mean: 0,1601713

[ p ;  jungle16 ; breaker: 1,0 ] --> 0,2 0,5 0,76 1,37 1,93 2,24 2,72 2,93 3,2 3,51 3,78 4,08 4,57 4,9 5,19 5,3 
[ b ;  jungle16 ; breaker: 1,0 ] --> 0,2 0,4568104 0,7649233 1,485083 2,225872 2,456143 2,685256 2,915419 3,145571 3,403426 3,993409 4,254615 4,491036 4,721464 5,233543 5,51284 
[ e ;  jungle16 ; breaker: 1,0 ] --> 0 0,04318964 0,004923344 0,1150825 0,2958716 0,2161427 0,03474355 0,0145812 0,05442953 0,1065741 0,2134092 0,1746149 0,07896423 0,1785359 0,04354286 0,2128401 
Absolute Error Mean: 0,1117153

[ p ;  jungle16 ; breaker: 1,0 ] --> 0,2 0,5 0,76 1,37 1,93 2,24 2,72 2,93 3,2 3,51 3,78 4,08 4,57 4,9 5,19 5,3 
[ b ;  jungle16 ; breaker: 1,0 ] --> 0,2 0,4531068 0,7073488 1,475505 2,243898 2,473768 3,28862 3,51563 3,744891 3,949795 4,178611 4,461874 4,898033 5,209358 5,694386 6,07655 
[ e ;  jungle16 ; breaker: 1,0 ] --> 0 0,04689321 0,05265123 0,1055051 0,3138977 0,2337677 0,5686204 0,5856302 0,5448911 0,4397955 0,3986113 0,3818746 0,3280325 0,3093576 0,5043855 0,7765493 
Absolute Error Mean: 0,3494039

[ p ;  jungle16 ; breaker: 1,0 ] --> 0,2 0,5 0,76 1,37 1,93 2,24 2,72 2,93 3,2 3,51 3,78 4,08 4,57 4,9 5,19 5,3 
[ b ;  jungle16 ; breaker: 1,0 ] --> 0,2 0,4326074 0,66607 1,356254 2,100508 2,327136 2,558427 2,812443 3,016159 3,270639 3,499578 3,754284 3,982134 4,289439 4,924818 5,128343 
[ e ;  jungle16 ; breaker: 1,0 ] --> 0 0,06739262 0,09393001 0,01374578 0,1705083 0,08713603 0,1615734 0,1175568 0,1838412 0,239361 0,2804222 0,3257155 0,5878663 0,6105614 0,265182 0,1716576 
Absolute Error Mean: 0,2110281

[ p ;  jungle16 ; breaker: 1,0 ] --> 0,2 0,5 0,76 1,37 1,93 2,24 2,72 2,93 3,2 3,51 3,78 4,08 4,57 4,9 5,19 5,3 
[ b ;  jungle16 ; breaker: 1,0 ] --> 0,2 0,4537787 0,7082024 1,378338 2,171304 2,42782 3,191652 3,399817 3,603929 3,808998 3,987032 4,194294 4,403353 4,991362 5,195185 5,528452 
[ e ;  jungle16 ; breaker: 1,0 ] --> 0 0,04622132 0,05179757 0,008337975 0,241304 0,1878197 0,4716518 0,4698174 0,403929 0,2989984 0,207032 0,1142941 0,1666474 0,09136152 0,005185127 0,2284522 
Absolute Error Mean: 0,1870531

[ p ;  jungle16 ; breaker: 1,0 ] --> 0,2 0,5 0,76 1,37 1,93 2,24 2,72 2,93 3,2 3,51 3,78 4,08 4,57 4,9 5,19 5,3 
[ b ;  jungle16 ; breaker: 1,0 ] --> 0,2 0,4575733 1,049845 1,980075 2,806307 3,036064 3,760071 3,995149 4,200891 4,408432 4,614549 4,796196 5,055377 5,652038 5,89232 6,199342 
[ e ;  jungle16 ; breaker: 1,0 ] --> 0 0,04242671 0,289845 0,6100748 0,8763074 0,7960639 1,040071 1,065149 1,000891 0,8984325 0,8345487 0,7161961 0,4853768 0,7520375 0,7023196 0,8993421 
Absolute Error Mean: 0,6880676

[ p ;  jungle16 ; breaker: 1,0 ] --> 0,2 0,5 0,76 1,37 1,93 2,24 2,72 2,93 3,2 3,51 3,78 4,08 4,57 4,9 5,19 5,3 
[ b ;  jungle16 ; breaker: 1,0 ] --> 0,2 0,5593795 0,7921811 1,489385 2,204899 2,408681 3,00053 3,251511 3,476564 3,681887 3,912968 4,191631 4,748941 5,053184 5,31108 5,896498 
[ e ;  jungle16 ; breaker: 1,0 ] --> 0 0,05937952 0,03218108 0,1193845 0,2748991 0,1686811 0,28053 0,321511 0,2765636 0,1718872 0,1329682 0,1116314 0,1789412 0,1531835 0,1210804 0,596498 
Absolute Error Mean: 0,1874575

[ p ;  jungle16 ; breaker: 1,0 ] --> 0,2 0,5 0,76 1,37 1,93 2,24 2,72 2,93 3,2 3,51 3,78 4,08 4,57 4,9 5,19 5,3 
[ b ;  jungle16 ; breaker: 1,0 ] --> 0,2 0,4303458 0,6927308 1,48068 1,764785 2,63608 2,864538 3,095548 3,297643 3,498721 3,681043 3,886782 4,477646 4,656699 4,864023 5,019797 
[ e ;  jungle16 ; breaker: 1,0 ] --> 0 0,0696542 0,06726921 0,1106796 0,1652154 0,39608 0,1445377 0,1655478 0,09764338 0,01127887 0,09895682 0,1932175 0,09235382 0,2433014 0,3259768 0,2802033 
Absolute Error Mean: 0,1538697

[ p ;  jungle26 ; breaker: 1,0 ] --> 0,2 0,5 0,76 1,37 1,93 2,24 2,72 2,93 3,2 3,51 3,78 4,08 4,57 4,9 5,19 5,3 
[ b ;  jungle26 ; breaker: 1,0 ] --> 0,2 4,95686 5,21588 5,396264 5,580163 5,788971 5,96694 6,17323 6,355867 6,513364 6,66908 6,849706 7,369019 7,547107 7,75353 7,936407 8,144276 8,327078 8,508702 9,052083 9,260707 9,439643 9,644971 9,8491 10,05404 10,23807 
[ e ;  jungle26 ; breaker: 1,0 ] --> 0 4,45686 4,45588 4,026264 3,650163 3,548971 3,24694 3,24323 3,155867 3,003364 2,88908 2,769706 2,799019 2,647107 2,563529 2,636406 
Absolute Error Mean: 3,068274

[ p ;  jungle26 ; breaker: 1,0 ] --> 0,2 0,5 0,76 1,37 1,93 2,24 2,72 2,93 3,2 3,51 3,78 4,08 4,57 4,9 5,19 5,3 5,92 6,1 6,37 6,76 7,09 7,24 7,7 7,8 8,24 8,5 
[ b ;  jungle26 ; breaker: 1,0 ] --> 0,2 0,4328753 0,6139862 1,17951 1,431139 2,068967 2,274226 2,475146 2,65017 2,880243 3,543387 3,719957 3,902575 4,079357 4,621477 4,825876 5,033376 5,241462 5,395836 5,57484 5,775537 6,333532 6,510673 6,690684 7,225852 7,430575 
[ e ;  jungle26 ; breaker: 1,0 ] --> 0 0,06712472 0,1460138 0,1904895 0,4988614 0,1710334 0,4457741 0,4548542 0,5498304 0,6297572 0,236613 0,3600428 0,6674249 0,8206434 0,5685229 0,474124 0,8866243 0,8585382 0,9741635 1,185161 1,314463 0,9064674 1,189327 1,109316 1,014147 1,069425 
Absolute Error Mean: 0,6457208

[ p ;  jungle26 ; breaker: 1,0 ] --> 0,2 0,5 0,76 1,37 1,93 2,24 2,72 2,93 3,2 3,51 3,78 4,08 4,57 4,9 5,19 5,3 5,92 6,1 6,37 6,76 7,09 7,24 7,7 7,8 8,24 8,5 
[ b ;  jungle26 ; breaker: 1,0 ] --> 0,2 0,4007265 0,5829937 1,143057 1,322214 1,807239 2,013452 2,21711 2,397481 2,578032 3,160254 3,339987 3,516398 3,644302 4,05507 4,25879 4,437065 4,618558 4,848209 5,359729 5,589332 5,795962 6,332223 6,508217 6,71332 7,146367 
[ e ;  jungle26 ; breaker: 1,0 ] --> 0 0,09927353 0,1770063 0,2269427 0,6077857 0,4327612 0,7065482 0,7128901 0,8025193 0,9319685 0,6197464 0,7400134 1,053602 1,255698 1,13493 1,041211 1,482935 1,481442 1,521791 1,400271 1,500669 1,444037 1,367776 1,291783 1,52668 1,353633 
Absolute Error Mean: 0,9582274

[ p ;  jungle26 ; breaker: 1,0 ] --> 0,2 0,5 0,76 1,37 1,93 2,24 2,72 2,93 3,2 3,51 3,78 4,08 4,57 4,9 5,19 5,3 5,92 6,1 6,37 6,76 7,09 7,24 7,7 7,8 8,24 8,5 
[ b ;  jungle26 ; breaker: 1,0 ] --> 0,2 0,3789693 0,5611271 0,7419466 0,9479444 1,54102 1,698101 1,877388 2,35026 2,55617 2,7617 2,94376 3,098232 3,27909 3,791718 3,9735 4,436297 4,643041 4,823571 5,104801 5,614179 5,795369 5,94974 6,160302 6,544103 6,747182 
[ e ;  jungle26 ; breaker: 1,0 ] --> 0 0,1210307 0,1988729 0,6280534 0,9820555 0,6989797 1,021899 1,052612 0,84974 0,9538295 1,0183 1,13624 1,471768 1,62091 1,398282 1,3265 1,483703 1,456959 1,546429 1,655199 1,475821 1,444631 1,750259 1,639699 1,695897 1,752818 
Absolute Error Mean: 1,16848

[ p ;  jungle26 ; breaker: 1,0 ] --> 0,2 0,5 0,76 1,37 1,93 2,24 2,72 2,93 3,2 3,51 3,78 4,08 4,57 4,9 5,19 5,3 5,92 6,1 6,37 6,76 7,09 7,24 7,7 7,8 8,24 8,5 
[ b ;  jungle26 ; breaker: 1,0 ] --> 0,2 0,4018372 0,577178 1,112895 1,291481 1,470798 1,677798 2,160561 2,414987 2,619802 2,847856 3,076223 3,275476 3,731106 3,982112 4,233219 4,461023 4,688368 4,891462 5,116644 5,629607 5,834821 6,039937 6,2169 6,42092 6,623839 
[ e ;  jungle26 ; breaker: 1,0 ] --> 0 0,0981628 0,182822 0,2571049 0,6385192 0,7692019 1,042202 0,7694387 0,7850132 0,890198 0,9321439 1,003777 1,294524 1,168894 1,207888 1,066782 1,458977 1,411632 1,478538 1,643356 1,460393 1,405179 1,660063 1,5831 1,81908 1,876161 
Absolute Error Mean: 1,073198

[ p ;  jungle26 ; breaker: 1,0 ] --> 0,2 0,5 0,76 1,37 1,93 2,24 2,72 2,93 3,2 3,51 3,78 4,08 4,57 4,9 5,19 5,3 5,92 6,1 6,37 6,76 7,09 7,24 7,7 7,8 8,24 8,5 
[ b ;  jungle26 ; breaker: 1,0 ] --> 0,2 0,3807444 0,6367995 1,14693 1,353387 1,53229 2,103525 2,257254 2,424569 2,639682 2,794525 2,98775 3,397286 3,580865 3,732924 3,914629 4,356153 4,536271 4,715799 5,256579 5,436766 5,641927 5,874915 6,082933 6,29131 6,731777 7,225648 
[ e ;  jungle26 ; breaker: 1,0 ] --> 0 0,1192556 0,1232005 0,2230703 0,5766125 0,7077105 0,6164753 0,6727464 0,7754312 0,8703177 0,9854751 1,09225 1,172714 1,319135 1,457076 1,385371 1,563847 1,563729 1,654201 1,503421 1,653234 1,598073 1,825085 1,717067 1,948689 1,768223 
Absolute Error Mean: 1,111247

[ p ;  jungle26 ; breaker: 1,0 ] --> 0,2 0,5 0,76 1,37 1,93 2,24 2,72 2,93 3,2 3,51 3,78 4,08 4,57 4,9 5,19 5,3 5,92 6,1 6,37 6,76 7,09 7,24 7,7 7,8 8,24 8,5 
[ b ;  jungle26 ; breaker: 1,0 ] --> 0,2 0,4051788 0,6134289 1,105238 1,310091 1,867189 2,068982 2,274335 2,863675 3,35074 3,529765 3,708774 3,914004 4,247318 4,838473 5,067928 5,223309 5,426324 5,963095 6,168998 6,375983 6,687627 6,892017 7,094594 7,481338 8,052366 
[ e ;  jungle26 ; breaker: 1,0 ] --> 0 0,09482118 0,1465711 0,2647617 0,6199093 0,3728106 0,6510184 0,6556649 0,3363249 0,1592598 0,2502353 0,3712261 0,6559963 0,6526823 0,3515267 0,2320719 0,6966915 0,673676 0,4069047 0,591002 0,7140169 0,5523729 0,8079829 0,7054067 0,7586617 0,4476337 
Absolute Error Mean: 0,4680473

[ p ;  jungle26 ; breaker: 1,0 ] --> 0,2 0,5 0,76 1,37 1,93 2,24 2,72 2,93 3,2 3,51 3,78 4,08 4,57 4,9 5,19 5,3 5,92 6,1 6,37 6,76 7,09 7,24 7,7 7,8 8,24 8,5 
[ b ;  jungle26 ; breaker: 1,0 ] --> 0,2 0,4035284 0,5873161 1,154786 1,335585 1,51532 1,693566 1,874882 2,10689 2,590925 2,798034 3,02993 3,26034 3,490873 3,774298 4,190926 4,370531 4,57537 4,807135 5,038033 5,274624 5,740159 5,89575 6,075465 6,257905 6,461141 
[ e ;  jungle26 ; breaker: 1,0 ] --> 0 0,09647158 0,1726839 0,2152135 0,5944148 0,7246804 1,026434 1,055119 1,09311 0,9190753 0,981966 1,05007 1,30966 1,409127 1,415702 1,109074 1,549469 1,52463 1,562865 1,721967 1,815376 1,499841 1,80425 1,724535 1,982095 2,038859 
Absolute Error Mean: 1,169103

[ p ;  jungle26 ; breaker: 1,0 ] --> 0,2 0,5 0,76 1,37 1,93 2,24 2,72 2,93 3,2 3,51 3,78 4,08 4,57 4,9 5,19 5,3 5,92 6,1 6,37 6,76 7,09 7,24 7,7 7,8 8,24 8,5 
[ b ;  jungle26 ; breaker: 1,0 ] --> 0,2 0,4345014 0,6455857 1,278727 1,458631 1,637074 1,815097 2,355161 2,561022 2,79112 3,194334 3,450401 4,042701 4,246749 4,423301 4,603179 4,784036 4,989932 5,505377 5,711933 5,917804 6,124348 6,333397 6,873781 7,059844 7,546021 
[ e ;  jungle26 ; breaker: 1,0 ] --> 0 0,06549859 0,1144143 0,09127319 0,4713686 0,6029261 0,9049027 0,5748386 0,6389785 0,7188799 0,5856659 0,6295991 0,5272994 0,6532507 0,7666993 0,6968217 1,135964 1,110068 0,8646231 1,048068 1,172196 1,115652 1,366602 0,9262195 1,180156 0,953979 
Absolute Error Mean: 0,7275363

[ p ;  jungle26 ; breaker: 1,0 ] --> 0,2 0,5 0,76 1,37 1,93 2,24 2,72 2,93 3,2 3,51 3,78 4,08 4,57 4,9 5,19 5,3 5,92 6,1 6,37 6,76 7,09 7,24 7,7 7,8 8,24 8,5 
[ b ;  jungle26 ; breaker: 1,0 ] --> 0,2 0,4052787 0,5877497 1,184282 1,393941 1,964104 2,144744 2,350511 2,582402 3,174103 3,715739 3,897956 4,079382 4,284246 4,462543 5,027482 5,593353 5,772261 5,976831 6,129746 6,308716 6,488795 6,693691 7,127124 7,383519 7,971571 
[ e ;  jungle26 ; breaker: 1,0 ] --> 0 0,09472126 0,1722503 0,1857181 0,5360585 0,2758961 0,5752561 0,5794888 0,6175981 0,335897 0,06426048 0,1820443 0,4906178 0,6157537 0,7274575 0,2725186 0,3266468 0,3277392 0,3931689 0,6302543 0,7812843 0,751205 1,006309 0,6728764 0,8564806 0,5284286 
Absolute Error Mean: 0,4615358

[ p ;  jungle8 ; breaker: 1,0 ] --> 0,2 0,5 0,76 1,37 1,93 2,24 2,72 2,93 3,2 3,51 3,78 4,08 4,57 4,9 5,19 5,3 5,92 6,1 6,37 6,76 7,09 7,24 7,7 7,8 8,24 8,5 
[ s ;  jungle8 ; breaker: 1,0 ] --> 0,2 0,48175 0,7640707 1,090934 1,775815 2,001889 2,255524 2,559002 4,138949 4,723399 5,179093 5,634957 6,3899 6,692483 7,097381 7,73058 
[ e ;  jungle8 ; breaker: 1,0 ] --> 0 0,01824999 0,004070759 0,2790664 0,1541847 0,2381115 0,4644756 0,3709977 0,9389489 1,213399 1,399093 1,554957 1,8199 1,792483 1,907381 2,43058 
Absolute Error Mean: 3,319458

[ p ;  jungle8 ; breaker: 1,0 ] --> 0,2 0,5 0,76 1,37 1,93 2,24 2,72 2,93 
[ s ;  jungle8 ; breaker: 1,0 ] --> 0,2 0,5077223 0,7889834 1,074952 1,741543 2,022911 2,329746 2,591938 
[ e ;  jungle8 ; breaker: 1,0 ] --> 0 0,007722318 0,02898341 0,2950482 0,1884571 0,2170887 0,3902545 0,3380616 
Absolute Error Mean: 0,183202

[ p ;  jungle8 ; breaker: 1,0 ] --> 0,2 0,5 0,76 1,37 1,93 2,24 2,72 2,93 
[ s ;  jungle8 ; breaker: 1,0 ] --> 0,2 0,5073633 0,8125161 1,16925 1,980557 2,260432 2,537957 2,872991 
[ e ;  jungle8 ; breaker: 1,0 ] --> 0 0,007363319 0,0525161 0,2007501 0,05055714 0,020432 0,1820428 0,05700946 
Absolute Error Mean: 0,07133387

[ p ;  jungle8 ; breaker: 1,0 ] --> 0,2 0,5 0,76 1,37 1,93 2,24 2,72 2,93 
[ s ;  jungle8 ; breaker: 1,0 ] --> 0,2 0,7631648 1,02283 1,324155 2,063569 2,367848 2,747444 3,052051 
[ e ;  jungle8 ; breaker: 1,0 ] --> 0 0,2631648 0,2628299 0,04584479 0,1335691 0,1278477 0,02744412 0,1220505 
Absolute Error Mean: 0,1228439

[ p ;  jungle8 ; breaker: 1,0 ] --> 0,2 0,5 0,76 1,37 1,93 2,24 2,72 2,93 
[ s ;  jungle8 ; breaker: 1,0 ] --> 0,2 0,7364642 1,120127 1,580657 2,373567 2,627207 3,041077 3,347706 
[ e ;  jungle8 ; breaker: 1,0 ] --> 0 0,2364642 0,360127 0,2106571 0,4435667 0,3872068 0,3210771 0,4177058 
Absolute Error Mean: 0,2971006

[ p ;  jungle8 ; breaker: 1,0 ] --> 0,2 0,5 0,76 1,37 1,93 2,24 2,72 2,93 
[ s ;  jungle8 ; breaker: 1,0 ] --> 0,2 0,5526992 1,034622 1,444371 2,199774 2,454748 2,884035 3,414313 
[ e ;  jungle8 ; breaker: 1,0 ] --> 0 0,05269921 0,2746224 0,07437134 0,2697736 0,2147479 0,1640351 0,4843125 
Absolute Error Mean: 0,1918203

[ p ;  jungle8 ; breaker: 1,0 ] --> 0,2 0,5 0,76 1,37 1,93 2,24 2,72 2,93 
[ s ;  jungle8 ; breaker: 1,0 ] --> 0,2 0,5542628 0,9826592 1,310673 1,948611 2,251885 2,632164 2,887321 
[ e ;  jungle8 ; breaker: 1,0 ] --> 0 0,05426276 0,2226592 0,05932736 0,01861131 0,0118854 0,0878365 0,04267859 
Absolute Error Mean: 0,06215765

[ p ;  jungle8 ; breaker: 1,0 ] --> 0,2 0,5 0,76 1,37 1,93 2,24 2,72 2,93 
[ s ;  jungle8 ; breaker: 1,0 ] --> 0,2 0,5085339 0,9366563 1,317006 1,982624 2,263618 2,591883 2,901241 
[ e ;  jungle8 ; breaker: 1,0 ] --> 0 0,008533895 0,1766563 0,05299377 0,05262363 0,02361822 0,1281168 0,02875876 
Absolute Error Mean: 0,05891268

[ p ;  jungle8 ; breaker: 1,0 ] --> 0,2 0,5 0,76 1,37 1,93 2,24 2,72 2,93 
[ s ;  jungle8 ; breaker: 1,0 ] --> 0,2 0,4857429 0,7913713 1,070763 1,398215 1,855763 2,114144 2,370401 
[ e ;  jungle8 ; breaker: 1,0 ] --> 0 0,01425713 0,03137136 0,2992374 0,5317851 0,3842372 0,6058562 0,5595989 
Absolute Error Mean: 0,3032929

[ p ;  jungle8 ; breaker: 1,0 ] --> 0,2 0,5 0,76 1,37 1,93 2,24 2,72 2,93 
[ s ;  jungle8 ; breaker: 1,0 ] --> 0,2 0,5078042 0,7865916 1,117867 1,802393 2,106473 2,41249 2,689008 
[ e ;  jungle8 ; breaker: 1,0 ] --> 0 0,007804155 0,02659166 0,2521327 0,127607 0,1335266 0,3075099 0,2409923 
Absolute Error Mean: 0,1370205

[ p ;  jungle26 ; breaker: 1,0 ] --> 0,2 0,5 0,76 1,37 1,93 2,24 2,72 2,93 
[ s ;  jungle26 ; breaker: 1,0 ] --> 0,2 0,551959 0,8792279 1,179655 1,886429 2,190051 2,550135 2,828698 3,39092 3,723934 4,00495 4,410926 4,764721 5,068116 5,3749 5,706557 6,315436 6,670683 7,002916 7,384047 7,765258 8,06479 8,343112 8,673199 9,026388 9,307031 9,61032 10,39933 10,90965 11,51608 12,27959 12,61332 13,02267 13,30338 13,89373 14,28111 14,71397 15,02098 15,40149 15,76047 16,04518 16,38247 16,99669 17,4313 17,81172 18,14308 18,39659 18,67847 18,93414 19,24076 19,52226 19,78064 20,06181 
[ e ;  jungle26 ; breaker: 1,0 ] --> 0 0,05195898 0,1192279 0,1903453 0,04357052 0,04994893 0,1698654 0,1013021 
Absolute Error Mean: 0,09077739

[ p ;  jungle26 ; breaker: 1,0 ] --> 0,2 0,5 0,76 1,37 1,93 2,24 2,72 2,93 3,2 3,51 3,78 4,08 4,57 4,9 5,19 5,3 5,92 6,1 6,37 6,76 7,09 7,24 7,7 7,8 8,24 8,5 
[ s ;  jungle26 ; breaker: 1,0 ] --> 0,2 0,4802608 0,7804382 1,059163 1,359512 1,869562 2,122816 2,40193 2,958884 3,262836 3,544843 3,905202 4,213175 4,518727 4,826883 5,159255 5,720594 6,207779 6,640761 6,946114 7,227663 7,506183 7,789234 8,165423 8,467295 8,770675 9,047156 
[ e ;  jungle26 ; breaker: 1,0 ] --> 0 0,01973915 0,02043819 0,3108366 0,5704881 0,3704379 0,5971844 0,5280704 0,2411163 0,2471642 0,2351568 0,1747983 0,3568254 0,3812728 0,3631167 0,1407456 0,1994057 0,107779 0,2707615 0,1861138 0,1376629 0,2661829 0,08923388 0,3654232 0,2272949 0,2706747 
Absolute Error Mean: 0,2568432

[ p ;  jungle26 ; breaker: 1,0 ] --> 0,2 0,5 0,76 1,37 1,93 2,24 2,72 2,93 3,2 3,51 3,78 4,08 4,57 4,9 5,19 5,3 5,92 6,1 6,37 6,76 7,09 7,24 7,7 7,8 8,24 8,5 
[ s ;  jungle26 ; breaker: 1,0 ] --> 0,2 0,508501 0,7903427 1,126446 1,867795 2,299761 2,706853 3,088967 3,65759 4,039617 4,40263 4,733581 5,070849 5,383142 5,742259 6,077038 6,799731 7,241708 7,574735 7,932137 8,164208 8,430436 8,663629 9,024704 9,361155 9,644878 9,929708 10,5712 10,92905 11,53877 12,29926 12,65952 13,0128 13,3418 13,94868 14,30408 14,60998 15,01714 15,34887 15,63243 16,06675 16,4245 17,08563 17,54577 18,05551 18,43607 18,78812 19,26816 19,9794 20,81325 21,34551 21,82368 
[ e ;  jungle26 ; breaker: 1,0 ] --> 0 0,008500993 0,03034276 0,2435542 0,06220472 0,05976105 0,01314712 0,1589668 0,4575899 0,5296166 0,6226299 0,6535807 0,5008492 0,4831414 0,5522585 0,7770381 0,8797312 1,141708 1,204735 1,172137 1,074208 1,190436 0,9636288 1,224704 1,121155 1,144878 
Absolute Error Mean: 0,6257886

[ p ;  jungle26 ; breaker: 1,0 ] --> 0,2 0,5 0,76 1,37 1,93 2,24 2,72 2,93 3,2 3,51 3,78 4,08 4,57 4,9 5,19 5,3 5,92 6,1 6,37 6,76 7,09 7,24 7,7 7,8 8,24 8,5 
[ s ;  jungle26 ; breaker: 1,0 ] --> 0,2 0,5561652 0,8892888 1,314658 2,003742 2,30958 2,691018 2,994003 3,546124 4,078529 4,51256 4,948387 5,303654 5,609939 5,9137 6,295941 6,957163 7,619079 8,179215 8,664236 8,969319 9,40178 9,781677 10,13812 10,41908 10,74827 11,05608 
[ e ;  jungle26 ; breaker: 1,0 ] --> 0 0,05616522 0,1292889 0,05534184 0,07374179 0,0695796 0,02898169 0,06400323 0,3461237 0,5685289 0,7325599 0,8683867 0,7336535 0,7099385 0,7236996 0,9959412 1,037163 1,519079 1,809216 1,904236 1,879319 2,16178 2,081677 2,338123 2,179082 2,24827 
Absolute Error Mean: 0,9736108

[ p ;  jungle26 ; breaker: 1,0 ] --> 0,2 0,5 0,76 1,37 1,93 2,24 2,72 2,93 3,2 3,51 3,78 4,08 4,57 4,9 5,19 5,3 5,92 6,1 6,37 6,76 7,09 7,24 7,7 7,8 8,24 8,5 
[ s ;  jungle26 ; breaker: 1,0 ] --> 0,2 0,8160133 1,275033 1,609148 1,992858 2,539381 3,002229 3,311247 3,905115 4,370643 4,88688 5,272073 5,604239 5,946177 6,33211 6,640047 7,104397 7,562773 8,101418 8,386006 8,719101 9,054967 9,46321 9,797338 10,1053 10,4631 
[ e ;  jungle26 ; breaker: 1,0 ] --> 0 0,3160133 0,5150326 0,2391475 0,06285799 0,2993805 0,2822289 0,381247 0,7051153 0,8606431 1,10688 1,192073 1,034239 1,046177 1,14211 1,340046 1,184397 1,462773 1,731418 1,626006 1,629101 1,814967 1,76321 1,997337 1,865299 1,963101 
Absolute Error Mean: 1,060031

[ p ;  jungle26 ; breaker: 1,0 ] --> 0,2 0,5 0,76 1,37 1,93 2,24 2,72 2,93 3,2 3,51 3,78 4,08 4,57 4,9 5,19 5,3 5,92 6,1 6,37 6,76 7,09 7,24 7,7 7,8 8,24 8,5 
[ s ;  jungle26 ; breaker: 1,0 ] --> 0,2 0,5571058 0,8639581 1,224819 1,940575 2,349666 2,707205 2,989615 3,524638 3,875963 4,288915 4,641945 4,978392 5,291711 5,575568 5,965035 6,506767 6,866203 7,302894 7,584709 7,916014 8,200109 8,510442 8,796557 9,103709 9,415429 
[ e ;  jungle26 ; breaker: 1,0 ] --> 0 0,05710578 0,1039581 0,1451814 0,01057494 0,1096659 0,01279521 0,05961537 0,3246381 0,3659635 0,5089152 0,5619454 0,408392 0,3917108 0,3855681 0,6650348 0,5867667 0,7662034 0,9328942 0,8247089 0,826014 0,9601097 0,810442 0,9965572 0,8637094 0,9154291 
Absolute Error Mean: 0,4843807

[ p ;  jungle26 ; breaker: 1,0 ] --> 0,2 0,5 0,76 1,37 1,93 2,24 2,72 2,93 3,2 3,51 3,78 4,08 4,57 4,9 5,19 5,3 5,92 6,1 6,37 6,76 7,09 7,24 7,7 7,8 8,24 8,5 
[ s ;  jungle26 ; breaker: 1,0 ] --> 0,2 0,528055 0,8533617 1,318194 2,006258 2,338224 2,719038 3,000041 3,538045 4,020401 4,425704 4,778672 5,106527 5,437598 5,947796 6,255883 6,839025 7,496367 7,829275 8,155643 8,463624 8,820971 9,205963 9,591618 9,924532 10,22788 
[ e ;  jungle26 ; breaker: 1,0 ] --> 0 0,02805495 0,09336168 0,05180585 0,07625782 0,09822369 0,0009615421 0,07004118 0,3380446 0,5104015 0,645704 0,6986718 0,5365272 0,5375977 0,7577963 0,9558825 0,9190245 1,396368 1,459275 1,395643 1,373624 1,580971 1,505963 1,791617 1,684532 1,727883 
Absolute Error Mean: 0,7782398

[ p ;  jungle26 ; breaker: 1,0 ] --> 0,2 0,5 0,76 1,37 1,93 2,24 2,72 2,93 3,2 3,51 3,78 4,08 4,57 4,9 5,19 5,3 5,92 6,1 6,37 6,76 7,09 7,24 7,7 7,8 8,24 8,5 
[ s ;  jungle26 ; breaker: 1,0 ] --> 0,2 0,5277682 0,8064812 1,134828 1,435666 1,964792 2,268003 2,550306 3,160226 3,490185 3,897915 4,231927 4,533708 4,845166 5,175304 5,483618 6,019366 6,368333 6,726522 7,032594 7,284834 7,586726 7,992694 8,297593 8,600958 8,930535 
[ e ;  jungle26 ; breaker: 1,0 ] --> 0 0,02776819 0,04648125 0,2351724 0,4943341 0,2752078 0,4519968 0,379694 0,03977418 0,01981473 0,1179149 0,1519275 0,03629255 0,05483389 0,01469612 0,1836181 0,09936571 0,2683334 0,3565221 0,272594 0,1948338 0,3467259 0,2926946 0,4975929 0,3609581 0,4305353 
Absolute Error Mean: 0,2172955

[ p ;  jungle26 ; breaker: 1,0 ] --> 0,2 0,5 0,76 1,37 1,93 2,24 2,72 2,93 3,2 3,51 3,78 4,08 4,57 4,9 5,19 5,3 5,92 6,1 6,37 6,76 7,09 7,24 7,7 7,8 8,24 8,5 
[ s ;  jungle26 ; breaker: 1,0 ] --> 0,2 0,4558716 0,7840319 1,066484 1,368901 1,857992 2,13427 2,389751 2,819345 3,093449 3,378874 3,706497 3,957108 4,212728 4,574317 4,959148 5,522359 5,880306 6,186471 6,498636 6,793631 7,115566 7,370627 7,675653 7,926633 8,257366 8,586497 
[ e ;  jungle26 ; breaker: 1,0 ] --> 0 0,04412842 0,02403194 0,3035163 0,5610993 0,3820078 0,5857296 0,5402491 0,3806546 0,4165509 0,4011264 0,3735027 0,6128924 0,6872725 0,6156826 0,3408523 0,3976407 0,2196937 0,1835289 0,261364 0,2963691 0,1244335 0,3293729 0,1243477 0,3133664 0,2426338 
Absolute Error Mean: 0,3370018

[ p ;  jungle26 ; breaker: 1,0 ] --> 0,2 0,5 0,76 1,37 1,93 2,24 2,72 2,93 3,2 3,51 3,78 4,08 4,57 4,9 5,19 5,3 5,92 6,1 6,37 6,76 7,09 7,24 7,7 7,8 8,24 8,5 
[ s ;  jungle26 ; breaker: 1,0 ] --> 0,2 0,482772 0,7633854 1,022064 1,47906 1,940053 2,299174 2,679133 3,141294 3,602725 4,014485 4,321624 4,728217 5,061594 5,419018 5,777476 6,36521 6,64517 7,005635 7,344376 7,628579 7,936977 8,245494 8,553741 8,963952 9,248745 9,584195 
[ e ;  jungle26 ; breaker: 1,0 ] --> 0 0,01722798 0,003385425 0,3479363 0,4509397 0,2999475 0,4208262 0,2508674 0,05870557 0,09272504 0,2344849 0,2416239 0,1582165 0,1615934 0,2290182 0,4774756 0,44521 0,5451703 0,6356354 0,5843759 0,5385785 0,6969776 0,5454941 0,7537413 0,7239523 0,748745 
Absolute Error Mean: 0,3716483

[ p ;  jungle8 ; breaker: 1,0 ] --> 0,2 0,5 0,76 1,37 1,93 2,24 2,72 2,93 3,2 3,51 3,78 4,08 4,57 4,9 5,19 5,3 5,92 6,1 6,37 6,76 7,09 7,24 7,7 7,8 8,24 8,5 
