b;0;0,145216;0,2779742;0,6329001;1,06605;1,069931;1,06863;1,023561;
b;0;0,06967202;0,0930326;0,005766034;0,10469;0,02807593;0,140435;0,2329898;
b;0;0,0673691;0,09767765;0,01733291;0,06110644;0,0172565;0,07405114;0,06605697;
b;0;1,387512;1,38432;0,9797024;1,084644;1,471921;1,195965;1,672318;
b;0;0,07132402;0,1198975;0,06795728;0,08186662;0,3591456;0,5180342;0,541297;
b;0;0,07118949;0,1256108;0,02017438;0,08774436;0,006547451;0,1674395;0,1839073;
b;0;0,09644067;0,2237387;0,2477293;0,3527545;0,2461829;0,4313521;0,5000181;
b;0;0,09750479;0,07784694;0,09481442;0,1882313;0,08090186;0,2592731;0,2510016;
b;0;0,04558727;0,1006235;0,02630758;0,2336432;0,1276505;0,3641856;0,3599207;
b;0;0,04702559;0,3598895;0,4393574;0,5903541;0,5345597;0,6912963;0,7615211;
s;0;0,01889423;0,02803057;0,278037;0,4245695;0,304388;0,5567412;0,4874783;
s;0;0,008939147;0,02012259;0,32498;0,2099535;0,1417983;0,316541;0,269233;0,05604243;0,0871892;0,07649422;0,002755642;0,2285962;0,2260132;0,1330209;0,1179609;
s;0;0,03100818;0,3360415;0,3396614;0,060449;0,08435822;0,1641386;0,3147061;0,3272486;0,2736082;0,3066952;0,3126597;0,1291714;0,07734013;0,117898;0,3130846;
s;0;0,01218158;0,08115715;0,1207852;0,398603;0,3233386;0,16733;0,007997036;0,02483487;0,05300665;0,1117837;0,06823254;0,1378665;0,1828203;0,1639585;0,0294137;
s;0;0,00381124;0,002847493;0,3128982;0,5422548;0,4741849;0,674155;0,6300094;0,5470669;0,4783325;0,4964771;0,5215526;0,759455;0,7324915;0,7449646;0,4463711;
s;0;0,1106004;0,3355296;0,1585176;0,3605155;0,3583424;0,2655301;0,3852012;0,6250627;0,7257826;0,8664653;0,8996568;0,7410512;0,7129445;0,7542634;1,028089;
s;0;0,05401856;0,1715;0,1136777;0,2718657;0,09963393;0,02584147;0,2008805;0,3132806;0,3591905;0,3932874;0,4571862;0,303092;0,2766862;0,3950315;0,6127505;
s;0;1,298842;1,494096;1,342846;1,546143;1,803904;1,785242;1,902664;2,323548;2,397012;2,637323;2,794512;2,687129;2,875438;3,043865;3,415158;
s;0;0,008302271;0,1026435;0,04954326;0,1561555;0,1270225;0,02427053;0,09480739;0,4297392;0,4983122;0,9154088;1,07212;0,9463434;0,9736753;0,9928136;1,217758;
s;0;0,06200343;0,08237839;0,298233;0,5222703;0,3193779;0,5426748;0,4939559;0,2048566;0,2613411;0,2265697;0,1181943;0,1761451;0,05020857;0,04716539;0,444284;
b;
b;0;0,06758401;0,06828183;0,3910159;0,3913188;0,4151945;0,3856115;0,3628857;0,4009387;0,4779265;0,5183878;0,2544127;0,4858069;0,586266;0,6428246;0,4416704;
b;0;0,0701645;0,09896445;0,05960369;0,06930649;0,008817434;0,2576571;0,2645695;0,3030615;0,05114818;0,1161625;0,2363071;0,4963984;0,334362;0,1858926;0,01032543;
b;0;0,04318964;0,004923344;0,1150825;0,2958716;0,2161427;0,03474355;0,0145812;0,05442953;0,1065741;0,2134092;0,1746149;0,07896423;0,1785359;0,04354286;0,2128401;
b;0;0,04689321;0,05265123;0,1055051;0,3138977;0,2337677;0,5686204;0,5856302;0,5448911;0,4397955;0,3986113;0,3818746;0,3280325;0,3093576;0,5043855;0,7765493;
b;0;0,06739262;0,09393001;0,01374578;0,1705083;0,08713603;0,1615734;0,1175568;0,1838412;0,239361;0,2804222;0,3257155;0,5878663;0,6105614;0,265182;0,1716576;
b;0;0,04622132;0,05179757;0,008337975;0,241304;0,1878197;0,4716518;0,4698174;0,403929;0,2989984;0,207032;0,1142941;0,1666474;0,09136152;0,005185127;0,2284522;
b;0;0,04242671;0,289845;0,6100748;0,8763074;0,7960639;1,040071;1,065149;1,000891;0,8984325;0,8345487;0,7161961;0,4853768;0,7520375;0,7023196;0,8993421;
b;0;0,05937952;0,03218108;0,1193845;0,2748991;0,1686811;0,28053;0,321511;0,2765636;0,1718872;0,1329682;0,1116314;0,1789412;0,1531835;0,1210804;0,596498;
b;0;0,0696542;0,06726921;0,1106796;0,1652154;0,39608;0,1445377;0,1655478;0,09764338;0,01127887;0,09895682;0,1932175;0,09235382;0,2433014;0,3259768;0,2802033;
b;0;4,45686;4,45588;4,026264;3,650163;3,548971;3,24694;3,24323;3,155867;3,003364;2,88908;2,769706;2,799019;2,647107;2,563529;2,636406;
b;0;0,06712472;0,1460138;0,1904895;0,4988614;0,1710334;0,4457741;0,4548542;0,5498304;0,6297572;0,236613;0,3600428;0,6674249;0,8206434;0,5685229;0,474124;0,8866243;0,8585382;0,9741635;1,185161;1,314463;0,9064674;1,189327;1,109316;1,014147;1,069425;
b;0;0,09927353;0,1770063;0,2269427;0,6077857;0,4327612;0,7065482;0,7128901;0,8025193;0,9319685;0,6197464;0,7400134;1,053602;1,255698;1,13493;1,041211;1,482935;1,481442;1,521791;1,400271;1,500669;1,444037;1,367776;1,291783;1,52668;1,353633;
b;0;0,1210307;0,1988729;0,6280534;0,9820555;0,6989797;1,021899;1,052612;0,84974;0,9538295;1,0183;1,13624;1,471768;1,62091;1,398282;1,3265;1,483703;1,456959;1,546429;1,655199;1,475821;1,444631;1,750259;1,639699;1,695897;1,752818;
b;0;0,0981628;0,182822;0,2571049;0,6385192;0,7692019;1,042202;0,7694387;0,7850132;0,890198;0,9321439;1,003777;1,294524;1,168894;1,207888;1,066782;1,458977;1,411632;1,478538;1,643356;1,460393;1,405179;1,660063;1,5831;1,81908;1,876161;
b;0;0,1192556;0,1232005;0,2230703;0,5766125;0,7077105;0,6164753;0,6727464;0,7754312;0,8703177;0,9854751;1,09225;1,172714;1,319135;1,457076;1,385371;1,563847;1,563729;1,654201;1,503421;1,653234;1,598073;1,825085;1,717067;1,948689;1,768223;
b;0;0,09482118;0,1465711;0,2647617;0,6199093;0,3728106;0,6510184;0,6556649;0,3363249;0,1592598;0,2502353;0,3712261;0,6559963;0,6526823;0,3515267;0,2320719;0,6966915;0,673676;0,4069047;0,591002;0,7140169;0,5523729;0,8079829;0,7054067;0,7586617;0,4476337;
b;0;0,09647158;0,1726839;0,2152135;0,5944148;0,7246804;1,026434;1,055119;1,09311;0,9190753;0,981966;1,05007;1,30966;1,409127;1,415702;1,109074;1,549469;1,52463;1,562865;1,721967;1,815376;1,499841;1,80425;1,724535;1,982095;2,038859;
b;0;0,06549859;0,1144143;0,09127319;0,4713686;0,6029261;0,9049027;0,5748386;0,6389785;0,7188799;0,5856659;0,6295991;0,5272994;0,6532507;0,7666993;0,6968217;1,135964;1,110068;0,8646231;1,048068;1,172196;1,115652;1,366602;0,9262195;1,180156;0,953979;
b;0;0,09472126;0,1722503;0,1857181;0,5360585;0,2758961;0,5752561;0,5794888;0,6175981;0,335897;0,06426048;0,1820443;0,4906178;0,6157537;0,7274575;0,2725186;0,3266468;0,3277392;0,3931689;0,6302543;0,7812843;0,751205;1,006309;0,6728764;0,8564806;0,5284286;
s;0;0,01824999;0,004070759;0,2790664;0,1541847;0,2381115;0,4644756;0,3709977;0,9389489;1,213399;1,399093;1,554957;1,8199;1,792483;1,907381;2,43058;
s;0;0,007722318;0,02898341;0,2950482;0,1884571;0,2170887;0,3902545;0,3380616;
s;0;0,007363319;0,0525161;0,2007501;0,05055714;0,020432;0,1820428;0,05700946;
s;0;0,2631648;0,2628299;0,04584479;0,1335691;0,1278477;0,02744412;0,1220505;
s;0;0,2364642;0,360127;0,2106571;0,4435667;0,3872068;0,3210771;0,4177058;
s;0;0,05269921;0,2746224;0,07437134;0,2697736;0,2147479;0,1640351;0,4843125;
s;0;0,05426276;0,2226592;0,05932736;0,01861131;0,0118854;0,0878365;0,04267859;
s;0;0,008533895;0,1766563;0,05299377;0,05262363;0,02361822;0,1281168;0,02875876;
s;0;0,01425713;0,03137136;0,2992374;0,5317851;0,3842372;0,6058562;0,5595989;
s;0;0,007804155;0,02659166;0,2521327;0,127607;0,1335266;0,3075099;0,2409923;
s;0;0,05195898;0,1192279;0,1903453;0,04357052;0,04994893;0,1698654;0,1013021;
s;0;0,01973915;0,02043819;0,3108366;0,5704881;0,3704379;0,5971844;0,5280704;0,2411163;0,2471642;0,2351568;0,1747983;0,3568254;0,3812728;0,3631167;0,1407456;0,1994057;0,107779;0,2707615;0,1861138;0,1376629;0,2661829;0,08923388;0,3654232;0,2272949;0,2706747;
s;0;0,008500993;0,03034276;0,2435542;0,06220472;0,05976105;0,01314712;0,1589668;0,4575899;0,5296166;0,6226299;0,6535807;0,5008492;0,4831414;0,5522585;0,7770381;0,8797312;1,141708;1,204735;1,172137;1,074208;1,190436;0,9636288;1,224704;1,121155;1,144878;
s;0;0,05616522;0,1292889;0,05534184;0,07374179;0,0695796;0,02898169;0,06400323;0,3461237;0,5685289;0,7325599;0,8683867;0,7336535;0,7099385;0,7236996;0,9959412;1,037163;1,519079;1,809216;1,904236;1,879319;2,16178;2,081677;2,338123;2,179082;2,24827;
s;0;0,3160133;0,5150326;0,2391475;0,06285799;0,2993805;0,2822289;0,381247;0,7051153;0,8606431;1,10688;1,192073;1,034239;1,046177;1,14211;1,340046;1,184397;1,462773;1,731418;1,626006;1,629101;1,814967;1,76321;1,997337;1,865299;1,963101;
s;0;0,05710578;0,1039581;0,1451814;0,01057494;0,1096659;0,01279521;0,05961537;0,3246381;0,3659635;0,5089152;0,5619454;0,408392;0,3917108;0,3855681;0,6650348;0,5867667;0,7662034;0,9328942;0,8247089;0,826014;0,9601097;0,810442;0,9965572;0,8637094;0,9154291;
s;0;0,02805495;0,09336168;0,05180585;0,07625782;0,09822369;0,0009615421;0,07004118;0,3380446;0,5104015;0,645704;0,6986718;0,5365272;0,5375977;0,7577963;0,9558825;0,9190245;1,396368;1,459275;1,395643;1,373624;1,580971;1,505963;1,791617;1,684532;1,727883;
s;0;0,02776819;0,04648125;0,2351724;0,4943341;0,2752078;0,4519968;0,379694;0,03977418;0,01981473;0,1179149;0,1519275;0,03629255;0,05483389;0,01469612;0,1836181;0,09936571;0,2683334;0,3565221;0,272594;0,1948338;0,3467259;0,2926946;0,4975929;0,3609581;0,4305353;
s;0;0,04412842;0,02403194;0,3035163;0,5610993;0,3820078;0,5857296;0,5402491;0,3806546;0,4165509;0,4011264;0,3735027;0,6128924;0,6872725;0,6156826;0,3408523;0,3976407;0,2196937;0,1835289;0,261364;0,2963691;0,1244335;0,3293729;0,1243477;0,3133664;0,2426338;
s;0;0,01722798;0,003385425;0,3479363;0,4509397;0,2999475;0,4208262;0,2508674;0,05870557;0,09272504;0,2344849;0,2416239;0,1582165;0,1615934;0,2290182;0,4774756;0,44521;0,5451703;0,6356354;0,5843759;0,5385785;0,6969776;0,5454941;0,7537413;0,7239523;0,748745;
