b;0;0,2602614;0,6126268;0,4815687;0,2498769;0,1169198;0,2958875;0,6918182;
b;0;0,3263936;0,77079;0,4372864;0,4534372;1,179111;1,332739;1,473875;
b;0;0,005802751;0,05180389;0,1330479;0,3414985;0,6947207;0,5207803;0,5372968;
b;0;0,04330152;0,07707447;0,006755471;0,03805804;0,3842361;0,2352316;0,2773268;
b;0;0,04291147;0,07246822;0,0937016;0,2152848;0,193552;0,0589726;0,2390025;
b;0;0,07196993;0,153641;0,07614887;0,07759869;0,2702084;0,09083295;0,7118068;
b;0;0,02257696;0,03064591;0,01068938;0,03429329;0,01888037;0,01528192;0,03208685;
b;0;0,04566541;0,1001604;0,07875967;0,002441406;0,0590539;0,01758099;0,1352313;
b;0;0,009766817;0,02427316;0,02391088;0,06949365;0,06837535;0,126358;0,148356;
b;0;0,05436611;0,02163351;0,03493774;0,01627898;0,04706597;0,04725981;0,07038093;
s;0;0,02107733;0,0001986623;0,3556484;0,536713;0,3402667;0,5418534;0,4450092;
s;0;0,02276385;0,003137469;0,3588362;0,2055596;0,2373171;0,4374204;0,3732805;0,3175237;0,302371;0,2672966;0,2378721;0,4267521;0,4505081;0,4110384;0,1666546;
s;0;0,8422508;1,062865;0,7309345;0,4749955;0,597183;0,425539;0,5172005;0,5513196;0,5468094;0,5846751;0,5625319;0,3510046;0,3287477;0,3682084;0,8168602;
s;0;0,03025669;0,02333045;0,3324159;0,1252563;0,182158;0,4312694;0,2847648;0,02488518;0,06813359;0,07832289;0,1389794;0,04228973;0,04194641;0,0516715;0,1676164;
s;0;0,04402596;0,02294868;0,3258368;0,1544963;0,214443;0,4147685;0,02670527;0,3904588;0,3804801;0,3912666;0,3448277;0,156127;0,155272;0,3226695;0,7235694;
s;0;0,001358569;0,1407942;0,5369822;0,2527872;0,2188234;0,04096985;0,6942952;1,182394;1,25447;1,290463;1,527184;1,599198;1,52045;1,556555;1,750286;
s;0;0,04724962;0,05406559;0,2985542;0,4754506;0,4688165;0,2698841;0,3701053;0,6068399;0,6745555;0,6871226;0,6916041;0,4811287;0,4805017;0,4933987;0,8158174;
s;0;0,001246095;0,01836509;0,3178073;0,1709514;0,2301991;0,3831401;0,1638937;0,1220593;0,2144845;0,2497399;0,3044772;0,09026766;0,1126003;0,1255631;0,4134197;
s;0;0,1320701;0,1273389;0,2020898;0,04879665;0,1308918;0,2463214;0,1215239;0,1216321;0,1914682;0,2273242;0,2319317;0,0221324;0,02502871;0,02078676;0,3728962;
s;0;0,08452463;0,1318153;0,1980507;0,04158342;0,003875732;0,1712627;0,07748699;0,1370223;0,2057805;0,2168977;0,2694292;0,03221369;0,009671688;0,1030779;0,4023347;
b;0;0,04267621;0,09829348;0,4531934;0,4466798;0,267287;0,2606964;0,214581;0,2506733;0,2544746;0,01405215;0,1451154;0,08905411;0,1679802;0,1590829;0,5634537;
b;0;0,04956043;0,08183759;0,103758;0,1788318;0,2604605;0,3322117;0,1794724;0,0428648;0,23546;0,5290086;0,5086837;0,550519;0,5243449;0,4914503;0,8662486;
b;0;0,07256281;0,05030483;0,003432274;0,07300484;0,1775386;0,4048817;0,052104;0,1645916;0,4909217;0,3985474;0,3513093;0,1174989;0,1155167;0,3582773;0,4007087;
b;0;0,1190448;0,118223;0,1082709;0,0770117;0,2074101;0,3283691;0,2523487;0,3902225;0,5867035;0,4926069;0,4169712;0,1561403;0,5203872;0,3842139;0,4540839;
b;
b;0;0,02217925;0,1048279;0,139232;0,09046805;0,01404095;0,05873322;0,2161994;0,2310708;0,1743612;0,5970962;0,9620309;0,7267776;0,7292132;0,944931;1,038851;
b;0;0,2406851;0,2380447;0,1152451;0,3158705;0,4209402;0,1835356;0,0897131;0,2287815;0,3565545;0,4217703;0,4306946;0,1721663;0,4839883;0,7570939;1,060332;
b;0;0,337102;0,3850946;0,004993916;0,2131559;0,5927372;0,395942;0,4165473;0,7926719;1,637838;1,574628;1,582015;1,579736;1,504996;1,446541;1,516778;
b;0;0,09430486;0,3361492;0,07024026;0,02815318;0,2028642;0,02385497;0,2942398;0,2781055;0,4266634;0,4861724;0,4155579;0,1274519;0,1811085;0,1247516;0,6029525;
b;0;2,268441;2,237247;1,858302;1,859268;1,832804;1,530715;2,063679;2,253627;2,613756;2,573615;2,452064;2,500525;2,602582;2,801294;2,947783;
b;0;0,3059004;0,2730951;0,1581837;0,2574083;0,08503199;0,03528929;0,1125972;0,02342081;0,107085;0,2256942;0,06683397;0,03866768;0,2197299;0,1347938;0,2334094;
b;0;0,6118147;0,7333776;0,324543;0,3261107;0,450459;0,4300377;0,4743159;0,4105284;0,4068964;0,395664;0,6621981;0,6081038;0,7406621;0,6579175;0,7803245;0,5994315;0,8014154;0,7827277;1,001579;1,007459;1,062822;0,8650265;1,023811;1,044807;1,262816;
b;0;0,1325111;0,1049274;0,2248632;0,2461787;0,2757602;0,3713863;0,0327394;0,02694845;0,1320181;0,1394894;0,1491098;0,1160159;0,2000313;0,3467121;0,6743789;0,312685;0,3398004;0,4058084;0,4965911;0,804203;0,9083519;0,6530123;0,7601576;0,7494278;1,334633;
b;0;0,2151587;0,1576508;0,2178473;0,3384207;0,2345796;0,2764876;0,2563524;0,3405659;0,4424162;0,4286582;0,1390128;0,2464743;0,08680058;0,01300955;0,1072035;0,228622;0,09902382;0,008506298;0,009431839;0,0877409;0,1454329;0,2208505;0,2996836;0,03950596;0,2651043;
b;0;0,06947359;0,09831125;0,1969692;0,1402969;0,2237782;0,5261683;0,4812148;0,6231277;0,7040627;0,7710578;0,7909145;0,5485868;0,3235626;0,3841772;0,2880187;0,5729947;0,28792;0,3297672;0,4902487;0,5947785;0,2387075;0,2178864;0,03567934;0,375783;0,3667955;
b;0;0,2354391;0,2077014;0,1711409;0,04114866;0,4513273;0,1788669;0,1480436;0,05917549;0,3881679;0,6810386;1,104803;1,95369;1,881789;1,82632;1,897696;1,911062;2,494511;3,170679;3,547331;3,578773;3,685796;3,506738;3,89653;4,064151;4,338494;
b;0;0,0429917;0,0977459;0,1131456;0,1859699;0,2465684;0,4379523;1,04397;1,235669;1,15822;1,093469;1,233676;1,645582;1,522687;1,41188;1,843963;1,429059;2,098873;3,171637;2,965458;2,789451;2,79692;2,952255;3,314967;3,644828;3,538394;
b;0;0,3584781;3,421375;4,495546;4,141651;4,034348;4,119613;4,703562;4,722144;4,591227;4,988692;5,48204;5,863566;6,149821;6,089721;6,157538;5,742557;6,178964;6,500131;6,315346;6,140305;6,119128;6,08907;6,320539;6,69635;6,83883;
b;0;0,1778864;0,2981842;0,1086346;0,442729;0,2459294;0,3925064;0,3418431;0,3831146;0,2308614;0,1631572;0,2878418;0,02730513;0,1247206;0,2364845;0,08142805;0,2090526;0,1334467;0,1538248;0,03205729;0,1573706;0,3341923;0,2563138;0,4600468;0,5547781;0,6959476;
b;0;0,5137602;0,6115893;0,234167;0,07059407;0,1750321;0,1486394;0,4747853;0,7156959;1,103034;1,035904;0,9381037;0,6532393;0,5277119;0,5976248;0,7698903;0,4045157;0,7603159;0,7409301;0,8803139;0,7522144;1,030327;0,9730654;1,201489;0,9895077;1,594759;
s;0;0,01131928;0,02837378;0,09734309;0,2144505;0,1658683;0,03720498;0,234638;
s;0;4,819593;4,837315;4,505475;4,320703;4,76787;4,588786;4,681584;
s;0;0,04853261;0,001092196;0,08401561;0,03720665;0,02677679;0,1288724;0,03936028;
s;0;0,04304263;0,04642874;0,4008016;0,5604444;0,54048;0,7417712;0,6444418;
s;0;0,01842698;0,0003256798;0,3296208;0,1871238;0,2697588;0,4742706;0,2296743;
s;0;0,02005717;0,02688718;0,1044948;0,05766821;0,1394119;0,1305766;0,1333623;
s;0;0,04731768;0,05685997;0,06482327;0,01244986;0,03261614;0,09643984;0,1032755;
s;0;0,04402253;0,02593517;0,07742357;0,003736734;0,0439682;0,1585021;0,1380224;
s;0;0,00529635;0,053177;0,02465355;0,05340159;0,08544707;0,1583588;0,1407716;
s;0;0,004216313;0,1442694;0,08875191;0,142704;0,07132864;0,3222241;0,2748346;
s;0;0,04694632;0,02450788;0,2766743;0,2264738;0,2821815;0,4566851;0,2590168;
s;0;1,978619;2,004207;1,726074;1,811928;1,733851;1,507855;1,609733;1,628173;1,702481;1,740513;1,808712;1,652537;1,552568;1,546675;1,717804;1,764487;2,049857;2,163161;2,112357;2,044493;2,149223;1,996433;2,176419;2,123002;2,191362;
s;0;0,03171462;0,02973092;0,3249151;0,2222619;0,2770019;0,4512849;0,4316084;0,2435565;0,1151681;0,1290357;0,07191849;0,3081722;0,3840365;0,3175545;0,009504795;0,04984045;0,1811724;0,1679063;0,05875969;0,03867054;0,09346724;0,08558893;0,09929609;0,09087372;0,1884537;
s;0;0,05813122;0,05286634;0,2988321;0,1688523;0,1683047;0,3918624;0,3233511;0,3645742;0,3147221;0,2762814;0,2199566;0,4003334;0,4989767;0,5567031;0,4343605;0,7973623;0,5429568;0,5294657;0,6415033;0,6666608;0,560266;0,7927566;0,5870094;0,672924;0,6569152;
s;0;0,03046387;0,02404821;0,3816292;0,6617515;0,5395542;0,7656882;0,6707315;0,7128496;0,7407007;0,6786425;0,5986617;0,8598728;0,8861108;0,9442458;0,7182689;0,8558593;0,678937;0,6115336;0,7703872;0,8197961;0,7367921;0,9665236;0,7066054;0,8664412;0,7668514;
s;0;0,01922494;0,02225107;0,4000521;0,296896;0,3515782;0,5279326;0,4583313;0,347616;0,3781998;0,3664896;0,3881669;0,6232927;0,7245989;0,7633038;0,5160546;0,8552938;0,5319195;0,4968586;0,6124625;0,6665683;0,5653214;0,7453418;0,590385;0,7240729;0,6802754;
s;0;0,1258425;0,09017795;0,3154192;0,5948857;0,391631;0,5902822;0,5220056;0,5896025;0,67401;0,6903322;0,7624404;0,9712522;1,048933;0,9337182;0,7132449;0,9297094;0,9081969;0,8189664;0,950654;1,028938;0,9267735;1,135571;1,009252;0,949338;0,8024459;
s;0;0,02761447;0,00332582;0,3839992;0,3364395;0,3867625;0,5600197;0,542836;0,5606694;0,5947781;0,606425;0,6494501;0,8571732;0,9301996;0,9434137;0,6455426;0,7535782;0,6053233;0,5963626;0,7060928;0,780118;0,7016077;0,9331727;0,7769222;0,9368463;0,6839137;
s;0;0,05495387;0,02316588;0,3574867;0,3048226;0,364042;0,567811;0,5476489;0,462533;0,4943705;0,4865761;0,5332663;2,116777;2,017375;1,933777;2,026343;1,963239;2,18515;2,189262;2,055399;1,977551;2,055719;2,103549;2,309707;2,197863;2,39316;
s;0;0,05298036;0,04980099;0,02470815;0,07428682;0,119148;0,05530715;0,01236939;0,0544796;0,009053946;0,003250837;0,05502653;0,1826601;0,1620116;0,1983724;0,01978636;0,348392;0,1450396;0,08319569;0,1961384;0,2719655;0,1708779;0,3257914;0,1484442;0,2125597;0,1936216;
