
NEW RESULT

[ p ;  jungle8 ; breaker: 1,0 ] --> 0,2 0,5 0,76 1,37 1,93 2,24 2,72 2,93 
[ b ;  jungle8 ; breaker: 1,0 ] --> 0,2 0,7602614 1,372627 1,851569 2,179877 2,35692 3,015887 3,621818 
[ e ;  jungle8 ; breaker: 1,0 ] --> 0 0,2602614 0,6126268 0,4815687 0,2498769 0,1169198 0,2958875 0,6918182 
Absolute Error Mean: 0,3386199

[ p ;  jungle8 ; breaker: 1,0 ] --> 0,2 0,5 0,76 1,37 1,93 2,24 2,72 2,93 
[ b ;  jungle8 ; breaker: 1,0 ] --> 0,2 0,8263936 1,53079 1,807286 2,383437 3,419111 4,052739 4,403875 
[ e ;  jungle8 ; breaker: 1,0 ] --> 0 0,3263936 0,77079 0,4372864 0,4534372 1,179111 1,332739 1,473875 
Absolute Error Mean: 0,7467041

[ p ;  jungle8 ; breaker: 1,0 ] --> 0,2 0,5 0,76 1,37 1,93 2,24 2,72 2,93 
[ b ;  jungle8 ; breaker: 1,0 ] --> 0,2 0,5058028 0,8118039 1,503048 2,271498 2,934721 3,24078 3,467297 
[ e ;  jungle8 ; breaker: 1,0 ] --> 0 0,005802751 0,05180389 0,1330479 0,3414985 0,6947207 0,5207803 0,5372968 
Absolute Error Mean: 0,2856189

[ p ;  jungle8 ; breaker: 1,0 ] --> 0,2 0,5 0,76 1,37 1,93 2,24 2,72 2,93 
[ b ;  jungle8 ; breaker: 1,0 ] --> 0,2 0,4566985 0,6829255 1,363245 1,968058 2,624236 2,955232 3,207327 
[ e ;  jungle8 ; breaker: 1,0 ] --> 0 0,04330152 0,07707447 0,006755471 0,03805804 0,3842361 0,2352316 0,2773268 
Absolute Error Mean: 0,132748

[ p ;  jungle8 ; breaker: 1,0 ] --> 0,2 0,5 0,76 1,37 1,93 2,24 2,72 2,93 
[ b ;  jungle8 ; breaker: 1,0 ] --> 0,2 0,4570885 0,6875318 1,276298 1,714715 2,046448 2,661027 3,169003 
[ e ;  jungle8 ; breaker: 1,0 ] --> 0 0,04291147 0,07246822 0,0937016 0,2152848 0,193552 0,0589726 0,2390025 
Absolute Error Mean: 0,1144866

[ p ;  jungle8 ; breaker: 1,0 ] --> 0,2 0,5 0,76 1,37 1,93 2,24 2,72 2,93 
[ b ;  jungle8 ; breaker: 1,0 ] --> 0,2 0,4280301 0,6063589 1,293851 1,852401 2,510208 2,810833 3,641807 
[ e ;  jungle8 ; breaker: 1,0 ] --> 0 0,07196993 0,153641 0,07614887 0,07759869 0,2702084 0,09083295 0,7118068 
Absolute Error Mean: 0,1815258

[ p ;  jungle8 ; breaker: 1,0 ] --> 0,2 0,5 0,76 1,37 1,93 2,24 2,72 2,93 
[ b ;  jungle8 ; breaker: 1,0 ] --> 0,2 0,477423 0,7293541 1,380689 1,964293 2,22112 2,704718 2,962087 
[ e ;  jungle8 ; breaker: 1,0 ] --> 0 0,02257696 0,03064591 0,01068938 0,03429329 0,01888037 0,01528192 0,03208685 
Absolute Error Mean: 0,02055683

[ p ;  jungle8 ; breaker: 1,0 ] --> 0,2 0,5 0,76 1,37 1,93 2,24 2,72 2,93 
[ b ;  jungle8 ; breaker: 1,0 ] --> 0,2 0,4543346 0,6598396 1,29124 1,927559 2,180946 2,737581 3,065231 
[ e ;  jungle8 ; breaker: 1,0 ] --> 0 0,04566541 0,1001604 0,07875967 0,002441406 0,0590539 0,01758099 0,1352313 
Absolute Error Mean: 0,05486163

[ p ;  jungle8 ; breaker: 1,0 ] --> 0,2 0,5 0,76 1,37 1,93 2,24 2,72 2,93 
[ b ;  jungle8 ; breaker: 1,0 ] --> 0,2 0,5097668 0,7357268 1,393911 1,999494 2,308375 2,846358 3,078356 
[ e ;  jungle8 ; breaker: 1,0 ] --> 0 0,009766817 0,02427316 0,02391088 0,06949365 0,06837535 0,126358 0,148356 
Absolute Error Mean: 0,05881673

[ p ;  jungle8 ; breaker: 1,0 ] --> 0,2 0,5 0,76 1,37 1,93 2,24 2,72 2,93 
[ b ;  jungle8 ; breaker: 1,0 ] --> 0,2 0,5543661 0,7816335 1,335062 1,913721 2,192934 2,67274 3,000381 3,050239 
[ e ;  jungle8 ; breaker: 1,0 ] --> 0 0,05436611 0,02163351 0,03493774 0,01627898 0,04706597 0,04725981 0,07038093 
Absolute Error Mean: 0,03649038

[ p ;  jungle16 ; breaker: 1,0 ] --> 0,2 0,5 0,76 1,37 1,93 2,24 2,72 2,93 
[ s ;  jungle16 ; breaker: 1,0 ] --> 0,2 0,4789227 0,7601987 1,014352 1,393287 1,899733 2,178147 2,484991 2,739524 2,969929 3,299084 3,603143 3,885082 4,190092 4,598278 5,134611 
[ e ;  jungle16 ; breaker: 1,0 ] --> 0 0,02107733 0,0001986623 0,3556484 0,536713 0,3402667 0,5418534 0,4450092 
Absolute Error Mean: 0,2800958

[ p ;  jungle16 ; breaker: 1,0 ] --> 0,2 0,5 0,76 1,37 1,93 2,24 2,72 2,93 3,2 3,51 3,78 4,08 4,57 4,9 5,19 5,3 
[ s ;  jungle16 ; breaker: 1,0 ] --> 0,2 0,4772362 0,7568625 1,011164 1,72444 2,002683 2,28258 2,55672 2,882476 3,207629 3,512703 3,842128 4,143248 4,449492 4,778962 5,133346 
[ e ;  jungle16 ; breaker: 1,0 ] --> 0 0,02276385 0,003137469 0,3588362 0,2055596 0,2373171 0,4374204 0,3732805 0,3175237 0,302371 0,2672966 0,2378721 0,4267521 0,4505081 0,4110384 0,1666546 
Absolute Error Mean: 0,2636457

[ p ;  jungle16 ; breaker: 1,0 ] --> 0,2 0,5 0,76 1,37 1,93 2,24 2,72 2,93 3,2 3,51 3,78 4,08 4,57 4,9 5,19 5,3 
[ s ;  jungle16 ; breaker: 1,0 ] --> 0,2 1,342251 1,822865 2,100935 2,404995 2,837183 3,145539 3,447201 3,75132 4,056809 4,364675 4,642532 4,921005 5,228748 5,558208 6,11686 
[ e ;  jungle16 ; breaker: 1,0 ] --> 0 0,8422508 1,062865 0,7309345 0,4749955 0,597183 0,425539 0,5172005 0,5513196 0,5468094 0,5846751 0,5625319 0,3510046 0,3287477 0,3682084 0,8168602 
Absolute Error Mean: 0,5475703

[ p ;  jungle16 ; breaker: 1,0 ] --> 0,2 0,5 0,76 1,37 1,93 2,24 2,72 2,93 3,2 3,51 3,78 4,08 4,57 4,9 5,19 5,3 
[ s ;  jungle16 ; breaker: 1,0 ] --> 0,2 0,5302567 0,7833304 1,037584 1,804744 2,057842 2,288731 2,645235 3,224885 3,578134 3,858323 4,218979 4,52771 4,858054 5,138329 5,467617 
[ e ;  jungle16 ; breaker: 1,0 ] --> 0 0,03025669 0,02333045 0,3324159 0,1252563 0,182158 0,4312694 0,2847648 0,02488518 0,06813359 0,07832289 0,1389794 0,04228973 0,04194641 0,0516715 0,1676164 
Absolute Error Mean: 0,126456

[ p ;  jungle16 ; breaker: 1,0 ] --> 0,2 0,5 0,76 1,37 1,93 2,24 2,72 2,93 3,2 3,51 3,78 4,08 4,57 4,9 5,19 5,3 
[ s ;  jungle16 ; breaker: 1,0 ] --> 0,2 0,455974 0,7370513 1,044163 1,775504 2,025557 2,305232 2,956705 3,590459 3,89048 4,171267 4,424828 4,726127 5,055272 5,51267 6,02357 
[ e ;  jungle16 ; breaker: 1,0 ] --> 0 0,04402596 0,02294868 0,3258368 0,1544963 0,214443 0,4147685 0,02670527 0,3904588 0,3804801 0,3912666 0,3448277 0,156127 0,155272 0,3226695 0,7235694 
Absolute Error Mean: 0,2542435

[ p ;  jungle16 ; breaker: 1,0 ] --> 0,2 0,5 0,76 1,37 1,93 2,24 2,72 2,93 3,2 3,51 3,78 4,08 4,57 4,9 5,19 5,3 
[ s ;  jungle16 ; breaker: 1,0 ] --> 0,2 0,5013586 0,9007941 1,906982 2,182787 2,458823 2,76097 3,624295 4,382394 4,76447 5,070463 5,607184 6,169199 6,42045 6,746555 7,050286 
[ e ;  jungle16 ; breaker: 1,0 ] --> 0 0,001358569 0,1407942 0,5369822 0,2527872 0,2188234 0,04096985 0,6942952 1,182394 1,25447 1,290463 1,527184 1,599198 1,52045 1,556555 1,750286 
Absolute Error Mean: 0,8479383

[ p ;  jungle16 ; breaker: 1,0 ] --> 0,2 0,5 0,76 1,37 1,93 2,24 2,72 2,93 3,2 3,51 3,78 4,08 4,57 4,9 5,19 5,3 
[ s ;  jungle16 ; breaker: 1,0 ] --> 0,2 0,4527504 0,7059344 1,668554 2,405451 2,708817 2,989884 3,300105 3,80684 4,184556 4,467123 4,771604 5,051129 5,380502 5,683399 6,115818 
[ e ;  jungle16 ; breaker: 1,0 ] --> 0 0,04724962 0,05406559 0,2985542 0,4754506 0,4688165 0,2698841 0,3701053 0,6068399 0,6745555 0,6871226 0,6916041 0,4811287 0,4805017 0,4933987 0,8158174 
Absolute Error Mean: 0,4321934

[ p ;  jungle16 ; breaker: 1,0 ] --> 0,2 0,5 0,76 1,37 1,93 2,24 2,72 2,93 3,2 3,51 3,78 4,08 4,57 4,9 5,19 5,3 
[ s ;  jungle16 ; breaker: 1,0 ] --> 0,2 0,5012461 0,7783651 1,052193 1,759049 2,009801 2,33686 2,766106 3,322059 3,724484 4,02974 4,384477 4,660268 5,0126 5,315563 5,71342 
[ e ;  jungle16 ; breaker: 1,0 ] --> 0 0,001246095 0,01836509 0,3178073 0,1709514 0,2301991 0,3831401 0,1638937 0,1220593 0,2144845 0,2497399 0,3044772 0,09026766 0,1126003 0,1255631 0,4134197 
Absolute Error Mean: 0,1823884

[ p ;  jungle16 ; breaker: 1,0 ] --> 0,2 0,5 0,76 1,37 1,93 2,24 2,72 2,93 3,2 3,51 3,78 4,08 4,57 4,9 5,19 5,3 
[ s ;  jungle16 ; breaker: 1,0 ] --> 0,2 0,6320701 0,8873389 1,16791 1,881203 2,109108 2,473679 2,808476 3,321632 3,701468 4,007324 4,311932 4,592133 4,874971 5,210787 5,672896 
[ e ;  jungle16 ; breaker: 1,0 ] --> 0 0,1320701 0,1273389 0,2020898 0,04879665 0,1308918 0,2463214 0,1215239 0,1216321 0,1914682 0,2273242 0,2319317 0,0221324 0,02502871 0,02078676 0,3728962 
Absolute Error Mean: 0,1388896

[ p ;  jungle16 ; breaker: 1,0 ] --> 0,2 0,5 0,76 1,37 1,93 2,24 2,72 2,93 3,2 3,51 3,78 4,08 4,57 4,9 5,19 5,3 
[ s ;  jungle16 ; breaker: 1,0 ] --> 0,2 0,5845246 0,8918152 1,171949 1,888417 2,243876 2,548737 2,852513 3,337022 3,71578 3,996898 4,349429 4,602214 4,909672 5,293078 5,702335 
[ e ;  jungle16 ; breaker: 1,0 ] --> 0 0,08452463 0,1318153 0,1980507 0,04158342 0,003875732 0,1712627 0,07748699 0,1370223 0,2057805 0,2168977 0,2694292 0,03221369 0,009671688 0,1030779 0,4023347 
Absolute Error Mean: 0,1303142

[ p ;  jungle16 ; breaker: 1,0 ] --> 0,2 0,5 0,76 1,37 1,93 2,24 2,72 2,93 3,2 3,51 3,78 4,08 4,57 4,9 5,19 5,3 
[ b ;  jungle16 ; breaker: 1,0 ] --> 0,2 0,4573238 0,6617065 0,9168066 1,48332 1,972713 2,459304 2,715419 2,949327 3,255525 3,765948 4,225115 4,659054 5,06798 5,349083 5,863454 
[ e ;  jungle16 ; breaker: 1,0 ] --> 0 0,04267621 0,09829348 0,4531934 0,4466798 0,267287 0,2606964 0,214581 0,2506733 0,2544746 0,01405215 0,1451154 0,08905411 0,1679802 0,1590829 0,5634537 
Absolute Error Mean: 0,2142059

[ p ;  jungle16 ; breaker: 1,0 ] --> 0,2 0,5 0,76 1,37 1,93 2,24 2,72 2,93 3,2 3,51 3,78 4,08 4,57 4,9 5,19 5,3 
[ b ;  jungle16 ; breaker: 1,0 ] --> 0,2 0,4504396 0,6781624 1,266242 1,751168 1,97954 2,387788 2,750528 3,157135 3,74546 4,309009 4,588684 5,120519 5,424345 5,68145 6,166249 
[ e ;  jungle16 ; breaker: 1,0 ] --> 0 0,04956043 0,08183759 0,103758 0,1788318 0,2604605 0,3322117 0,1794724 0,0428648 0,23546 0,5290086 0,5086837 0,550519 0,5243449 0,4914503 0,8662486 
Absolute Error Mean: 0,3084195

[ p ;  jungle16 ; breaker: 1,0 ] --> 0,2 0,5 0,76 1,37 1,93 2,24 2,72 2,93 3,2 3,51 3,78 4,08 4,57 4,9 5,19 5,3 
[ b ;  jungle16 ; breaker: 1,0 ] --> 0,2 0,4274372 0,8103048 1,373432 1,856995 2,062461 2,315118 2,877896 3,364592 4,000922 4,178547 4,431309 4,687499 5,015517 5,548277 5,700709 
[ e ;  jungle16 ; breaker: 1,0 ] --> 0 0,07256281 0,05030483 0,003432274 0,07300484 0,1775386 0,4048817 0,052104 0,1645916 0,4909217 0,3985474 0,3513093 0,1174989 0,1155167 0,3582773 0,4007087 
Absolute Error Mean: 0,20195

[ p ;  jungle16 ; breaker: 1,0 ] --> 0,2 0,5 0,76 1,37 1,93 2,24 2,72 2,93 3,2 3,51 3,78 4,08 4,57 4,9 5,19 5,3 
[ b ;  jungle16 ; breaker: 1,0 ] --> 0,2 0,3809552 0,641777 1,261729 1,852988 2,03259 2,391631 3,182349 3,590223 4,096704 4,272607 4,496971 4,72614 5,420387 5,574214 5,754084 
[ e ;  jungle16 ; breaker: 1,0 ] --> 0 0,1190448 0,118223 0,1082709 0,0770117 0,2074101 0,3283691 0,2523487 0,3902225 0,5867035 0,4926069 0,4169712 0,1561403 0,5203872 0,3842139 0,4540839 
Absolute Error Mean: 0,2882505

[ p ;  jungle16 ; breaker: 1,0 ] --> 0,2 0,5 0,76 1,37 1,93 2,24 2,72 2,93 3,2 3,51 3,78 4,08 4,57 4,9 5,19 5,3 
[ b ;  jungle16 ; breaker: 1,0 ] --> 
[ e ;  jungle16 ; breaker: 1,0 ] --> 
Absolute Error Mean: 2,94875

[ p ;  jungle16 ; breaker: 1,0 ] --> 0,2 0,5 0,76 1,37 1,93 2,24 2,72 2,93 3,2 3,51 3,78 4,08 4,57 4,9 5,19 5,3 
[ b ;  jungle16 ; breaker: 1,0 ] --> 0,2 0,4778208 0,8648279 1,509232 2,020468 2,225959 2,661267 3,146199 3,431071 3,684361 4,377096 5,042031 5,296778 5,629213 6,134931 6,338851 
[ e ;  jungle16 ; breaker: 1,0 ] --> 0 0,02217925 0,1048279 0,139232 0,09046805 0,01404095 0,05873322 0,2161994 0,2310708 0,1743612 0,5970962 0,9620309 0,7267776 0,7292132 0,944931 1,038851 
Absolute Error Mean: 0,3781258

[ p ;  jungle16 ; breaker: 1,0 ] --> 0,2 0,5 0,76 1,37 1,93 2,24 2,72 2,93 3,2 3,51 3,78 4,08 4,57 4,9 5,19 5,3 
[ b ;  jungle16 ; breaker: 1,0 ] --> 0,2 0,7406851 0,9980447 1,254755 1,614129 1,81906 2,536464 3,019713 3,428782 3,866554 4,20177 4,510695 4,742167 5,383988 5,947094 6,360332 
[ e ;  jungle16 ; breaker: 1,0 ] --> 0 0,2406851 0,2380447 0,1152451 0,3158705 0,4209402 0,1835356 0,0897131 0,2287815 0,3565545 0,4217703 0,4306946 0,1721663 0,4839883 0,7570939 1,060332 
Absolute Error Mean: 0,3447135

[ p ;  jungle16 ; breaker: 1,0 ] --> 0,2 0,5 0,76 1,37 1,93 2,24 2,72 2,93 3,2 3,51 3,78 4,08 4,57 4,9 5,19 5,3 
[ b ;  jungle16 ; breaker: 1,0 ] --> 0,2 0,837102 1,145095 1,374994 2,143156 2,832737 3,115942 3,346547 3,992672 5,147838 5,354628 5,662015 6,149736 6,404996 6,636541 6,816778 
[ e ;  jungle16 ; breaker: 1,0 ] --> 0 0,337102 0,3850946 0,004993916 0,2131559 0,5927372 0,395942 0,4165473 0,7926719 1,637838 1,574628 1,582015 1,579736 1,504996 1,446541 1,516778 
Absolute Error Mean: 0,8737985

[ p ;  jungle16 ; breaker: 1,0 ] --> 0,2 0,5 0,76 1,37 1,93 2,24 2,72 2,93 3,2 3,51 3,78 4,08 4,57 4,9 5,19 5,3 
[ b ;  jungle16 ; breaker: 1,0 ] --> 0,2 0,4056951 1,096149 1,29976 1,958153 2,442864 2,696145 3,22424 3,478106 3,936663 4,266172 4,495558 4,697452 5,081109 5,314752 5,902953 6,055044 7,820601 8,252247 8,785604 9,501373 9,684617 9,88776 10,58233 11,12057 11,55818 11,78859 11,94211 12,51117 12,91884 13,43215 13,89303 
[ e ;  jungle16 ; breaker: 1,0 ] --> 0 0,09430486 0,3361492 0,07024026 0,02815318 0,2028642 0,02385497 0,2942398 0,2781055 0,4266634 0,4861724 0,4155579 0,1274519 0,1811085 0,1247516 0,6029525 
Absolute Error Mean: 0,2307856

[ p ;  jungle16 ; breaker: 1,0 ] --> 0,2 0,5 0,76 1,37 1,93 2,24 2,72 2,93 3,2 3,51 3,78 4,08 4,57 4,9 5,19 5,3 
[ b ;  jungle16 ; breaker: 1,0 ] --> 0,2 2,768441 2,997247 3,228302 3,789268 4,072804 4,250715 4,993679 5,453627 6,123756 6,353615 6,532064 7,070525 7,502583 7,991294 8,247784 
[ e ;  jungle16 ; breaker: 1,0 ] --> 0 2,268441 2,237247 1,858302 1,859268 1,832804 1,530715 2,063679 2,253627 2,613756 2,573615 2,452064 2,500525 2,602582 2,801294 2,947783 
Absolute Error Mean: 2,149731

[ p ;  jungle26 ; breaker: 1,0 ] --> 0,2 0,5 0,76 1,37 1,93 2,24 2,72 2,93 3,2 3,51 3,78 4,08 4,57 4,9 5,19 5,3 
[ b ;  jungle26 ; breaker: 1,0 ] --> 0,2 0,8059004 1,033095 1,211816 1,672592 2,154968 2,684711 3,042597 3,223421 3,402915 3,554306 4,146834 4,608668 5,11973 5,324794 5,53341 5,966112 6,427122 6,886718 7,067668 7,272053 7,473655 7,907953 8,323072 8,607645 9,17437 
[ e ;  jungle26 ; breaker: 1,0 ] --> 0 0,3059004 0,2730951 0,1581837 0,2574083 0,08503199 0,03528929 0,1125972 0,02342081 0,107085 0,2256942 0,06683397 0,03866768 0,2197299 0,1347938 0,2334094 
Absolute Error Mean: 0,1423213

[ p ;  jungle26 ; breaker: 1,0 ] --> 0,2 0,5 0,76 1,37 1,93 2,24 2,72 2,93 3,2 3,51 3,78 4,08 4,57 4,9 5,19 5,3 5,92 6,1 6,37 6,76 7,09 7,24 7,7 7,8 8,24 8,5 
[ b ;  jungle26 ; breaker: 1,0 ] --> 0,2 1,111815 1,493378 1,694543 2,256111 2,690459 3,150038 3,404316 3,610528 3,916896 4,175664 4,742198 5,178104 5,640662 5,847918 6,080325 6,519432 6,901415 7,152728 7,76158 8,097459 8,302822 8,565026 8,823812 9,284807 9,762816 
[ e ;  jungle26 ; breaker: 1,0 ] --> 0 0,6118147 0,7333776 0,324543 0,3261107 0,450459 0,4300377 0,4743159 0,4105284 0,4068964 0,395664 0,6621981 0,6081038 0,7406621 0,6579175 0,7803245 0,5994315 0,8014154 0,7827277 1,001579 1,007459 1,062822 0,8650265 1,023811 1,044807 1,262816 
Absolute Error Mean: 0,671725

[ p ;  jungle26 ; breaker: 1,0 ] --> 0,2 0,5 0,76 1,37 1,93 2,24 2,72 2,93 3,2 3,51 3,78 4,08 4,57 4,9 5,19 5,3 5,92 6,1 6,37 6,76 7,09 7,24 7,7 7,8 8,24 8,5 
[ b ;  jungle26 ; breaker: 1,0 ] --> 0,2 0,6325111 0,8649274 1,145137 1,683821 1,96424 2,348614 2,962739 3,173052 3,377982 3,919489 4,22911 4,686016 5,100031 5,536712 5,974379 6,232685 6,4398 6,775808 7,256591 7,894203 8,148352 8,353012 8,560158 8,989428 9,834633 
[ e ;  jungle26 ; breaker: 1,0 ] --> 0 0,1325111 0,1049274 0,2248632 0,2461787 0,2757602 0,3713863 0,0327394 0,02694845 0,1320181 0,1394894 0,1491098 0,1160159 0,2000313 0,3467121 0,6743789 0,312685 0,3398004 0,4058084 0,4965911 0,804203 0,9083519 0,6530123 0,7601576 0,7494278 1,334633 
Absolute Error Mean: 0,3822208

[ p ;  jungle26 ; breaker: 1,0 ] --> 0,2 0,5 0,76 1,37 1,93 2,24 2,72 2,93 3,2 3,51 3,78 4,08 4,57 4,9 5,19 5,3 5,92 6,1 6,37 6,76 7,09 7,24 7,7 7,8 8,24 8,5 
[ b ;  jungle26 ; breaker: 1,0 ] --> 0,2 0,7151587 0,9176508 1,152153 1,591579 2,00542 2,443512 2,673648 2,859434 3,067584 3,351342 3,940987 4,323526 4,8132 5,176991 5,407204 5,691378 6,000976 6,361494 6,769432 7,002259 7,385433 7,92085 8,099684 8,279506 8,765104 
[ e ;  jungle26 ; breaker: 1,0 ] --> 0 0,2151587 0,1576508 0,2178473 0,3384207 0,2345796 0,2764876 0,2563524 0,3405659 0,4424162 0,4286582 0,1390128 0,2464743 0,08680058 0,01300955 0,1072035 0,228622 0,09902382 0,008506298 0,009431839 0,0877409 0,1454329 0,2208505 0,2996836 0,03950596 0,2651043 
Absolute Error Mean: 0,1886362

[ p ;  jungle26 ; breaker: 1,0 ] --> 0,2 0,5 0,76 1,37 1,93 2,24 2,72 2,93 3,2 3,51 3,78 4,08 4,57 4,9 5,19 5,3 5,92 6,1 6,37 6,76 7,09 7,24 7,7 7,8 8,24 8,5 
[ b ;  jungle26 ; breaker: 1,0 ] --> 0,2 0,4305264 0,6616887 1,173031 1,789703 2,016222 2,193832 2,448785 2,576872 2,805937 3,008942 3,289085 4,021413 4,576437 4,805823 5,011981 5,347005 5,81208 6,040233 6,269752 6,495222 7,001292 7,482113 7,764321 7,864217 8,133204 
[ e ;  jungle26 ; breaker: 1,0 ] --> 0 0,06947359 0,09831125 0,1969692 0,1402969 0,2237782 0,5261683 0,4812148 0,6231277 0,7040627 0,7710578 0,7909145 0,5485868 0,3235626 0,3841772 0,2880187 0,5729947 0,28792 0,3297672 0,4902487 0,5947785 0,2387075 0,2178864 0,03567934 0,375783 0,3667955 
Absolute Error Mean: 0,3723185

[ p ;  jungle26 ; breaker: 1,0 ] --> 0,2 0,5 0,76 1,37 1,93 2,24 2,72 2,93 3,2 3,51 3,78 4,08 4,57 4,9 5,19 5,3 5,92 6,1 6,37 6,76 7,09 7,24 7,7 7,8 8,24 8,5 
[ b ;  jungle26 ; breaker: 1,0 ] --> 0,2 0,7354391 0,9677014 1,198859 1,888851 2,691327 2,898867 3,078044 3,259176 3,898168 4,461039 5,184803 6,52369 6,781789 7,01632 7,197697 7,831062 8,594511 9,540679 10,30733 10,66877 10,9258 11,20674 11,69653 12,30415 12,83849 
[ e ;  jungle26 ; breaker: 1,0 ] --> 0 0,2354391 0,2077014 0,1711409 0,04114866 0,4513273 0,1788669 0,1480436 0,05917549 0,3881679 0,6810386 1,104803 1,95369 1,881789 1,82632 1,897696 1,911062 2,494511 3,170679 3,547331 3,578773 3,685796 3,506738 3,89653 4,064151 4,338494 
Absolute Error Mean: 1,746939

[ p ;  jungle26 ; breaker: 1,0 ] --> 0,2 0,5 0,76 1,37 1,93 2,24 2,72 2,93 3,2 3,51 3,78 4,08 4,57 4,9 5,19 5,3 5,92 6,1 6,37 6,76 7,09 7,24 7,7 7,8 8,24 8,5 
[ b ;  jungle26 ; breaker: 1,0 ] --> 0,2 0,4570083 0,6622541 1,256854 1,74403 2,486568 3,157952 3,97397 4,435669 4,66822 4,873469 5,313676 6,215582 6,422687 6,601881 7,143963 7,349059 8,198873 9,541636 9,725458 9,879451 10,03692 10,65226 11,11497 11,88483 12,03839 
[ e ;  jungle26 ; breaker: 1,0 ] --> 0 0,0429917 0,0977459 0,1131456 0,1859699 0,2465684 0,4379523 1,04397 1,235669 1,15822 1,093469 1,233676 1,645582 1,522687 1,41188 1,843963 1,429059 2,098873 3,171637 2,965458 2,789451 2,79692 2,952255 3,314967 3,644828 3,538394 
Absolute Error Mean: 1,615974

[ p ;  jungle26 ; breaker: 1,0 ] --> 0,2 0,5 0,76 1,37 1,93 2,24 2,72 2,93 3,2 3,51 3,78 4,08 4,57 4,9 5,19 5,3 5,92 6,1 6,37 6,76 7,09 7,24 7,7 7,8 8,24 8,5 
[ b ;  jungle26 ; breaker: 1,0 ] --> 0,2 0,8584781 4,181375 5,865546 6,071651 6,274348 6,839612 7,633562 7,922144 8,101227 8,768692 9,56204 10,43357 11,04982 11,27972 11,45754 11,66256 12,27896 12,87013 13,07535 13,2303 13,35913 13,78907 14,12054 14,93635 15,33883 
[ e ;  jungle26 ; breaker: 1,0 ] --> 0 0,3584781 3,421375 4,495546 4,141651 4,034348 4,119613 4,703562 4,722144 4,591227 4,988692 5,48204 5,863566 6,149821 6,089721 6,157538 5,742557 6,178964 6,500131 6,315346 6,140305 6,119128 6,08907 6,320539 6,69635 6,83883 
Absolute Error Mean: 5,086944

[ p ;  jungle26 ; breaker: 1,0 ] --> 0,2 0,5 0,76 1,37 1,93 2,24 2,72 2,93 3,2 3,51 3,78 4,08 4,57 4,9 5,19 5,3 5,92 6,1 6,37 6,76 7,09 7,24 7,7 7,8 8,24 8,5 
[ b ;  jungle26 ; breaker: 1,0 ] --> 0,2 0,6778864 1,058184 1,261365 1,487271 1,994071 2,327494 2,588157 2,816885 3,279139 3,616843 4,367842 4,597305 4,77528 4,953516 5,381428 5,710948 5,966553 6,523825 6,727943 6,93263 7,574192 7,956314 8,260047 8,794778 9,195948 
[ e ;  jungle26 ; breaker: 1,0 ] --> 0 0,1778864 0,2981842 0,1086346 0,442729 0,2459294 0,3925064 0,3418431 0,3831146 0,2308614 0,1631572 0,2878418 0,02730513 0,1247206 0,2364845 0,08142805 0,2090526 0,1334467 0,1538248 0,03205729 0,1573706 0,3341923 0,2563138 0,4600468 0,5547781 0,6959476 
Absolute Error Mean: 0,2511406

[ p ;  jungle26 ; breaker: 1,0 ] --> 0,2 0,5 0,76 1,37 1,93 2,24 2,72 2,93 3,2 3,51 3,78 4,08 4,57 4,9 5,19 5,3 5,92 6,1 6,37 6,76 7,09 7,24 7,7 7,8 8,24 8,5 
[ b ;  jungle26 ; breaker: 1,0 ] --> 0,2 1,01376 1,371589 1,604167 1,859406 2,415032 2,868639 3,404785 3,915696 4,613034 4,815904 5,018104 5,223239 5,427712 5,787625 6,06989 6,324516 6,860316 7,11093 7,640314 7,842215 8,270327 8,673065 9,00149 9,229507 10,09476 
[ e ;  jungle26 ; breaker: 1,0 ] --> 0 0,5137602 0,6115893 0,234167 0,07059407 0,1750321 0,1486394 0,4747853 0,7156959 1,103034 1,035904 0,9381037 0,6532393 0,5277119 0,5976248 0,7698903 0,4045157 0,7603159 0,7409301 0,8803139 0,7522144 1,030327 0,9730654 1,201489 0,9895077 1,594759 
Absolute Error Mean: 0,6883542

[ p ;  jungle8 ; breaker: 1,0 ] --> 0,2 0,5 0,76 1,37 1,93 2,24 2,72 2,93 3,2 3,51 3,78 4,08 4,57 4,9 5,19 5,3 5,92 6,1 6,37 6,76 7,09 7,24 7,7 7,8 8,24 8,5 
[ s ;  jungle8 ; breaker: 1,0 ] --> 0,2 0,5113193 0,7883738 1,467343 2,14445 2,405868 2,682795 3,164638 
[ e ;  jungle8 ; breaker: 1,0 ] --> 0 0,01131928 0,02837378 0,09734309 0,2144505 0,1658683 0,03720498 0,234638 
Absolute Error Mean: 4,116892

[ p ;  jungle8 ; breaker: 1,0 ] --> 0,2 0,5 0,76 1,37 1,93 2,24 2,72 2,93 
[ s ;  jungle8 ; breaker: 1,0 ] --> 0,2 5,319593 5,597315 5,875475 6,250702 7,00787 7,308786 7,611584 8,012447 
[ e ;  jungle8 ; breaker: 1,0 ] --> 0 4,819593 4,837315 4,505475 4,320703 4,76787 4,588786 4,681584 
Absolute Error Mean: 4,065166

[ p ;  jungle8 ; breaker: 1,0 ] --> 0,2 0,5 0,76 1,37 1,93 2,24 2,72 2,93 
[ s ;  jungle8 ; breaker: 1,0 ] --> 0,2 0,4514674 0,7589078 1,285984 1,967207 2,266777 2,591128 2,96936 
[ e ;  jungle8 ; breaker: 1,0 ] --> 0 0,04853261 0,001092196 0,08401561 0,03720665 0,02677679 0,1288724 0,03936028 
Absolute Error Mean: 0,04573207

[ p ;  jungle8 ; breaker: 1,0 ] --> 0,2 0,5 0,76 1,37 1,93 2,24 2,72 2,93 
[ s ;  jungle8 ; breaker: 1,0 ] --> 0,2 0,4569574 0,7135713 0,9691984 1,369556 1,69952 1,978229 2,285558 
[ e ;  jungle8 ; breaker: 1,0 ] --> 0 0,04304263 0,04642874 0,4008016 0,5604444 0,54048 0,7417712 0,6444418 
Absolute Error Mean: 0,3721763

[ p ;  jungle8 ; breaker: 1,0 ] --> 0,2 0,5 0,76 1,37 1,93 2,24 2,72 2,93 
[ s ;  jungle8 ; breaker: 1,0 ] --> 0,2 0,481573 0,7596743 1,040379 1,742876 1,970241 2,245729 2,700326 
[ e ;  jungle8 ; breaker: 1,0 ] --> 0 0,01842698 0,0003256798 0,3296208 0,1871238 0,2697588 0,4742706 0,2296743 
Absolute Error Mean: 0,1886501

[ p ;  jungle8 ; breaker: 1,0 ] --> 0,2 0,5 0,76 1,37 1,93 2,24 2,72 2,93 
[ s ;  jungle8 ; breaker: 1,0 ] --> 0,2 0,4799428 0,7331128 1,265505 1,872332 2,100588 2,589423 2,796638 
[ e ;  jungle8 ; breaker: 1,0 ] --> 0 0,02005717 0,02688718 0,1044948 0,05766821 0,1394119 0,1305766 0,1333623 
Absolute Error Mean: 0,07655728

[ p ;  jungle8 ; breaker: 1,0 ] --> 0,2 0,5 0,76 1,37 1,93 2,24 2,72 2,93 
[ s ;  jungle8 ; breaker: 1,0 ] --> 0,2 0,4526823 0,70314 1,305177 1,91755 2,272616 2,62356 2,826725 
[ e ;  jungle8 ; breaker: 1,0 ] --> 0 0,04731768 0,05685997 0,06482327 0,01244986 0,03261614 0,09643984 0,1032755 
Absolute Error Mean: 0,05172279

[ p ;  jungle8 ; breaker: 1,0 ] --> 0,2 0,5 0,76 1,37 1,93 2,24 2,72 2,93 
[ s ;  jungle8 ; breaker: 1,0 ] --> 0,2 0,4559775 0,7340648 1,292576 1,926263 2,283968 2,561498 2,791978 
[ e ;  jungle8 ; breaker: 1,0 ] --> 0 0,04402253 0,02593517 0,07742357 0,003736734 0,0439682 0,1585021 0,1380224 
Absolute Error Mean: 0,06145134

[ p ;  jungle8 ; breaker: 1,0 ] --> 0,2 0,5 0,76 1,37 1,93 2,24 2,72 2,93 
[ s ;  jungle8 ; breaker: 1,0 ] --> 0,2 0,5052963 0,813177 1,394654 1,876598 2,154553 2,561641 2,789228 
[ e ;  jungle8 ; breaker: 1,0 ] --> 0 0,00529635 0,053177 0,02465355 0,05340159 0,08544707 0,1583588 0,1407716 
Absolute Error Mean: 0,06513825

[ p ;  jungle8 ; breaker: 1,0 ] --> 0,2 0,5 0,76 1,37 1,93 2,24 2,72 2,93 
[ s ;  jungle8 ; breaker: 1,0 ] --> 0,2 0,5042163 0,9042694 1,458752 1,787296 2,168671 2,397776 2,655165 2,781837 
[ e ;  jungle8 ; breaker: 1,0 ] --> 0 0,004216313 0,1442694 0,08875191 0,142704 0,07132864 0,3222241 0,2748346 
Absolute Error Mean: 0,1310411

[ p ;  jungle26 ; breaker: 1,0 ] --> 0,2 0,5 0,76 1,37 1,93 2,24 2,72 2,93 
[ s ;  jungle26 ; breaker: 1,0 ] --> 0,2 0,4530537 0,7354921 1,093326 1,703526 1,957819 2,263315 2,670983 3,23131 3,61028 3,867245 4,146036 4,450351 4,731247 5,061666 5,438125 6,042566 6,565672 6,941473 7,224107 7,500403 7,775854 8,027864 8,302348 8,579945 8,835039 9,086777 
[ e ;  jungle26 ; breaker: 1,0 ] --> 0 0,04694632 0,02450788 0,2766743 0,2264738 0,2821815 0,4566851 0,2590168 
Absolute Error Mean: 0,1965607

[ p ;  jungle26 ; breaker: 1,0 ] --> 0,2 0,5 0,76 1,37 1,93 2,24 2,72 2,93 3,2 3,51 3,78 4,08 4,57 4,9 5,19 5,3 5,92 6,1 6,37 6,76 7,09 7,24 7,7 7,8 8,24 8,5 
[ s ;  jungle26 ; breaker: 1,0 ] --> 0,2 2,478619 2,764207 3,096074 3,741928 3,973851 4,227855 4,539733 4,828173 5,212481 5,520513 5,888711 6,222537 6,452568 6,736675 7,017805 7,684487 8,149857 8,533161 8,872357 9,134493 9,389223 9,696433 9,976419 10,363 10,69136 
[ e ;  jungle26 ; breaker: 1,0 ] --> 0 1,978619 2,004207 1,726074 1,811928 1,733851 1,507855 1,609733 1,628173 1,702481 1,740513 1,808712 1,652537 1,552568 1,546675 1,717804 1,764487 2,049857 2,163161 2,112357 2,044493 2,149223 1,996433 2,176419 2,123002 2,191362 
Absolute Error Mean: 1,788174

[ p ;  jungle26 ; breaker: 1,0 ] --> 0,2 0,5 0,76 1,37 1,93 2,24 2,72 2,93 3,2 3,51 3,78 4,08 4,57 4,9 5,19 5,3 5,92 6,1 6,37 6,76 7,09 7,24 7,7 7,8 8,24 8,5 
[ s ;  jungle26 ; breaker: 1,0 ] --> 0,2 0,5317146 0,7897309 1,045085 1,707738 1,962998 2,268715 2,498392 2,956444 3,394832 3,650964 4,008081 4,261828 4,515964 4,872446 5,309505 5,87016 6,281172 6,537906 6,81876 7,05133 7,333467 7,614411 7,899296 8,330873 8,688454 
[ e ;  jungle26 ; breaker: 1,0 ] --> 0 0,03171462 0,02973092 0,3249151 0,2222619 0,2770019 0,4512849 0,4316084 0,2435565 0,1151681 0,1290357 0,07191849 0,3081722 0,3840365 0,3175545 0,009504795 0,04984045 0,1811724 0,1679063 0,05875969 0,03867054 0,09346724 0,08558893 0,09929609 0,09087372 0,1884537 
Absolute Error Mean: 0,1692882

[ p ;  jungle26 ; breaker: 1,0 ] --> 0,2 0,5 0,76 1,37 1,93 2,24 2,72 2,93 3,2 3,51 3,78 4,08 4,57 4,9 5,19 5,3 5,92 6,1 6,37 6,76 7,09 7,24 7,7 7,8 8,24 8,5 
[ s ;  jungle26 ; breaker: 1,0 ] --> 0,2 0,5581312 0,8128663 1,071168 1,761148 2,071695 2,328138 2,606649 2,835426 3,195278 3,503719 3,860043 4,169667 4,401023 4,633297 4,86564 5,122638 5,557043 5,840534 6,118497 6,423339 6,679734 6,907243 7,212991 7,567076 7,843085 
[ e ;  jungle26 ; breaker: 1,0 ] --> 0 0,05813122 0,05286634 0,2988321 0,1688523 0,1683047 0,3918624 0,3233511 0,3645742 0,3147221 0,2762814 0,2199566 0,4003334 0,4989767 0,5567031 0,4343605 0,7973623 0,5429568 0,5294657 0,6415033 0,6666608 0,560266 0,7927566 0,5870094 0,672924 0,6569152 
Absolute Error Mean: 0,4221511

[ p ;  jungle26 ; breaker: 1,0 ] --> 0,2 0,5 0,76 1,37 1,93 2,24 2,72 2,93 3,2 3,51 3,78 4,08 4,57 4,9 5,19 5,3 5,92 6,1 6,37 6,76 7,09 7,24 7,7 7,8 8,24 8,5 
[ s ;  jungle26 ; breaker: 1,0 ] --> 0,2 0,5304639 0,7840482 0,9883708 1,268248 1,700446 1,954312 2,259269 2,48715 2,769299 3,101357 3,481338 3,710127 4,013889 4,245754 4,581731 5,064141 5,421063 5,758466 5,989613 6,270204 6,503208 6,733476 7,093395 7,373559 7,733149 
[ e ;  jungle26 ; breaker: 1,0 ] --> 0 0,03046387 0,02404821 0,3816292 0,6617515 0,5395542 0,7656882 0,6707315 0,7128496 0,7407007 0,6786425 0,5986617 0,8598728 0,8861108 0,9442458 0,7182689 0,8558593 0,678937 0,6115336 0,7703872 0,8197961 0,7367921 0,9665236 0,7066054 0,8664412 0,7668514 
Absolute Error Mean: 0,6535749

[ p ;  jungle26 ; breaker: 1,0 ] --> 0,2 0,5 0,76 1,37 1,93 2,24 2,72 2,93 3,2 3,51 3,78 4,08 4,57 4,9 5,19 5,3 5,92 6,1 6,37 6,76 7,09 7,24 7,7 7,8 8,24 8,5 
[ s ;  jungle26 ; breaker: 1,0 ] --> 0,2 0,4807751 0,7377489 0,9699479 1,633104 1,888422 2,192067 2,471669 2,852384 3,1318 3,41351 3,691833 3,946707 4,175401 4,426696 4,783946 5,064706 5,56808 5,873141 6,147538 6,423432 6,674678 6,954658 7,209615 7,515927 7,819725 8,123779 
[ e ;  jungle26 ; breaker: 1,0 ] --> 0 0,01922494 0,02225107 0,4000521 0,296896 0,3515782 0,5279326 0,4583313 0,347616 0,3781998 0,3664896 0,3881669 0,6232927 0,7245989 0,7633038 0,5160546 0,8552938 0,5319195 0,4968586 0,6124625 0,6665683 0,5653214 0,7453418 0,590385 0,7240729 0,6802754 
Absolute Error Mean: 0,4866342

[ p ;  jungle26 ; breaker: 1,0 ] --> 0,2 0,5 0,76 1,37 1,93 2,24 2,72 2,93 3,2 3,51 3,78 4,08 4,57 4,9 5,19 5,3 5,92 6,1 6,37 6,76 7,09 7,24 7,7 7,8 8,24 8,5 
[ s ;  jungle26 ; breaker: 1,0 ] --> 0,2 0,6258425 0,8501779 1,054581 1,335114 1,848369 2,129718 2,407995 2,610398 2,83599 3,089668 3,317559 3,598748 3,851067 4,256282 4,586755 4,990291 5,191803 5,551033 5,809346 6,061062 6,313226 6,564428 6,790749 7,290662 7,697554 
[ e ;  jungle26 ; breaker: 1,0 ] --> 0 0,1258425 0,09017795 0,3154192 0,5948857 0,391631 0,5902822 0,5220056 0,5896025 0,67401 0,6903322 0,7624404 0,9712522 1,048933 0,9337182 0,7132449 0,9297094 0,9081969 0,8189664 0,950654 1,028938 0,9267735 1,135571 1,009252 0,949338 0,8024459 
Absolute Error Mean: 0,710524

[ p ;  jungle26 ; breaker: 1,0 ] --> 0,2 0,5 0,76 1,37 1,93 2,24 2,72 2,93 3,2 3,51 3,78 4,08 4,57 4,9 5,19 5,3 5,92 6,1 6,37 6,76 7,09 7,24 7,7 7,8 8,24 8,5 
[ s ;  jungle26 ; breaker: 1,0 ] --> 0,2 0,5276145 0,7566742 0,9860008 1,59356 1,853238 2,15998 2,387164 2,639331 2,915222 3,173575 3,43055 3,712827 3,9698 4,246586 4,654458 5,166422 5,494677 5,773637 6,053907 6,309882 6,538392 6,766827 7,023078 7,303154 7,816086 
[ e ;  jungle26 ; breaker: 1,0 ] --> 0 0,02761447 0,00332582 0,3839992 0,3364395 0,3867625 0,5600197 0,542836 0,5606694 0,5947781 0,606425 0,6494501 0,8571732 0,9301996 0,9434137 0,6455426 0,7535782 0,6053233 0,5963626 0,7060928 0,780118 0,7016077 0,9331727 0,7769222 0,9368463 0,6839137 
Absolute Error Mean: 0,5962533

[ p ;  jungle26 ; breaker: 1,0 ] --> 0,2 0,5 0,76 1,37 1,93 2,24 2,72 2,93 3,2 3,51 3,78 4,08 4,57 4,9 5,19 5,3 5,92 6,1 6,37 6,76 7,09 7,24 7,7 7,8 8,24 8,5 
[ s ;  jungle26 ; breaker: 1,0 ] --> 0,2 0,5549539 0,7831659 1,012513 1,625177 1,875958 2,152189 2,382351 2,737467 3,01563 3,293424 3,546734 6,686778 6,917376 7,123777 7,326343 7,883239 8,28515 8,559262 8,815399 9,067552 9,295719 9,803549 10,10971 10,43786 10,89316 
[ e ;  jungle26 ; breaker: 1,0 ] --> 0 0,05495387 0,02316588 0,3574867 0,3048226 0,364042 0,567811 0,5476489 0,462533 0,4943705 0,4865761 0,5332663 2,116777 2,017375 1,933777 2,026343 1,963239 2,18515 2,189262 2,055399 1,977551 2,055719 2,103549 2,309707 2,197863 2,39316 
Absolute Error Mean: 1,296983

[ p ;  jungle26 ; breaker: 1,0 ] --> 0,2 0,5 0,76 1,37 1,93 2,24 2,72 2,93 3,2 3,51 3,78 4,08 4,57 4,9 5,19 5,3 5,92 6,1 6,37 6,76 7,09 7,24 7,7 7,8 8,24 8,5 
[ s ;  jungle26 ; breaker: 1,0 ] --> 0,2 0,5529804 0,809801 1,345292 2,004287 2,359148 2,664693 2,917631 3,14552 3,500946 3,776749 4,135026 4,38734 4,737988 4,991628 5,319787 5,571608 5,95496 6,286804 6,563862 6,818035 7,069122 7,374208 7,651556 8,02744 8,306378 
[ e ;  jungle26 ; breaker: 1,0 ] --> 0 0,05298036 0,04980099 0,02470815 0,07428682 0,119148 0,05530715 0,01236939 0,0544796 0,009053946 0,003250837 0,05502653 0,1826601 0,1620116 0,1983724 0,01978636 0,348392 0,1450396 0,08319569 0,1961384 0,2719655 0,1708779 0,3257914 0,1484442 0,2125597 0,1936216 
Absolute Error Mean: 0,1218949

[ p ;  jungle8 ; breaker: 1,0 ] --> 0,2 0,5 0,76 1,37 1,93 2,24 2,72 2,93 3,2 3,51 3,78 4,08 4,57 4,9 5,19 5,3 5,92 6,1 6,37 6,76 7,09 7,24 7,7 7,8 8,24 8,5 
