b;0;0,04081449;0,03624493;0,3395917;
b;0;0,209994;0,1506659;0,07705748;
s;0;0,1031859;0,2191238;0,01488185;
s;0;0,1350516;0,1778538;0,05380547;
s;0;0,1030482;0,1492997;0,022277;
s;0;0,02845913;0,07212794;0,09732211;0,168415;0,1367052;0,06074858;0,0350914;0,3030276;0,4488838;0,5848911;0,6640339;0,5074162;0,5551343;0,7481618;0,8648381;1,106817;1,486462;2,251138;2,040032;1,993208;2,197806;2,270041;2,498042;2,412753;2,480406;
s;0;0,05805928;0,05315077;0,2988232;0,2008878;0,2558321;0,453016;0,357177;0,3440273;0,5257077;0,5145991;0,5111234;0,7210813;0,642365;0,01211262;0,3129268;0,3286242;0,6344032;1,185575;1,054399;1,085394;1,165269;0,9605894;1,268661;1,214862;1,385835;
s;0;0,05400217;0,04656762;0,309474;0,2564055;0,2348702;0,4361217;0,3661196;0,2828653;0,3118281;0,2480268;0,1658003;0,2732048;0,2166295;0,2256465;0,05321503;0,01122808;0,1938438;0,4006629;0,2390041;0,1117301;0,1619802;0,01929617;0,2346926;0,07439899;0,142272;
s;0;0,02930385;0,05143708;0,3306298;0,6344398;0,4313785;0,6560366;0,5351591;0,4192965;0,500412;0,4671767;0,5138671;0,6999195;0,7237654;0,7592916;0,4847207;0,4926057;0,4167576;0,2485328;0,15236;0,3033042;0,2480669;0,4544778;0,224401;0,3801155;0,2288609;
s;0;0,0453167;0,09547544;0,4731418;0,7763647;0,6789113;0,8565892;0,8626552;0,7028859;0,7484617;0,6366837;0,6814685;0,8627934;0,8902187;0,7750459;0,5549631;0,5888762;0,4339848;0,3003507;0,2577858;0,386714;0,3596191;0,5903711;0,3115554;0,4455376;0,399581;
s;0;0,08648157;0,1374714;0,01452315;0,1170858;0,1408072;0,05867743;0,01542425;0,1569142;0,1735039;0,2038188;0,2586598;0,297667;0,3180594;0,3580594;0,581264;0,4716182;0,5476155;0,7652888;0,8314924;0,7306142;0,7866325;0,5813999;0,7897978;0,5556726;0,5762434;
s;0;0,03316605;0,2056137;0,08213592;0,1582478;0,1761816;0,07270861;0,3034124;0,4920356;0,4324689;0,3886511;0,3687134;0,1869769;0,3629832;0,6308513;0,6994925;0,6907759;1,224477;1,209228;1,222572;1,278921;1,3124;1,390927;1,642744;1,457127;1,52606;
s;0;0,01122153;0,005167603;0,2209873;0,09560752;0,1542401;0,3591826;0,2753046;0,1597185;0,1879632;0,2012014;0,2983499;0,5852599;0,5799947;0,3291998;0,05875587;0,0896287;0,2361937;0,4802389;0,3966031;0,3726587;0,4766126;0,1965513;0,398735;0,1911287;0,2115459;
s;0;0,02892208;0,02297008;0,2300463;0,1297681;0,1575885;0,3336208;0,3116326;0,1990416;0,2267883;0,2173195;0,2100589;0,3956528;0,3460164;0,2771325;0,01699781;0,01532888;0,1878529;0,4022331;0,4681044;0,3212976;0,37605;0,1182709;0,452075;0,3939457;0,5911827;
s;0;0,03050929;0,1278862;0,100637;0,05686128;0,1258368;0,02116418;0,2821891;
s;0;0,03348112;0,03074616;0,1964349;0,1223943;0,2034736;0,3782036;0,3099639;
s;0;0,05345172;0,02320594;0,2280664;0,1784308;0,2346599;0,4382782;0,1410241;
s;0;0,06897166;0,1223654;0,3981686;0,3176237;0,3750896;0,5240037;0,3558342;
s;0;0,06941271;0,003672242;0,223515;0,1410139;0,2267282;0,4264505;0,4036632;
s;0;0,008883655;0,08005977;0,1986901;0,1187848;0,174875;0,4005373;0,2566915;
s;0;0,008941531;0,03018427;0,2410462;0,1610059;0,2189038;0,4446075;0,4269583;
s;0;0,05016088;0,04093224;0,240218;0,1903169;0,2439477;0,4486852;0,3012061;
s;0;0,01721808;0,07176065;0,4767975;0,4010752;0,4827694;0,7063088;0,6882262;
s;0;0,04604459;0,05203259;0,2482795;0,146667;0,2528164;0,504559;0,486985;
b;0;0,09833089;0,1559461;0,4546773;0,3676642;0,3442194;0,4561923;0,506516;
b;0;0,08342969;0,03097481;0,3971217;0,0007767677;0,3835101;0,1081471;0,1075921;0,04570198;0,4819458;0,9817603;0,8099403;0,4742999;0,9701467;1,04569;1,737019;1,348541;1,323307;1,675162;1,852757;1,698709;1,803834;1,9622;2,735125;2,785295;2,937317;
b;0;0,1186997;0,2019359;0,1470697;0,1485282;0,2533895;0,5545144;0,5594335;0,1172304;0,2510097;0,3695652;0,05927753;0,3969994;0,06874514;0,158144;0,4368043;0,07155752;0,12253;0,05676794;0,2285748;0,5170584;0,5693283;0,3399019;0,705327;0,8510628;0,7716351;
b;0;0,2872635;0,2328259;0,1982377;0,02115846;0,07443047;0,3514774;0,3553765;0,04065108;0,1645062;0,0723362;0,3036227;0,09026814;0,04395151;0,1692457;0,2472038;0,2131886;0,2160082;0,127409;0,03735447;0,2269969;0,2819395;0,002114296;0,5206909;0,5425444;0,8221407;
b;0;8,959599;8,926651;8,496281;8,472164;8,591409;8,314094;8,283663;8,212519;8,46491;8,39817;8,275738;8,353216;8,255157;8,987551;9,104418;8,944541;9,403383;9,312925;9,533077;9,943558;9,997551;9,719758;10,2038;10,02021;10,16785;
b;0;0,1299868;0,04920715;0,0766871;0,07185674;0,2010503;0,4993882;0,4520206;0,08474636;0,190685;0,1828179;0,03831196;0,1683002;0,04264116;0,04321575;0,4356689;0,5069342;0,530766;0,4647775;0,6902609;0,591804;0,6746178;0,9310141;1,369401;1,161757;1,284471;
b;0;0,09662187;0,1734352;0,2664746;0,1855931;0,2919943;0,5680168;0,06432533;0,1021097;0,2095683;0,3400719;0,2202706;0,1894269;0,3974733;0,2859039;0,8134747;0,4511871;0,4753504;0,7934761;0,6845384;0,9702673;1,00019;0,7193069;1,207998;0,9466143;1,146924;
b;0;0,09726426;0,1761934;0,2233425;0,5519164;0,6820056;0,4159567;0,1176493;0,02912307;0,1024001;0,2413824;0,1476593;0,2696939;0,1204553;0,03394938;0,591403;0,7392726;0,7655473;0,7022042;0,8764577;1,313479;1,367924;1,086743;1,346399;1,240441;1,310354;
b;0;0,05703926;0,08499408;0,01397586;0,1185492;0,2904136;0,01553464;0,06123614;0,3554363;0,2541046;0,3186948;0,3758664;0,2949619;0,4529457;0,6241913;0,6940842;0,6934948;0,7682691;0,8324165;0,7474079;0,7574534;1,013577;0,9853411;1,19188;0,9069891;0,9788485;
b;0;0,1106495;0,1347222;0,08652616;0,2868897;0,2816558;0,2047172;0,1985705;0,4875436;0,4776933;0,4869082;0,5161376;0,4060588;0,408421;0,6215124;0,6889911;0,9037085;1,053271;1,142858;1,109498;1,235939;1,57118;1,341688;1,623561;1,535904;1,805315;
b;0;0,001445889;0,09670979;0,04173994;0,2885725;0,07048512;0,3214071;0,3524289;0,05685043;0,008598328;0,2062509;0,2120967;0,1831012;0,1840243;0,1771479;0,7614946;
b;0;0,01853153;0,08072352;0,1929405;0,1190971;0,08946085;0,1341369;0,1156309;0,2261264;0,2270117;0,2926009;0,350368;0,381556;0,5627837;0,7617421;0,832891;
b;0;0,203652;0,2212765;0,1429701;0,2154313;0,01725674;0,2562561;0,2345386;0,2222588;0,3004222;0,03608775;0,07880783;0,3368902;0,1055517;0,1146684;0,1079969;
b;0;0,06678361;0,1873752;0,1454594;0,2342952;0,09540677;0,1491323;0,2255905;0,2086537;0,1256559;0,2112494;0,5947113;0,3557496;0,2303009;0,5806804;0,7272496;
b;0;0,03442419;0,3124689;0,06757021;0,03742397;0,06842422;0,2658565;0,4069378;0,3469119;0,2430215;0,483928;0,4362555;0,6419621;0,5392218;0,7312708;0,8756099;
b;0;0,03391314;0,2899259;0,3532728;0,3025948;0,6240768;0,3460619;0,721684;0,6556935;0,577544;0,8960197;0,9077063;1,088662;0,9894209;1,290088;1,383449;
b;0;0,09268299;0,1879597;0,2214419;0,08089781;0,2087312;0,006545782;0,1095603;0,5008991;0,4209208;0,7409151;0,65061;0,3656917;0,7767568;0,9217873;1,170887;
b;0;0,08980602;0,2674083;0,219968;0,1071697;0,2079227;0,06804633;0,02003288;0,3040009;0,2310832;0,1670585;0,4604411;0,3046703;0,1827278;0,2263842;0,6807275;
b;0;0,0420475;0,09886867;0,03615582;0,1130823;0,2425951;0,4921198;0,1331573;0,09562206;0,1393986;0,1041796;0,2674394;0,03092003;0,2923813;0,5652833;0,7604394;
b;0;0,05709273;0,4578514;0,2797976;0,07699966;0,1827173;0,1554897;0,08536458;0,1799865;0,07585287;0,08887196;0,3295479;0,1188574;0,006468296;0,1180897;0,2328739;
s;0;0,1043676;0,2727096;0,1472441;0,2472144;0,472949;0,4518836;0,4226141;0,6324308;0,6290157;0,6366274;0,671011;0,4610853;0,4862976;0,679606;0,720119;
s;0;0,002802074;0,02298546;0,08234823;0,03121924;0,1114995;0,2596686;0,2403519;0,02783799;0,00716424;0,08138013;0,05901766;0,07385874;0,02708435;0,1898956;0,2567825;
s;0;0,02453101;0,09187227;0,03099775;0,02268934;0,06345868;0,2199488;0,1270065;0,08593845;0,1104748;0,2240317;0,2800512;0,09433985;0,1716619;0,3382001;0,4106917;
s;0;0,007264733;0,1560809;0,07709968;0,1706687;0,3224113;0,1215017;0,4446993;0,7080889;0,6561725;0,6161091;0,6212525;0,4098339;0,4840636;0,548511;0,668396;
s;0;0,06997257;0,09728152;0,2350088;0,5913399;0,2963319;0,3944838;0,1189399;0,1186235;0,0380435;0,02552247;0,02564478;0,2564144;0,2339621;0,269073;0,02606297;
s;0;0,04602399;0,1050544;0,3090136;0,2598872;0,31751;0,5427272;0,4183803;0,2582085;0,2372003;0,225364;0,2684615;0,4506702;0,4248633;0,3369689;0,2432499;
s;0;0,02841234;0,1524331;0,07895017;0,03402328;0,08671522;0,2855906;0,2145782;0,102833;0,1065173;0,1197829;0,1142943;0,2972479;0,2968178;0,1512113;0,05651093;
s;0;0,07659072;0,08381677;0,2664074;0,2235974;0,3077663;0,5368302;0,4180076;0,2780421;0,2350945;0,1472902;0,1450195;0,3547688;0,2757835;0,1056228;0,03489351;
s;0;0,02117968;0,07237482;0,149756;0,1239904;0,2299638;0,4785705;0,2315733;0,08858132;0,1433885;0,1325202;0,2016757;0,3856025;0,4076109;0,3142457;0,1705155;
s;0;0,04374397;0,001022458;0,228816;0,2316245;0,3096424;0,5601292;0,4916174;0,4068732;0,3921065;0,2805016;0,248029;0,4594016;0,4553156;0,3629885;0,2677703;
b;0;0,07356679;0,155649;0,2047005;0,5838404;0,366578;0,3403072;0,1986413;
b;0;0,04426789;0,1981958;0,1581992;0,07675588;0,06576538;0,0139029;0,2095115;
b;0;0,02547047;0,03300613;0,09082723;0,05831099;0,04829454;0,001436949;0,172015;
b;0;0,04423317;0,02225399;0,08157301;0,02941811;0,1600769;0,3821821;0,18243;
b;0;0,04476416;0,001744866;0,0965898;0,004085064;0,07625103;0,02260613;0,05479908;
b;0;0,04820439;0,02948076;0,05504739;0,04686081;0,05685782;0,01092553;0,02019572;
b;0;0,04425082;0,0029338;0,01195955;0,1016732;0,01800966;0,0001196861;0,02164912;
b;0;0,04440582;0,05218083;0,000526309;0,04950535;0,03223062;0,05539966;0,1424448;
b;0;0,02030772;0,08277357;0,09295666;0,01200283;0,1178086;0,1902101;0,1939831;
b;0;0,01681203;0,001374722;0,08029664;0,08672464;0,1732838;0,2477407;0,2791092;
