
NEW RESULT

[ p ;  jungle4 ; breaker: 1,0 ] --> 0,2 0,5 0,76 1,37 
[ b ;  jungle4 ; breaker: 1,0 ] --> 0,2 0,4591855 0,7962449 1,030408 
[ e ;  jungle4 ; breaker: 1,0 ] --> 0 0,04081449 0,03624493 0,3395917 
Absolute Error Mean: 0,1041628

[ p ;  jungle4 ; breaker: 1,0 ] --> 0,2 0,5 0,76 1,37 
[ b ;  jungle4 ; breaker: 1,0 ] --> 0,2 0,709994 0,9106659 1,447057 
[ e ;  jungle4 ; breaker: 1,0 ] --> 0 0,209994 0,1506659 0,07705748 
Absolute Error Mean: 0,1094294

[ p ;  jungle4 ; breaker: 1,0 ] --> 0,2 0,5 0,76 1,37 
[ s ;  jungle4 ; breaker: 1,0 ] --> 0,2 0,6031859 0,9791238 1,384882 
[ e ;  jungle4 ; breaker: 1,0 ] --> 0 0,1031859 0,2191238 0,01488185 
Absolute Error Mean: 0,0842979

[ p ;  jungle4 ; breaker: 1,0 ] --> 0,2 0,5 0,76 1,37 
[ s ;  jungle4 ; breaker: 1,0 ] --> 0,2 0,6350516 0,9378538 1,423805 
[ e ;  jungle4 ; breaker: 1,0 ] --> 0 0,1350516 0,1778538 0,05380547 
Absolute Error Mean: 0,09167771

[ p ;  jungle26 ; breaker: 1,0 ] --> 0,2 0,5 0,76 1,37 
[ s ;  jungle26 ; breaker: 1,0 ] --> 0,2 0,6030482 0,9092997 1,347723 2,053651 2,380345 2,659153 2,987469 3,441789 3,746342 4,0016 4,252716 4,583193 5,04185 5,595859 5,877603 6,820238 7,409081 7,968277 8,552193 8,75695 8,986886 9,54466 9,899017 10,17914 10,51099 
[ e ;  jungle26 ; breaker: 1,0 ] --> 0 0,1030482 0,1492997 0,022277 
Absolute Error Mean: 0,06865622

[ p ;  jungle26 ; breaker: 1,0 ] --> 0,2 0,5 0,76 1,37 1,93 2,24 2,72 2,93 3,2 3,51 3,78 4,08 4,57 4,9 5,19 5,3 5,92 6,1 6,37 6,76 7,09 7,24 7,7 7,8 8,24 8,5 
[ s ;  jungle26 ; breaker: 1,0 ] --> 0,2 0,5284591 0,8321279 1,467322 2,098415 2,376705 2,659251 2,965091 3,503028 3,958884 4,364891 4,744034 5,077416 5,455134 5,938162 6,164838 7,026817 7,586462 8,621138 8,800033 9,083208 9,437806 9,970041 10,29804 10,65275 10,98041 
[ e ;  jungle26 ; breaker: 1,0 ] --> 0 0,02845913 0,07212794 0,09732211 0,168415 0,1367052 0,06074858 0,0350914 0,3030276 0,4488838 0,5848911 0,6640339 0,5074162 0,5551343 0,7481618 0,8648381 1,106817 1,486462 2,251138 2,040032 1,993208 2,197806 2,270041 2,498042 2,412753 2,480406 
Absolute Error Mean: 1,00046

[ p ;  jungle26 ; breaker: 1,0 ] --> 0,2 0,5 0,76 1,37 1,93 2,24 2,72 2,93 3,2 3,51 3,78 4,08 4,57 4,9 5,19 5,3 5,92 6,1 6,37 6,76 7,09 7,24 7,7 7,8 8,24 8,5 
[ s ;  jungle26 ; breaker: 1,0 ] --> 0,2 0,5580593 0,8131508 1,071177 1,729112 1,984168 2,266984 2,572823 2,855973 2,984292 3,265401 3,568877 3,848919 4,257635 5,177887 5,612927 6,248624 6,734403 7,555574 7,814399 8,175394 8,405269 8,660589 9,068661 9,454862 9,885835 
[ e ;  jungle26 ; breaker: 1,0 ] --> 0 0,05805928 0,05315077 0,2988232 0,2008878 0,2558321 0,453016 0,357177 0,3440273 0,5257077 0,5145991 0,5111234 0,7210813 0,642365 0,01211262 0,3129268 0,3286242 0,6344032 1,185575 1,054399 1,085394 1,165269 0,9605894 1,268661 1,214862 1,385835 
Absolute Error Mean: 0,5978653

[ p ;  jungle26 ; breaker: 1,0 ] --> 0,2 0,5 0,76 1,37 1,93 2,24 2,72 2,93 3,2 3,51 3,78 4,08 4,57 4,9 5,19 5,3 5,92 6,1 6,37 6,76 7,09 7,24 7,7 7,8 8,24 8,5 
[ s ;  jungle26 ; breaker: 1,0 ] --> 0,2 0,5540022 0,8065676 1,060526 1,673594 2,00513 2,283878 2,56388 2,917135 3,198172 3,531973 3,9142 4,296795 4,683371 4,964354 5,246785 5,908772 6,293844 6,770663 6,999004 7,20173 7,40198 7,680704 8,034693 8,314399 8,642272 
[ e ;  jungle26 ; breaker: 1,0 ] --> 0 0,05400217 0,04656762 0,309474 0,2564055 0,2348702 0,4361217 0,3661196 0,2828653 0,3118281 0,2480268 0,1658003 0,2732048 0,2166295 0,2256465 0,05321503 0,01122808 0,1938438 0,4006629 0,2390041 0,1117301 0,1619802 0,01929617 0,2346926 0,07439899 0,142272 
Absolute Error Mean: 0,1949956

[ p ;  jungle26 ; breaker: 1,0 ] --> 0,2 0,5 0,76 1,37 1,93 2,24 2,72 2,93 3,2 3,51 3,78 4,08 4,57 4,9 5,19 5,3 5,92 6,1 6,37 6,76 7,09 7,24 7,7 7,8 8,24 8,5 
[ s ;  jungle26 ; breaker: 1,0 ] --> 0,2 0,5293038 0,8114371 1,03937 1,29556 1,808622 2,063963 2,394841 2,780704 3,009588 3,312823 3,566133 3,870081 4,176235 4,430708 4,815279 5,427394 5,683242 6,121467 6,60764 6,786696 6,991933 7,245522 7,575599 7,859884 8,271139 
[ e ;  jungle26 ; breaker: 1,0 ] --> 0 0,02930385 0,05143708 0,3306298 0,6344398 0,4313785 0,6560366 0,5351591 0,4192965 0,500412 0,4671767 0,5138671 0,6999195 0,7237654 0,7592916 0,4847207 0,4926057 0,4167576 0,2485328 0,15236 0,3033042 0,2480669 0,4544778 0,224401 0,3801155 0,2288609 
Absolute Error Mean: 0,3994738

[ p ;  jungle26 ; breaker: 1,0 ] --> 0,2 0,5 0,76 1,37 1,93 2,24 2,72 2,93 3,2 3,51 3,78 4,08 4,57 4,9 5,19 5,3 5,92 6,1 6,37 6,76 7,09 7,24 7,7 7,8 8,24 8,5 
[ s ;  jungle26 ; breaker: 1,0 ] --> 0,2 0,4546833 0,6645246 0,8968582 1,153635 1,561089 1,863411 2,067345 2,497114 2,761538 3,143316 3,398531 3,707207 4,009781 4,414954 4,745037 5,331124 5,666015 6,069649 6,502214 6,703286 6,880381 7,109629 7,488445 7,794462 8,100419 
[ e ;  jungle26 ; breaker: 1,0 ] --> 0 0,0453167 0,09547544 0,4731418 0,7763647 0,6789113 0,8565892 0,8626552 0,7028859 0,7484617 0,6366837 0,6814685 0,8627934 0,8902187 0,7750459 0,5549631 0,5888762 0,4339848 0,3003507 0,2577858 0,386714 0,3596191 0,5903711 0,3115554 0,4455376 0,399581 
Absolute Error Mean: 0,5275134

[ p ;  jungle26 ; breaker: 1,0 ] --> 0,2 0,5 0,76 1,37 1,93 2,24 2,72 2,93 3,2 3,51 3,78 4,08 4,57 4,9 5,19 5,3 5,92 6,1 6,37 6,76 7,09 7,24 7,7 7,8 8,24 8,5 
[ s ;  jungle26 ; breaker: 1,0 ] --> 0,2 0,5864816 0,8974714 1,355477 2,047086 2,380807 2,661323 2,945424 3,356914 3,683504 3,983819 4,33866 4,867667 5,21806 5,548059 5,881264 6,391618 6,647615 7,135289 7,591493 7,820614 8,026632 8,2814 8,589798 8,795672 9,076243 
[ e ;  jungle26 ; breaker: 1,0 ] --> 0 0,08648157 0,1374714 0,01452315 0,1170858 0,1408072 0,05867743 0,01542425 0,1569142 0,1735039 0,2038188 0,2586598 0,297667 0,3180594 0,3580594 0,581264 0,4716182 0,5476155 0,7652888 0,8314924 0,7306142 0,7866325 0,5813999 0,7897978 0,5556726 0,5762434 
Absolute Error Mean: 0,367492

[ p ;  jungle26 ; breaker: 1,0 ] --> 0,2 0,5 0,76 1,37 1,93 2,24 2,72 2,93 3,2 3,51 3,78 4,08 4,57 4,9 5,19 5,3 5,92 6,1 6,37 6,76 7,09 7,24 7,7 7,8 8,24 8,5 
[ s ;  jungle26 ; breaker: 1,0 ] --> 0,2 0,5331661 0,9656137 1,452136 2,088248 2,416182 2,647291 3,233413 3,692036 3,942469 4,168651 4,448713 4,756977 5,262983 5,820851 5,999493 6,610776 7,324477 7,579228 7,982573 8,368921 8,5524 9,090927 9,442744 9,697126 10,02606 
[ e ;  jungle26 ; breaker: 1,0 ] --> 0 0,03316605 0,2056137 0,08213592 0,1582478 0,1761816 0,07270861 0,3034124 0,4920356 0,4324689 0,3886511 0,3687134 0,1869769 0,3629832 0,6308513 0,6994925 0,6907759 1,224477 1,209228 1,222572 1,278921 1,3124 1,390927 1,642744 1,457127 1,52606 
Absolute Error Mean: 0,6749566

[ p ;  jungle26 ; breaker: 1,0 ] --> 0,2 0,5 0,76 1,37 1,93 2,24 2,72 2,93 3,2 3,51 3,78 4,08 4,57 4,9 5,19 5,3 5,92 6,1 6,37 6,76 7,09 7,24 7,7 7,8 8,24 8,5 
[ s ;  jungle26 ; breaker: 1,0 ] --> 0,2 0,5112215 0,7651676 1,149013 1,834392 2,08576 2,360817 2,654696 3,040282 3,322037 3,578799 3,78165 3,98474 4,320005 4,8608 5,241244 5,830371 6,336194 6,850239 7,156603 7,462659 7,716612 7,896551 8,198735 8,431129 8,711546 
[ e ;  jungle26 ; breaker: 1,0 ] --> 0 0,01122153 0,005167603 0,2209873 0,09560752 0,1542401 0,3591826 0,2753046 0,1597185 0,1879632 0,2012014 0,2983499 0,5852599 0,5799947 0,3291998 0,05875587 0,0896287 0,2361937 0,4802389 0,3966031 0,3726587 0,4766126 0,1965513 0,398735 0,1911287 0,2115459 
Absolute Error Mean: 0,2527712

[ p ;  jungle26 ; breaker: 1,0 ] --> 0,2 0,5 0,76 1,37 1,93 2,24 2,72 2,93 3,2 3,51 3,78 4,08 4,57 4,9 5,19 5,3 5,92 6,1 6,37 6,76 7,09 7,24 7,7 7,8 8,24 8,5 
[ s ;  jungle26 ; breaker: 1,0 ] --> 0,2 0,5289221 0,7829701 1,139954 1,800232 2,082412 2,386379 2,618367 3,000958 3,283212 3,56268 3,869941 4,174347 4,553984 4,912868 5,316998 5,904671 6,287853 6,772233 7,228105 7,411298 7,61605 7,818271 8,252075 8,633945 9,091183 
[ e ;  jungle26 ; breaker: 1,0 ] --> 0 0,02892208 0,02297008 0,2300463 0,1297681 0,1575885 0,3336208 0,3116326 0,1990416 0,2267883 0,2173195 0,2100589 0,3956528 0,3460164 0,2771325 0,01699781 0,01532888 0,1878529 0,4022331 0,4681044 0,3212976 0,37605 0,1182709 0,452075 0,3939457 0,5911827 
Absolute Error Mean: 0,2473037

[ p ;  jungle8 ; breaker: 1,0 ] --> 0,2 0,5 0,76 1,37 1,93 2,24 2,72 2,93 3,2 3,51 3,78 4,08 4,57 4,9 5,19 5,3 5,92 6,1 6,37 6,76 7,09 7,24 7,7 7,8 8,24 8,5 
[ s ;  jungle8 ; breaker: 1,0 ] --> 0,2 0,5305093 0,8878862 1,269363 1,986861 2,365837 2,698836 3,212189 
[ e ;  jungle8 ; breaker: 1,0 ] --> 0 0,03050929 0,1278862 0,100637 0,05686128 0,1258368 0,02116418 0,2821891 
Absolute Error Mean: 4,115195

[ p ;  jungle8 ; breaker: 1,0 ] --> 0,2 0,5 0,76 1,37 1,93 2,24 2,72 2,93 
[ s ;  jungle8 ; breaker: 1,0 ] --> 0,2 0,5334811 0,7907462 1,173565 1,807606 2,036526 2,341796 2,620036 
[ e ;  jungle8 ; breaker: 1,0 ] --> 0 0,03348112 0,03074616 0,1964349 0,1223943 0,2034736 0,3782036 0,3099639 
Absolute Error Mean: 0,1593372

[ p ;  jungle8 ; breaker: 1,0 ] --> 0,2 0,5 0,76 1,37 1,93 2,24 2,72 2,93 
[ s ;  jungle8 ; breaker: 1,0 ] --> 0,2 0,5534517 0,7832059 1,141934 1,751569 2,00534 2,281722 2,788976 
[ e ;  jungle8 ; breaker: 1,0 ] --> 0 0,05345172 0,02320594 0,2280664 0,1784308 0,2346599 0,4382782 0,1410241 
Absolute Error Mean: 0,1621396

[ p ;  jungle8 ; breaker: 1,0 ] --> 0,2 0,5 0,76 1,37 1,93 2,24 2,72 2,93 
[ s ;  jungle8 ; breaker: 1,0 ] --> 0,2 0,4310283 0,6376346 0,9718314 1,612376 1,86491 2,195996 2,574166 
[ e ;  jungle8 ; breaker: 1,0 ] --> 0 0,06897166 0,1223654 0,3981686 0,3176237 0,3750896 0,5240037 0,3558342 
Absolute Error Mean: 0,2702571

[ p ;  jungle8 ; breaker: 1,0 ] --> 0,2 0,5 0,76 1,37 1,93 2,24 2,72 2,93 
[ s ;  jungle8 ; breaker: 1,0 ] --> 0,2 0,4305873 0,7636722 1,146485 1,788986 2,013272 2,29355 2,526337 
[ e ;  jungle8 ; breaker: 1,0 ] --> 0 0,06941271 0,003672242 0,223515 0,1410139 0,2267282 0,4264505 0,4036632 
Absolute Error Mean: 0,186807

[ p ;  jungle8 ; breaker: 1,0 ] --> 0,2 0,5 0,76 1,37 1,93 2,24 2,72 2,93 
[ s ;  jungle8 ; breaker: 1,0 ] --> 0,2 0,5088837 0,8400598 1,17131 1,811215 2,065125 2,319463 2,673309 
[ e ;  jungle8 ; breaker: 1,0 ] --> 0 0,008883655 0,08005977 0,1986901 0,1187848 0,174875 0,4005373 0,2566915 
Absolute Error Mean: 0,1548153

[ p ;  jungle8 ; breaker: 1,0 ] --> 0,2 0,5 0,76 1,37 1,93 2,24 2,72 2,93 
[ s ;  jungle8 ; breaker: 1,0 ] --> 0,2 0,5089415 0,7901843 1,128954 1,768994 2,021096 2,275393 2,503042 
[ e ;  jungle8 ; breaker: 1,0 ] --> 0 0,008941531 0,03018427 0,2410462 0,1610059 0,2189038 0,4446075 0,4269583 
Absolute Error Mean: 0,1914559

[ p ;  jungle8 ; breaker: 1,0 ] --> 0,2 0,5 0,76 1,37 1,93 2,24 2,72 2,93 
[ s ;  jungle8 ; breaker: 1,0 ] --> 0,2 0,5501609 0,8009322 1,129782 1,739683 1,996052 2,271315 2,628794 
[ e ;  jungle8 ; breaker: 1,0 ] --> 0 0,05016088 0,04093224 0,240218 0,1903169 0,2439477 0,4486852 0,3012061 
Absolute Error Mean: 0,1894334

[ p ;  jungle8 ; breaker: 1,0 ] --> 0,2 0,5 0,76 1,37 1,93 2,24 2,72 2,93 
[ s ;  jungle8 ; breaker: 1,0 ] --> 0,2 0,4827819 0,6882393 0,8932025 1,528925 1,757231 2,013691 2,241774 
[ e ;  jungle8 ; breaker: 1,0 ] --> 0 0,01721808 0,07176065 0,4767975 0,4010752 0,4827694 0,7063088 0,6882262 
Absolute Error Mean: 0,3555195

[ p ;  jungle8 ; breaker: 1,0 ] --> 0,2 0,5 0,76 1,37 1,93 2,24 2,72 2,93 
[ s ;  jungle8 ; breaker: 1,0 ] --> 0,2 0,4539554 0,7079674 1,121721 1,783333 1,987184 2,215441 2,443015 
[ e ;  jungle8 ; breaker: 1,0 ] --> 0 0,04604459 0,05203259 0,2482795 0,146667 0,2528164 0,504559 0,486985 
Absolute Error Mean: 0,217173

[ p ;  jungle26 ; breaker: 1,0 ] --> 0,2 0,5 0,76 1,37 1,93 2,24 2,72 2,93 
[ b ;  jungle26 ; breaker: 1,0 ] --> 0,2 0,4016691 0,6040539 1,824677 2,297664 2,584219 3,176192 3,436516 3,666354 4,102539 4,774034 5,208456 6,005168 6,235997 6,465841 7,257161 7,566595 8,005871 8,721129 9,030393 9,259454 9,879265 10,21468 10,47381 10,70521 11,29588 
[ e ;  jungle26 ; breaker: 1,0 ] --> 0 0,09833089 0,1559461 0,4546773 0,3676642 0,3442194 0,4561923 0,506516 
Absolute Error Mean: 0,2979433

[ p ;  jungle26 ; breaker: 1,0 ] --> 0,2 0,5 0,76 1,37 1,93 2,24 2,72 2,93 3,2 3,51 3,78 4,08 4,57 4,9 5,19 5,3 5,92 6,1 6,37 6,76 7,09 7,24 7,7 7,8 8,24 8,5 
[ b ;  jungle26 ; breaker: 1,0 ] --> 0,2 0,5834297 0,7909748 0,9728783 1,930777 2,62351 2,828147 3,037592 3,245702 3,991946 4,76176 4,88994 5,0443 5,870147 6,23569 7,037019 7,268541 7,423306 8,045162 8,612758 8,788709 9,043834 9,6622 10,53512 11,02529 11,43732 
[ e ;  jungle26 ; breaker: 1,0 ] --> 0 0,08342969 0,03097481 0,3971217 0,0007767677 0,3835101 0,1081471 0,1075921 0,04570198 0,4819458 0,9817603 0,8099403 0,4742999 0,9701467 1,04569 1,737019 1,348541 1,323307 1,675162 1,852757 1,698709 1,803834 1,9622 2,735125 2,785295 2,937317 
Absolute Error Mean: 1,068473

[ p ;  jungle26 ; breaker: 1,0 ] --> 0,2 0,5 0,76 1,37 1,93 2,24 2,72 2,93 3,2 3,51 3,78 4,08 4,57 4,9 5,19 5,3 5,92 6,1 6,37 6,76 7,09 7,24 7,7 7,8 8,24 8,5 
[ b ;  jungle26 ; breaker: 1,0 ] --> 0,2 0,3813003 0,5580641 1,22293 1,781472 1,986611 2,165486 2,370567 3,08277 3,25899 3,410435 4,020722 4,173001 4,831255 5,031856 5,736804 5,991558 6,22253 6,426768 6,988575 7,607059 7,809328 8,039902 8,505327 9,091063 9,271635 
[ e ;  jungle26 ; breaker: 1,0 ] --> 0 0,1186997 0,2019359 0,1470697 0,1485282 0,2533895 0,5545144 0,5594335 0,1172304 0,2510097 0,3695652 0,05927753 0,3969994 0,06874514 0,158144 0,4368043 0,07155752 0,12253 0,05676794 0,2285748 0,5170584 0,5693283 0,3399019 0,705327 0,8510628 0,7716351 
Absolute Error Mean: 0,3105804

[ p ;  jungle26 ; breaker: 1,0 ] --> 0,2 0,5 0,76 1,37 1,93 2,24 2,72 2,93 3,2 3,51 3,78 4,08 4,57 4,9 5,19 5,3 5,92 6,1 6,37 6,76 7,09 7,24 7,7 7,8 8,24 8,5 
[ b ;  jungle26 ; breaker: 1,0 ] --> 0,2 0,7872635 0,9928259 1,171762 1,908841 2,16557 2,368523 2,574624 3,240651 3,674506 3,852336 4,383623 4,660268 4,943952 5,359246 5,547204 5,706811 5,883992 6,497409 6,722646 7,316997 7,521939 7,702114 8,320691 8,782544 9,322141 9,50141 
[ e ;  jungle26 ; breaker: 1,0 ] --> 0 0,2872635 0,2328259 0,1982377 0,02115846 0,07443047 0,3514774 0,3553765 0,04065108 0,1645062 0,0723362 0,3036227 0,09026814 0,04395151 0,1692457 0,2472038 0,2131886 0,2160082 0,127409 0,03735447 0,2269969 0,2819395 0,002114296 0,5206909 0,5425444 0,8221407 
Absolute Error Mean: 0,2170362

[ p ;  jungle26 ; breaker: 1,0 ] --> 0,2 0,5 0,76 1,37 1,93 2,24 2,72 2,93 3,2 3,51 3,78 4,08 4,57 4,9 5,19 5,3 5,92 6,1 6,37 6,76 7,09 7,24 7,7 7,8 8,24 8,5 
[ b ;  jungle26 ; breaker: 1,0 ] --> 0,2 9,459599 9,686651 9,866281 10,40216 10,83141 11,03409 11,21366 11,41252 11,97491 12,17817 12,35574 12,92322 13,15516 14,17755 14,40442 14,86454 15,50338 15,68293 16,29308 17,03356 17,23755 17,41976 18,0038 18,26021 18,66785 
[ e ;  jungle26 ; breaker: 1,0 ] --> 0 8,959599 8,926651 8,496281 8,472164 8,591409 8,314094 8,283663 8,212519 8,46491 8,39817 8,275738 8,353216 8,255157 8,987551 9,104418 8,944541 9,403383 9,312925 9,533077 9,943558 9,997551 9,719758 10,2038 10,02021 10,16785 
Absolute Error Mean: 8,667007

[ p ;  jungle26 ; breaker: 1,0 ] --> 0,2 0,5 0,76 1,37 1,93 2,24 2,72 2,93 3,2 3,51 3,78 4,08 4,57 4,9 5,19 5,3 5,92 6,1 6,37 6,76 7,09 7,24 7,7 7,8 8,24 8,5 
[ b ;  jungle26 ; breaker: 1,0 ] --> 0,2 0,6299868 0,8092071 1,293313 1,858143 2,03895 2,220612 2,477979 3,115254 3,319315 3,962818 4,118312 4,7383 4,942641 5,146784 5,735669 6,426934 6,630766 6,834777 7,450261 7,681804 7,914618 8,631014 9,169401 9,401756 9,784471 
[ e ;  jungle26 ; breaker: 1,0 ] --> 0 0,1299868 0,04920715 0,0766871 0,07185674 0,2010503 0,4993882 0,4520206 0,08474636 0,190685 0,1828179 0,03831196 0,1683002 0,04264116 0,04321575 0,4356689 0,5069342 0,530766 0,4647775 0,6902609 0,591804 0,6746178 0,9310141 1,369401 1,161757 1,284471 
Absolute Error Mean: 0,4181687

[ p ;  jungle26 ; breaker: 1,0 ] --> 0,2 0,5 0,76 1,37 1,93 2,24 2,72 2,93 3,2 3,51 3,78 4,08 4,57 4,9 5,19 5,3 5,92 6,1 6,37 6,76 7,09 7,24 7,7 7,8 8,24 8,5 
[ b ;  jungle26 ; breaker: 1,0 ] --> 0,2 0,4033781 0,5865648 1,103525 1,744407 1,948006 2,151983 2,865675 3,09789 3,300432 4,120072 4,300271 4,759427 5,297473 5,475904 6,113475 6,371187 6,57535 7,163476 7,444539 8,060267 8,24019 8,419307 9,007998 9,186614 9,646924 
[ e ;  jungle26 ; breaker: 1,0 ] --> 0 0,09662187 0,1734352 0,2664746 0,1855931 0,2919943 0,5680168 0,06432533 0,1021097 0,2095683 0,3400719 0,2202706 0,1894269 0,3974733 0,2859039 0,8134747 0,4511871 0,4753504 0,7934761 0,6845384 0,9702673 1,00019 0,7193069 1,207998 0,9466143 1,146924 
Absolute Error Mean: 0,484639

[ p ;  jungle26 ; breaker: 1,0 ] --> 0,2 0,5 0,76 1,37 1,93 2,24 2,72 2,93 3,2 3,51 3,78 4,08 4,57 4,9 5,19 5,3 5,92 6,1 6,37 6,76 7,09 7,24 7,7 7,8 8,24 8,5 
[ b ;  jungle26 ; breaker: 1,0 ] --> 0,2 0,4027357 0,5838066 1,146657 1,378084 1,557994 2,304043 3,047649 3,229123 3,4076 4,021382 4,227659 4,839694 5,020455 5,223949 5,891403 6,659273 6,865547 7,072204 7,636458 8,40348 8,607924 8,786743 9,146399 9,480441 9,810354 10,03747 
[ e ;  jungle26 ; breaker: 1,0 ] --> 0 0,09726426 0,1761934 0,2233425 0,5519164 0,6820056 0,4159567 0,1176493 0,02912307 0,1024001 0,2413824 0,1476593 0,2696939 0,1204553 0,03394938 0,591403 0,7392726 0,7655473 0,7022042 0,8764577 1,313479 1,367924 1,086743 1,346399 1,240441 1,310354 
Absolute Error Mean: 0,5595853

[ p ;  jungle26 ; breaker: 1,0 ] --> 0,2 0,5 0,76 1,37 1,93 2,24 2,72 2,93 3,2 3,51 3,78 4,08 4,57 4,9 5,19 5,3 5,92 6,1 6,37 6,76 7,09 7,24 7,7 7,8 8,24 8,5 
[ b ;  jungle26 ; breaker: 1,0 ] --> 0,2 0,5570393 0,8449941 1,383976 2,048549 2,530414 2,735535 2,991236 3,555436 3,764105 4,098695 4,455866 4,864962 5,352946 5,814191 5,994084 6,613495 6,868269 7,202416 7,507408 7,847454 8,253577 8,685341 8,99188 9,146989 9,478848 
[ e ;  jungle26 ; breaker: 1,0 ] --> 0 0,05703926 0,08499408 0,01397586 0,1185492 0,2904136 0,01553464 0,06123614 0,3554363 0,2541046 0,3186948 0,3758664 0,2949619 0,4529457 0,6241913 0,6940842 0,6934948 0,7682691 0,8324165 0,7474079 0,7574534 1,013577 0,9853411 1,19188 0,9069891 0,9788485 
Absolute Error Mean: 0,495681

[ p ;  jungle26 ; breaker: 1,0 ] --> 0,2 0,5 0,76 1,37 1,93 2,24 2,72 2,93 3,2 3,51 3,78 4,08 4,57 4,9 5,19 5,3 5,92 6,1 6,37 6,76 7,09 7,24 7,7 7,8 8,24 8,5 
[ b ;  jungle26 ; breaker: 1,0 ] --> 0,2 0,6106495 0,8947222 1,456526 2,21689 2,521656 2,924717 3,128571 3,687544 3,987693 4,266908 4,596138 4,976059 5,308421 5,811512 5,988991 6,823709 7,153271 7,512858 7,869498 8,325939 8,81118 9,041688 9,423561 9,775904 10,30532 
[ e ;  jungle26 ; breaker: 1,0 ] --> 0 0,1106495 0,1347222 0,08652616 0,2868897 0,2816558 0,2047172 0,1985705 0,4875436 0,4776933 0,4869082 0,5161376 0,4060588 0,408421 0,6215124 0,6889911 0,9037085 1,053271 1,142858 1,109498 1,235939 1,57118 1,341688 1,623561 1,535904 1,805315 
Absolute Error Mean: 0,7199969

[ p ;  jungle16 ; breaker: 1,0 ] --> 0,2 0,5 0,76 1,37 1,93 2,24 2,72 2,93 3,2 3,51 3,78 4,08 4,57 4,9 5,19 5,3 5,92 6,1 6,37 6,76 7,09 7,24 7,7 7,8 8,24 8,5 
[ b ;  jungle16 ; breaker: 1,0 ] --> 0,2 0,5014459 0,8567098 1,41174 1,641427 2,169515 2,398593 2,577571 3,14315 3,501402 3,986251 4,292097 4,753101 5,084024 5,367148 6,061495 
[ e ;  jungle16 ; breaker: 1,0 ] --> 0 0,001445889 0,09670979 0,04173994 0,2885725 0,07048512 0,3214071 0,3524289 0,05685043 0,008598328 0,2062509 0,2120967 0,1831012 0,1840243 0,1771479 0,7614946 
Absolute Error Mean: 2,872398

[ p ;  jungle16 ; breaker: 1,0 ] --> 0,2 0,5 0,76 1,37 1,93 2,24 2,72 2,93 3,2 3,51 3,78 4,08 4,57 4,9 5,19 5,3 
[ b ;  jungle16 ; breaker: 1,0 ] --> 0,2 0,4814685 0,8407235 1,56294 2,049097 2,329461 2,585863 2,814369 3,426126 3,737012 4,072601 4,430368 4,951556 5,462784 5,951742 6,132891 
[ e ;  jungle16 ; breaker: 1,0 ] --> 0 0,01853153 0,08072352 0,1929405 0,1190971 0,08946085 0,1341369 0,1156309 0,2261264 0,2270117 0,2926009 0,350368 0,381556 0,5627837 0,7617421 0,832891 
Absolute Error Mean: 0,2741001

[ p ;  jungle16 ; breaker: 1,0 ] --> 0,2 0,5 0,76 1,37 1,93 2,24 2,72 2,93 3,2 3,51 3,78 4,08 4,57 4,9 5,19 5,3 
[ b ;  jungle16 ; breaker: 1,0 ] --> 0,2 0,703652 0,9812765 1,51297 1,714569 2,257257 2,463744 2,695462 2,977741 3,209578 3,743912 4,001192 4,23311 4,794448 5,075332 5,407997 
[ e ;  jungle16 ; breaker: 1,0 ] --> 0 0,203652 0,2212765 0,1429701 0,2154313 0,01725674 0,2562561 0,2345386 0,2222588 0,3004222 0,03608775 0,07880783 0,3368902 0,1055517 0,1146684 0,1079969 
Absolute Error Mean: 0,1621291

[ p ;  jungle16 ; breaker: 1,0 ] --> 0,2 0,5 0,76 1,37 1,93 2,24 2,72 2,93 3,2 3,51 3,78 4,08 4,57 4,9 5,19 5,3 
[ b ;  jungle16 ; breaker: 1,0 ] --> 0,2 0,4332164 0,9473752 1,515459 1,695705 2,335407 2,570868 3,155591 3,408654 3,635656 3,991249 4,674711 4,92575 5,130301 5,77068 6,02725 
[ e ;  jungle16 ; breaker: 1,0 ] --> 0 0,06678361 0,1873752 0,1454594 0,2342952 0,09540677 0,1491323 0,2255905 0,2086537 0,1256559 0,2112494 0,5947113 0,3557496 0,2303009 0,5806804 0,7272496 
Absolute Error Mean: 0,2586434

[ p ;  jungle16 ; breaker: 1,0 ] --> 0,2 0,5 0,76 1,37 1,93 2,24 2,72 2,93 3,2 3,51 3,78 4,08 4,57 4,9 5,19 5,3 
[ b ;  jungle16 ; breaker: 1,0 ] --> 0,2 0,5344242 1,072469 1,30243 1,967424 2,171576 2,454144 3,336938 3,546912 3,753021 4,263928 4,516255 5,211962 5,439222 5,921271 6,17561 
[ e ;  jungle16 ; breaker: 1,0 ] --> 0 0,03442419 0,3124689 0,06757021 0,03742397 0,06842422 0,2658565 0,4069378 0,3469119 0,2430215 0,483928 0,4362555 0,6419621 0,5392218 0,7312708 0,8756099 
Absolute Error Mean: 0,3432055

[ p ;  jungle16 ; breaker: 1,0 ] --> 0,2 0,5 0,76 1,37 1,93 2,24 2,72 2,93 3,2 3,51 3,78 4,08 4,57 4,9 5,19 5,3 
[ b ;  jungle16 ; breaker: 1,0 ] --> 0,2 0,5339131 1,049926 1,723273 2,232595 2,864077 3,066062 3,651684 3,855694 4,087544 4,67602 4,987706 5,658662 5,889421 6,480088 6,683449 
[ e ;  jungle16 ; breaker: 1,0 ] --> 0 0,03391314 0,2899259 0,3532728 0,3025948 0,6240768 0,3460619 0,721684 0,6556935 0,577544 0,8960197 0,9077063 1,088662 0,9894209 1,290088 1,383449 
Absolute Error Mean: 0,653757

[ p ;  jungle16 ; breaker: 1,0 ] --> 0,2 0,5 0,76 1,37 1,93 2,24 2,72 2,93 3,2 3,51 3,78 4,08 4,57 4,9 5,19 5,3 
[ b ;  jungle16 ; breaker: 1,0 ] --> 0,2 0,407317 0,9479597 1,591442 1,849102 2,031269 2,726546 3,03956 3,700899 3,930921 4,520915 4,73061 4,935692 5,676757 6,111787 6,470887 
[ e ;  jungle16 ; breaker: 1,0 ] --> 0 0,09268299 0,1879597 0,2214419 0,08089781 0,2087312 0,006545782 0,1095603 0,5008991 0,4209208 0,7409151 0,65061 0,3656917 0,7767568 0,9217873 1,170887 
Absolute Error Mean: 0,4035179

[ p ;  jungle16 ; breaker: 1,0 ] --> 0,2 0,5 0,76 1,37 1,93 2,24 2,72 2,93 3,2 3,51 3,78 4,08 4,57 4,9 5,19 5,3 
[ b ;  jungle16 ; breaker: 1,0 ] --> 0,2 0,410194 1,027408 1,589968 1,82283 2,032077 2,651954 2,909967 3,504001 3,741083 3,947058 4,540441 4,874671 5,082728 5,416384 5,980728 
[ e ;  jungle16 ; breaker: 1,0 ] --> 0 0,08980602 0,2674083 0,219968 0,1071697 0,2079227 0,06804633 0,02003288 0,3040009 0,2310832 0,1670585 0,4604411 0,3046703 0,1827278 0,2263842 0,6807275 
Absolute Error Mean: 0,2210905

[ p ;  jungle16 ; breaker: 1,0 ] --> 0,2 0,5 0,76 1,37 1,93 2,24 2,72 2,93 3,2 3,51 3,78 4,08 4,57 4,9 5,19 5,3 
[ b ;  jungle16 ; breaker: 1,0 ] --> 0,2 0,4579525 0,6611313 1,406156 1,816918 1,997405 2,22788 2,796843 3,104378 3,649399 3,88418 4,347439 4,60092 5,192381 5,755283 6,06044 
[ e ;  jungle16 ; breaker: 1,0 ] --> 0 0,0420475 0,09886867 0,03615582 0,1130823 0,2425951 0,4921198 0,1331573 0,09562206 0,1393986 0,1041796 0,2674394 0,03092003 0,2923813 0,5652833 0,7604394 
Absolute Error Mean: 0,2133556

[ p ;  jungle16 ; breaker: 1,0 ] --> 0,2 0,5 0,76 1,37 1,93 2,24 2,72 2,93 3,2 3,51 3,78 4,08 4,57 4,9 5,19 5,3 
[ b ;  jungle16 ; breaker: 1,0 ] --> 0,2 0,5570927 1,217851 1,649798 1,853 2,057283 2,56451 2,844635 3,379987 3,585853 3,868872 4,409548 4,688858 4,893532 5,07191 5,532874 5,713266 
[ e ;  jungle16 ; breaker: 1,0 ] --> 0 0,05709273 0,4578514 0,2797976 0,07699966 0,1827173 0,1554897 0,08536458 0,1799865 0,07585287 0,08887196 0,3295479 0,1188574 0,006468296 0,1180897 0,2328739 
Absolute Error Mean: 0,1528663

[ p ;  jungle16 ; breaker: 1,0 ] --> 0,2 0,5 0,76 1,37 1,93 2,24 2,72 2,93 3,2 3,51 3,78 4,08 4,57 4,9 5,19 5,3 
[ s ;  jungle16 ; breaker: 1,0 ] --> 0,2 0,6043676 1,03271 1,517244 2,177214 2,712949 3,171884 3,352614 3,832431 4,139016 4,416627 4,751011 5,031085 5,386298 5,869606 6,020119 
[ e ;  jungle16 ; breaker: 1,0 ] --> 0 0,1043676 0,2727096 0,1472441 0,2472144 0,472949 0,4518836 0,4226141 0,6324308 0,6290157 0,6366274 0,671011 0,4610853 0,4862976 0,679606 0,720119 
Absolute Error Mean: 0,4396985

[ p ;  jungle16 ; breaker: 1,0 ] --> 0,2 0,5 0,76 1,37 1,93 2,24 2,72 2,93 3,2 3,51 3,78 4,08 4,57 4,9 5,19 5,3 
[ s ;  jungle16 ; breaker: 1,0 ] --> 0,2 0,5028021 0,7829854 1,287652 1,898781 2,1285 2,460331 2,689648 3,172162 3,502836 3,86138 4,139018 4,496141 4,927084 5,379896 5,556783 
[ e ;  jungle16 ; breaker: 1,0 ] --> 0 0,002802074 0,02298546 0,08234823 0,03121924 0,1114995 0,2596686 0,2403519 0,02783799 0,00716424 0,08138013 0,05901766 0,07385874 0,02708435 0,1898956 0,2567825 
Absolute Error Mean: 0,09211852

[ p ;  jungle16 ; breaker: 1,0 ] --> 0,2 0,5 0,76 1,37 1,93 2,24 2,72 2,93 3,2 3,51 3,78 4,08 4,57 4,9 5,19 5,3 
[ s ;  jungle16 ; breaker: 1,0 ] --> 0,2 0,475469 0,8518723 1,400998 1,952689 2,176541 2,500051 2,802994 3,285939 3,620475 4,004032 4,360051 4,66434 5,071662 5,5282 5,710692 
[ e ;  jungle16 ; breaker: 1,0 ] --> 0 0,02453101 0,09187227 0,03099775 0,02268934 0,06345868 0,2199488 0,1270065 0,08593845 0,1104748 0,2240317 0,2800512 0,09433985 0,1716619 0,3382001 0,4106917 
Absolute Error Mean: 0,1434934

[ p ;  jungle16 ; breaker: 1,0 ] --> 0,2 0,5 0,76 1,37 1,93 2,24 2,72 2,93 3,2 3,51 3,78 4,08 4,57 4,9 5,19 5,3 
[ s ;  jungle16 ; breaker: 1,0 ] --> 0,2 0,5072647 0,9160809 1,4471 2,100669 2,562411 2,841502 3,374699 3,908089 4,166173 4,396109 4,701252 4,979834 5,384064 5,738511 5,968396 
[ e ;  jungle16 ; breaker: 1,0 ] --> 0 0,007264733 0,1560809 0,07709968 0,1706687 0,3224113 0,1215017 0,4446993 0,7080889 0,6561725 0,6161091 0,6212525 0,4098339 0,4840636 0,548511 0,668396 
Absolute Error Mean: 0,3757596

[ p ;  jungle16 ; breaker: 1,0 ] --> 0,2 0,5 0,76 1,37 1,93 2,24 2,72 2,93 3,2 3,51 3,78 4,08 4,57 4,9 5,19 5,3 
[ s ;  jungle16 ; breaker: 1,0 ] --> 0,2 0,4300274 0,8572815 1,134991 1,33866 1,943668 2,325516 2,81106 3,318624 3,548043 3,754478 4,054355 4,313586 4,666038 4,920927 5,326063 
[ e ;  jungle16 ; breaker: 1,0 ] --> 0 0,06997257 0,09728152 0,2350088 0,5913399 0,2963319 0,3944838 0,1189399 0,1186235 0,0380435 0,02552247 0,02564478 0,2564144 0,2339621 0,269073 0,02606297 
Absolute Error Mean: 0,1747941

[ p ;  jungle16 ; breaker: 1,0 ] --> 0,2 0,5 0,76 1,37 1,93 2,24 2,72 2,93 3,2 3,51 3,78 4,08 4,57 4,9 5,19 5,3 
[ s ;  jungle16 ; breaker: 1,0 ] --> 0,2 0,453976 0,6549456 1,060986 1,670113 1,92249 2,177273 2,51162 2,941792 3,2728 3,554636 3,811538 4,11933 4,475137 4,853031 5,05675 
[ e ;  jungle16 ; breaker: 1,0 ] --> 0 0,04602399 0,1050544 0,3090136 0,2598872 0,31751 0,5427272 0,4183803 0,2582085 0,2372003 0,225364 0,2684615 0,4506702 0,4248633 0,3369689 0,2432499 
Absolute Error Mean: 0,277724

[ p ;  jungle16 ; breaker: 1,0 ] --> 0,2 0,5 0,76 1,37 1,93 2,24 2,72 2,93 3,2 3,51 3,78 4,08 4,57 4,9 5,19 5,3 
[ s ;  jungle16 ; breaker: 1,0 ] --> 0,2 0,5284123 0,9124331 1,29105 1,895977 2,153285 2,434409 2,715422 3,097167 3,403483 3,660217 3,965706 4,272752 4,603182 5,038789 5,243489 
[ e ;  jungle16 ; breaker: 1,0 ] --> 0 0,02841234 0,1524331 0,07895017 0,03402328 0,08671522 0,2855906 0,2145782 0,102833 0,1065173 0,1197829 0,1142943 0,2972479 0,2968178 0,1512113 0,05651093 
Absolute Error Mean: 0,1328699

[ p ;  jungle16 ; breaker: 1,0 ] --> 0,2 0,5 0,76 1,37 1,93 2,24 2,72 2,93 3,2 3,51 3,78 4,08 4,57 4,9 5,19 5,3 
[ s ;  jungle16 ; breaker: 1,0 ] --> 0,2 0,4234093 0,6761832 1,103593 1,706403 1,932234 2,18317 2,511992 2,921958 3,274905 3,63271 3,93498 4,215231 4,624217 5,084377 5,265107 
[ e ;  jungle16 ; breaker: 1,0 ] --> 0 0,07659072 0,08381677 0,2664074 0,2235974 0,3077663 0,5368302 0,4180076 0,2780421 0,2350945 0,1472902 0,1450195 0,3547688 0,2757835 0,1056228 0,03489351 
Absolute Error Mean: 0,2180957

[ p ;  jungle16 ; breaker: 1,0 ] --> 0,2 0,5 0,76 1,37 1,93 2,24 2,72 2,93 3,2 3,51 3,78 4,08 4,57 4,9 5,19 5,3 
[ s ;  jungle16 ; breaker: 1,0 ] --> 0,2 0,4788203 0,8323748 1,220244 1,80601 2,010036 2,24143 2,698427 3,111419 3,366611 3,64748 3,878324 4,184398 4,492389 4,875754 5,129485 
[ e ;  jungle16 ; breaker: 1,0 ] --> 0 0,02117968 0,07237482 0,149756 0,1239904 0,2299638 0,4785705 0,2315733 0,08858132 0,1433885 0,1325202 0,2016757 0,3856025 0,4076109 0,3142457 0,1705155 
Absolute Error Mean: 0,1969718

[ p ;  jungle16 ; breaker: 1,0 ] --> 0,2 0,5 0,76 1,37 1,93 2,24 2,72 2,93 3,2 3,51 3,78 4,08 4,57 4,9 5,19 5,3 
[ s ;  jungle16 ; breaker: 1,0 ] --> 0,2 0,456256 0,7589775 1,141184 1,698375 1,930358 2,159871 2,438383 2,793127 3,117893 3,499498 3,831971 4,110599 4,444685 4,827012 5,03223 
[ e ;  jungle16 ; breaker: 1,0 ] --> 0 0,04374397 0,001022458 0,228816 0,2316245 0,3096424 0,5601292 0,4916174 0,4068732 0,3921065 0,2805016 0,248029 0,4594016 0,4553156 0,3629885 0,2677703 
Absolute Error Mean: 0,2962239

[ p ;  jungle8 ; breaker: 1,0 ] --> 0,2 0,5 0,76 1,37 1,93 2,24 2,72 2,93 3,2 3,51 3,78 4,08 4,57 4,9 5,19 5,3 
[ b ;  jungle8 ; breaker: 1,0 ] --> 0,2 0,4264332 0,604351 1,1653 1,34616 1,873422 2,379693 2,731359 
[ e ;  jungle8 ; breaker: 1,0 ] --> 0 0,07356679 0,155649 0,2047005 0,5838404 0,366578 0,3403072 0,1986413 
Absolute Error Mean: 2,27833

[ p ;  jungle8 ; breaker: 1,0 ] --> 0,2 0,5 0,76 1,37 1,93 2,24 2,72 2,93 
[ b ;  jungle8 ; breaker: 1,0 ] --> 0,2 0,4557321 0,9581958 1,211801 2,006756 2,305765 2,733903 3,139512 
[ e ;  jungle8 ; breaker: 1,0 ] --> 0 0,04426789 0,1981958 0,1581992 0,07675588 0,06576538 0,0139029 0,2095115 
Absolute Error Mean: 0,09582482

[ p ;  jungle8 ; breaker: 1,0 ] --> 0,2 0,5 0,76 1,37 1,93 2,24 2,72 2,93 
[ b ;  jungle8 ; breaker: 1,0 ] --> 0,2 0,4745295 0,7269939 1,279173 1,988311 2,191705 2,721437 3,102015 
[ e ;  jungle8 ; breaker: 1,0 ] --> 0 0,02547047 0,03300613 0,09082723 0,05831099 0,04829454 0,001436949 0,172015 
Absolute Error Mean: 0,05367016

[ p ;  jungle8 ; breaker: 1,0 ] --> 0,2 0,5 0,76 1,37 1,93 2,24 2,72 2,93 
[ b ;  jungle8 ; breaker: 1,0 ] --> 0,2 0,4557668 0,782254 1,288427 1,900582 2,079923 2,337818 2,74757 
[ e ;  jungle8 ; breaker: 1,0 ] --> 0 0,04423317 0,02225399 0,08157301 0,02941811 0,1600769 0,3821821 0,18243 
Absolute Error Mean: 0,1127709

[ p ;  jungle8 ; breaker: 1,0 ] --> 0,2 0,5 0,76 1,37 1,93 2,24 2,72 2,93 
[ b ;  jungle8 ; breaker: 1,0 ] --> 0,2 0,4552358 0,7617449 1,27341 1,934085 2,163749 2,697394 2,875201 
[ e ;  jungle8 ; breaker: 1,0 ] --> 0 0,04476416 0,001744866 0,0965898 0,004085064 0,07625103 0,02260613 0,05479908 
Absolute Error Mean: 0,03760502

[ p ;  jungle8 ; breaker: 1,0 ] --> 0,2 0,5 0,76 1,37 1,93 2,24 2,72 2,93 
[ b ;  jungle8 ; breaker: 1,0 ] --> 0,2 0,4517956 0,7305192 1,314953 1,976861 2,183142 2,709074 2,909804 
[ e ;  jungle8 ; breaker: 1,0 ] --> 0 0,04820439 0,02948076 0,05504739 0,04686081 0,05685782 0,01092553 0,02019572 
Absolute Error Mean: 0,03344655

[ p ;  jungle8 ; breaker: 1,0 ] --> 0,2 0,5 0,76 1,37 1,93 2,24 2,72 2,93 
[ b ;  jungle8 ; breaker: 1,0 ] --> 0,2 0,4557492 0,7629338 1,35804 2,031673 2,25801 2,71988 2,951649 
[ e ;  jungle8 ; breaker: 1,0 ] --> 0 0,04425082 0,0029338 0,01195955 0,1016732 0,01800966 0,0001196861 0,02164912 
Absolute Error Mean: 0,02507449

[ p ;  jungle8 ; breaker: 1,0 ] --> 0,2 0,5 0,76 1,37 1,93 2,24 2,72 2,93 
[ b ;  jungle8 ; breaker: 1,0 ] --> 0,2 0,4555942 0,8121808 1,370526 1,979505 2,207769 2,6646 3,072445 
[ e ;  jungle8 ; breaker: 1,0 ] --> 0 0,04440582 0,05218083 0,000526309 0,04950535 0,03223062 0,05539966 0,1424448 
Absolute Error Mean: 0,04708668

[ p ;  jungle8 ; breaker: 1,0 ] --> 0,2 0,5 0,76 1,37 1,93 2,24 2,72 2,93 
[ b ;  jungle8 ; breaker: 1,0 ] --> 0,2 0,4796923 0,8427736 1,277043 1,917997 2,122191 2,52979 2,736017 
[ e ;  jungle8 ; breaker: 1,0 ] --> 0 0,02030772 0,08277357 0,09295666 0,01200283 0,1178086 0,1902101 0,1939831 
Absolute Error Mean: 0,08875532

[ p ;  jungle8 ; breaker: 1,0 ] --> 0,2 0,5 0,76 1,37 1,93 2,24 2,72 2,93 
[ b ;  jungle8 ; breaker: 1,0 ] --> 0,2 0,483188 0,7586253 1,289703 1,843275 2,066716 2,472259 2,650891 
[ e ;  jungle8 ; breaker: 1,0 ] --> 0 0,01681203 0,001374722 0,08029664 0,08672464 0,1732838 0,2477407 0,2791092 
Absolute Error Mean: 0,1106677

[ p ;  jungle4 ; breaker: 1,0 ] --> 0,2 0,5 0,76 1,37 1,93 2,24 2,72 2,93 
