b;0;0,1580894;0,1273497;0,001384139;
s;0;0,0248943;0,1181658;0,1393083;
s;0;0,05220181;0,1456561;0,0633204;
s;0;0,04932874;0,1396944;0,05864024;0,1262423;0,1404233;0,01933408;0,04453778;0,1315651;0,2369702;0,3247736;0,4100637;0,3030834;0,3278055;0,3683577;0,5128551;0,3476243;0,5734148;0,6318264;0,5931149;0,6184192;0,7974138;0,696804;0,9020748;0,7666302;0,7404194;
s;0;0,003084838;0,07371873;0,0157268;0,01098621;0,04318714;0,1166184;0,1223958;0,06647825;0,1098723;0,1956029;0,2507386;0,144166;0,1437092;0,2109017;0,3004522;0,2596941;0,4573407;0,5465226;0,5138893;0,5115228;0,7199259;0,5665264;0,8255072;0,6869259;0,7318344;
s;0;0,02967274;0,1016477;0,04720628;0,008734465;0,04162169;0,1193738;0,150563;0,03205299;0,1018076;0,2590749;0,3441319;0,1601458;0,01785231;0,005885601;0,2397375;0,1545124;0,3285027;0,4407191;0,4365668;0,411706;0,6452022;0,5883055;0,790555;0,7317486;0,7262182;
s;0;9,117695;9,112651;8,854698;8,875447;9,07285;8,898579;9,09662;9,030366;9,198393;9,232601;9,33777;9,201324;9,247618;9,338772;9,531238;9,165758;9,489155;9,624087;9,611599;9,608356;9,789263;9,730134;9,938722;9,802052;9,920477;
s;0;0,02058327;0,02402252;0,05206788;0,1269405;0,1830516;0,285624;0,293911;0,1398523;0,09765744;0,0363698;0,01563597;0,04222822;0,02137327;0,06698179;0,1581774;0,1738319;0,3273387;0,4120216;0,3776016;0,3800006;0,5605202;0,4539766;0,6823025;0,5493603;0,5181341;
s;0;0,02980924;0,09794152;0,01749396;0,01505685;0,002844095;0,1252456;0,1305485;0,07868361;0,1473091;0,2568667;0,2636399;0,1744137;0,1695485;0,2315731;0,3280621;0,2426329;0,4398618;0,5238509;0,4932375;0,5139713;0,6936669;0,5610018;0,7877541;0,7553101;0,6984119;
s;0;0,0261842;0,04651648;0,03203619;0,1134665;0,06826162;0,1926107;0,1978011;0,03306365;0,01490569;0,06678271;0,09615183;0,01159;0,04143381;0,08325338;0,2002459;0,08525801;0,2634559;0,3260407;0,2923331;0,2892118;0,4429626;0,2876811;0,4925671;0,4065466;0,401309;
s;0;0,003873587;0,04527712;0,00862658;0,08994651;0,06534696;0,138371;0,1722183;0,01085877;0,03169703;0,1383975;0,168468;0,1061091;0,1283817;0,1913562;0,3055992;0,2083225;0,3826132;0,4628491;0,3979797;0,3989806;0,5711207;0,4171314;0,6462336;0,5578823;0,526371;
s;0;0,02710158;0,04599112;0,009616375;0,112071;0,1185915;0,274395;0,2281489;0,09398222;0,125051;0,01717854;0,04164267;0,1019411;0,09962082;0,08160734;0,06099939;0,05069017;0,177247;0,2106652;0,1518836;0,1537166;0,3071175;0,1506872;0,3809109;0,3003531;0,2457371;
s;0;0,00532949;0,04974961;0,0310775;0,08139932;0,06543922;0,170212;0,1552496;
s;0;0,002993643;0,1017387;0,0003179312;0,03177083;0,03740358;0,1652486;0,1767735;
s;0;0,02674639;0,06858665;0,06399739;0,1009214;0,1093373;0,1873837;0,2206266;
s;0;0,006209075;0,1233222;0,1044459;0,1287016;0,05639338;0,1795139;0,1875648;
s;0;0,002643883;0,07508433;0,05334628;0,1388624;0,1449604;0,3141117;0,2414138;
s;0;0,005414963;0,02318072;0,1585259;0,2378403;0,242397;0,3956163;0,4021716;
s;0;0,01855999;0,02838689;0,1240534;0,1805623;0,2139537;0,4165521;0,4246418;
s;0;0,004500628;0,02641147;0,1504434;0,2231245;0,2524152;0,4733071;0,4787955;
s;0;0,003369987;0,04323012;0,06414759;0,1217308;0,1060247;0,3375897;0,3218751;
s;0;0,0005061924;0,04355067;0,001501083;0,02484953;0,03021646;0,2287109;0,2131715;
b;0;0,07187018;0,05363399;0,1980115;0,5522792;0,3753372;0,1638136;0,2103791;
b;0;0,08408576;0,05352485;0,3785245;0,533209;0,4597205;0,1416612;0,05578613;0,1197064;0,08882999;0,1030295;0,3397288;0,4326472;0,4841151;0,6303782;1,284649;0,8966494;1,114729;1,205085;1,324912;1,53091;1,586334;1,554783;1,758142;2,035586;2,109692;
b;0;0,05488223;0,02328897;0,4096226;0,5375262;0,3126712;0,1836064;0,06460738;0,2259016;0,500891;0,5318801;0,587996;0,4034519;0,4531775;0,9472122;1,139507;0,8018365;1,105289;1,062878;0,900641;0,988266;1,2718;1,319281;1,550935;1,467424;1,742419;
b;0;0,0257659;0,1679717;0,1878828;0,4155273;0,5217463;0,7206664;0,5505807;0,2085052;0,168107;0,4315865;0,3595891;0,224978;0,1978164;0,211946;0,4335017;0,2621417;0,6873579;0,8973188;0,8067632;0,8800979;1,033297;1,024597;1,299896;1,264856;1,407809;
b;0;0,0214954;0,06880534;0,3126487;0,6470168;0,3728368;0,4998989;0,4565094;0,5235555;0,3226578;0,2365975;0,1826077;0,1363602;0,213407;0,2729535;0,04965925;0,3638434;0,3420577;0,08185101;0,09222984;0,1175137;0,1141148;0,1104374;0,6526022;0,5180283;0,6206684;
b;0;0,04447788;0,1303003;0,2222068;0,2699142;0,3482772;0,5966396;0,1702697;0,01135588;0,06736851;0,1072853;0,003277779;0,005905628;0,2298722;0,3964801;0,9507699;0,6083989;0,6813798;0,8682599;0,9885783;1,120107;1,472739;1,214911;1,346354;1,386209;1,681694;
b;0;0,05277729;0,2227198;0,1324713;0,3392756;0,1700573;0,4209979;0,4277327;0,2681422;0,05915713;0,1972864;0,2543364;0,1695523;0,09058332;0,03093767;0,3286409;0,2437682;0,6002288;0,7386308;0,6264038;0,4727278;0,8047409;1,161254;1,442183;1,562144;1,657411;
b;0;0,002852201;0,1070412;0,5123302;0,5359874;0,4607924;0,3816023;0,1388371;0,08434677;0,03450727;0,2154796;0,5418515;0,3044457;0,2572889;0,3707094;0,7011766;0,3643608;0,4395852;0,6002431;0,8217874;0,845715;0,9799757;0,7477865;0,9527149;1,197691;1,394332;
b;0;0,1081754;0,07959205;0,1211609;0,4526408;0,5358818;0,53843;0,3469205;0,158674;0,04258227;0,02724195;0,0446229;0,1747246;0,0009665489;0,1698399;0,4883413;0,4302025;0,6348906;0,7459459;0,7372704;0,9644117;1,065788;0,8835316;1,090608;1,109599;1,103189;
b;0;0,004873991;0,04916525;0,02543914;0,07867205;0,08291435;0,2833817;0,2653549;0,3275821;0,333818;0,3249149;0,293582;0,7319446;0,605392;0,51512;0,3214059;0,6621857;0,4113359;0,3252225;0,4107962;0,4355912;0,2051682;0,2598915;0,03398943;0,1466122;0,1042461;
b;0;0,007710218;0,05454582;0,03141999;0,0186106;0,0002000332;0,2489617;0,1793184;0,04243398;0,02020645;0,06675053;0,0970006;0,03536558;0,03519487;0,00467062;0,09925842;
b;0;0,002378613;0,04054475;0,006036043;0,1267344;0,1108196;0,3887694;0,3230562;0,1930637;0,1512275;0,1466608;0,1452506;0,3092885;0,3366537;0,2752533;0,1850233;
b;0;0,001435816;0,07153112;0,1155154;0,1147379;0,05870414;0,06822729;0,07502389;0,06115437;0,1120398;0,1760342;0,2052808;0,1698337;0,1402874;0,2003765;0,3167968;
b;0;0,024441;0,06636149;0,03680658;0,0193193;0,0002536774;0,2281709;0,159415;0,0001730919;0,01736116;0,07437325;0,08006239;0,1363959;0,1648059;0,1024809;0,03394413;
b;0;0,03148931;0,1042054;0,01904666;0,06960905;0,02146673;0,2520525;0,1823604;0,02326846;0,02787757;0,05522323;0,05700016;0,1022863;0,1025386;0,06123686;0,08196831;
b;0;0,02732694;0,09604371;0,004747987;0,05578697;0,08683228;0,2639706;0,2415738;0,08307314;0,03612328;0,05022478;0,08510923;0,02283049;0,04765415;0,04403114;0,165699;
b;0;0,01835895;0,00136745;0,07608747;0,2260505;0,2310846;0,5058291;0,43291;0,3241019;0,3559747;0,3207467;0,3195183;0,454814;0,4587202;0,4218025;0,2777109;
b;0;0,005156457;0,07320774;0,02256322;0,08745193;0,09373379;0,2990291;0,2835581;0,1013179;0,1095376;0,0728662;0,09646511;0,3320394;0,3838348;0,1707907;0,05183077;
b;0;0,02854449;0,02307975;0,2818886;0,3052361;0,3596635;0,5828712;0,5639942;0,3988817;0,4018667;0,3644693;0,3482399;0,5067015;0,4819002;0,4171104;0,2955327;
b;0;0,05936128;0,08275121;0,06700516;0,08727074;0,08983016;0,2862504;0,2135921;0,05007958;0,001522303;0,06180501;0,07213163;0,1111789;0,08373547;0,06719637;0,0762291;
s;0;0,00693959;0,07639879;0,08091784;0,0272634;0,02218866;0,127146;0,1098521;0,04833198;0,04087043;0,07374954;0,07688189;0,1087966;0,05757141;0,06564474;0,05405903;
s;0;0,02329138;0,02298445;0,01813102;0,05585873;0,08789492;0,3184538;0,3028374;0,1732435;0,1083672;0,1017058;0,01923227;0,1336446;0,1386952;0,1043119;0,01600695;
s;0;0,003050864;0,1130371;0,03532517;0,03710961;0,04437184;0,1943314;0,1792939;0,04583955;0,07596803;0,009089947;0,041224;0,09037399;0,08775091;0,02669334;0,09034443;
s;0;0,02599001;0,07111508;0,01506829;0,06537879;0,05043054;0,1533709;0,1634605;0,02950168;0,0138011;0,01823235;0,04735804;0,03870249;0,0445528;0,01480389;0,1074538;
s;0;0,01951838;0,05305624;0,02548444;0,03079629;0,04130864;0,1095729;0,09054446;0,07064915;0,1171365;0,2287357;0,2815309;0,1967516;0,2243996;0,2647986;0,3830729;
s;0;0,02988034;0,1224219;0,04244936;0,03441262;0,04023957;0,2163012;0,1974232;0,0879879;0,09624815;0,03784561;0,008144379;0,1160841;0,1171794;0,07565117;0,04484653;
s;0;0,003056228;0,02250493;0,05591869;0,1336176;0,1122353;0,2323027;0,2376559;0,1028097;0,0813849;0,04615831;0,03877258;0,1457744;0,0241046;0,007578373;0,1362305;
s;0;0,00627166;0,05266249;0,02405179;0,1023421;0,03330946;0,2110314;0,2158787;0,08303928;0,09419632;0,05882597;0,05251312;0,2118163;0,1836071;0,1701527;0,07680082;
s;0;0,02789652;0,07325375;0,02427649;0,07567036;0,006834745;0,1580012;0,1696754;0,009576082;0,01410174;0,04872584;0,05616903;0,1526651;0,1798396;0,1889806;0,09883404;
s;0;0,1210095;0,09873843;0,3799207;0,7088976;0,5365312;0,662353;0,6185052;0,4567499;0,4093988;0,3735964;0,265306;0,3736224;0,3696313;0,333271;0,213017;
b;0;0,0183951;0,02475017;0,1054591;0,413923;0,2711486;0,3460455;0,2798903;
b;0;0,005378246;0,04798025;0,0006426573;0,003782868;0,0237968;0,1287489;0,1142936;
b;0;0,004325211;0,04790419;0,0270133;0,001898527;0,05898976;0,1563816;0,1645305;
b;0;0,045825;0,002182424;0,04563594;0,09572744;0,07358551;0,2734742;0,2553487;
b;0;0,03150213;0,132219;0,1410828;0,120994;0,1165853;0,1303611;0,05975604;
b;0;0,02182129;0,04938704;0,004428625;0,0522784;0,1076713;0,3105099;0,2377501;
b;0;0,02995771;0,0741446;0,1026143;0,1057559;0,07883668;0,06897521;0,05010653;
b;0;0,008286059;0,05610979;0,03613448;0,06324184;0,009084225;0,1433141;0,1243134;
b;0;0,003025532;0,101104;0,02923727;0,04876709;0,05073619;0,2481611;0,2320209;
b;0;0,05063444;0,06813365;0,1602314;0,08948398;0,124393;0,330626;0,1077697;
