
NEW RESULT

[ p ;  jungle4 ; breaker: 1,0 ] --> 0,2 0,5 0,76 1,37 
[ b ;  jungle4 ; breaker: 1,0 ] --> 0,2 0,6580894 0,8873497 1,368616 
[ e ;  jungle4 ; breaker: 1,0 ] --> 0 0,1580894 0,1273497 0,001384139 
Absolute Error Mean: 0,07170582

[ p ;  jungle4 ; breaker: 1,0 ] --> 0,2 0,5 0,76 1,37 
[ s ;  jungle4 ; breaker: 1,0 ] --> 0,2 0,5248943 0,8781658 1,509308 1,840125 14,39124 14,7662 15,32526 19,59305 19,84657 20,02167 20,22486 20,42551 20,60323 20,80792 21,01068 21,21414 21,41863 
[ e ;  jungle4 ; breaker: 1,0 ] --> 0 0,0248943 0,1181658 0,1393083 
Absolute Error Mean: 0,07059211

[ p ;  jungle26 ; breaker: 1,0 ] --> 0,2 0,5 0,76 1,37 
[ s ;  jungle26 ; breaker: 1,0 ] --> 0,2 0,5522018 0,9056561 1,43332 2,136266 2,442471 2,871773 3,075275 3,472955 3,798976 4,14958 4,503027 4,908764 5,258802 5,611241 5,837233 6,368004 6,768975 7,099269 7,427605 7,757048 8,088057 8,367579 8,753108 9,008319 9,366005 9,594366 12,5721 12,74993 
[ e ;  jungle26 ; breaker: 1,0 ] --> 0 0,05220181 0,1456561 0,0633204 
Absolute Error Mean: 0,06529458

[ p ;  jungle26 ; breaker: 1,0 ] --> 0,2 0,5 0,76 1,37 1,93 2,24 2,72 2,93 3,2 3,51 3,78 4,08 4,57 4,9 5,19 5,3 5,92 6,1 6,37 6,76 7,09 7,24 7,7 7,8 8,24 8,5 
[ s ;  jungle26 ; breaker: 1,0 ] --> 0,2 0,5493287 0,8996944 1,42864 2,056242 2,380423 2,739334 2,974538 3,331565 3,74697 4,104774 4,490064 4,873084 5,227806 5,558358 5,812855 6,267624 6,673415 7,001826 7,353115 7,708419 8,037414 8,396804 8,702075 9,00663 9,240419 
[ e ;  jungle26 ; breaker: 1,0 ] --> 0 0,04932874 0,1396944 0,05864024 0,1262423 0,1404233 0,01933408 0,04453778 0,1315651 0,2369702 0,3247736 0,4100637 0,3030834 0,3278055 0,3683577 0,5128551 0,3476243 0,5734148 0,6318264 0,5931149 0,6184192 0,7974138 0,696804 0,9020748 0,7666302 0,7404194 
Absolute Error Mean: 0,3792853

[ p ;  jungle26 ; breaker: 1,0 ] --> 0,2 0,5 0,76 1,37 1,93 2,24 2,72 2,93 3,2 3,51 3,78 4,08 4,57 4,9 5,19 5,3 5,92 6,1 6,37 6,76 7,09 7,24 7,7 7,8 8,24 8,5 
[ s ;  jungle26 ; breaker: 1,0 ] --> 0,2 0,5030848 0,8337187 1,385727 1,919014 2,196813 2,603382 2,807604 3,266478 3,619872 3,975603 4,330739 4,714166 5,043709 5,400902 5,600452 6,179694 6,557341 6,916523 7,27389 7,601523 7,959926 8,266526 8,625507 8,926926 9,231834 
[ e ;  jungle26 ; breaker: 1,0 ] --> 0 0,003084838 0,07371873 0,0157268 0,01098621 0,04318714 0,1166184 0,1223958 0,06647825 0,1098723 0,1956029 0,2507386 0,144166 0,1437092 0,2109017 0,3004522 0,2596941 0,4573407 0,5465226 0,5138893 0,5115228 0,7199259 0,5665264 0,8255072 0,6869259 0,7318344 
Absolute Error Mean: 0,2933588

[ p ;  jungle26 ; breaker: 1,0 ] --> 0,2 0,5 0,76 1,37 1,93 2,24 2,72 2,93 3,2 3,51 3,78 4,08 4,57 4,9 5,19 5,3 5,92 6,1 6,37 6,76 7,09 7,24 7,7 7,8 8,24 8,5 
[ s ;  jungle26 ; breaker: 1,0 ] --> 0,2 0,5296727 0,8616477 1,417206 1,921265 2,198378 2,600626 2,779437 3,232053 3,611808 4,039075 4,424132 4,730146 4,882148 5,184114 5,539738 6,074512 6,428503 6,810719 7,196567 7,501706 7,885202 8,288305 8,590555 8,971748 9,226218 
[ e ;  jungle26 ; breaker: 1,0 ] --> 0 0,02967274 0,1016477 0,04720628 0,008734465 0,04162169 0,1193738 0,150563 0,03205299 0,1018076 0,2590749 0,3441319 0,1601458 0,01785231 0,005885601 0,2397375 0,1545124 0,3285027 0,4407191 0,4365668 0,411706 0,6452022 0,5883055 0,790555 0,7317486 0,7262182 
Absolute Error Mean: 0,2659056

[ p ;  jungle26 ; breaker: 1,0 ] --> 0,2 0,5 0,76 1,37 1,93 2,24 2,72 2,93 3,2 3,51 3,78 4,08 4,57 4,9 5,19 5,3 5,92 6,1 6,37 6,76 7,09 7,24 7,7 7,8 8,24 8,5 
[ s ;  jungle26 ; breaker: 1,0 ] --> 0,2 9,617695 9,872651 10,2247 10,80545 11,31285 11,61858 12,02662 12,23037 12,70839 13,0126 13,41777 13,77132 14,14762 14,52877 14,83124 15,08576 15,58916 15,99409 16,3716 16,69836 17,02926 17,43013 17,73872 18,04205 18,42048 18,6254 
[ e ;  jungle26 ; breaker: 1,0 ] --> 0 9,117695 9,112651 8,854698 8,875447 9,07285 8,898579 9,09662 9,030366 9,198393 9,232601 9,33777 9,201324 9,247618 9,338772 9,531238 9,165758 9,489155 9,624087 9,611599 9,608356 9,789263 9,730134 9,938722 9,802052 9,920477 
Absolute Error Mean: 8,993316

[ p ;  jungle26 ; breaker: 1,0 ] --> 0,2 0,5 0,76 1,37 1,93 2,24 2,72 2,93 3,2 3,51 3,78 4,08 4,57 4,9 5,19 5,3 5,92 6,1 6,37 6,76 7,09 7,24 7,7 7,8 8,24 8,5 
[ s ;  jungle26 ; breaker: 1,0 ] --> 0,2 0,4794167 0,7840225 1,317932 1,803059 2,056948 2,434376 2,636089 3,060148 3,412343 3,74363 4,095636 4,527772 4,878627 5,256982 5,458178 6,093832 6,427339 6,782022 7,137602 7,470001 7,80052 8,153976 8,482303 8,78936 9,018134 
[ e ;  jungle26 ; breaker: 1,0 ] --> 0 0,02058327 0,02402252 0,05206788 0,1269405 0,1830516 0,285624 0,293911 0,1398523 0,09765744 0,0363698 0,01563597 0,04222822 0,02137327 0,06698179 0,1581774 0,1738319 0,3273387 0,4120216 0,3776016 0,3800006 0,5605202 0,4539766 0,6823025 0,5493603 0,5181341 
Absolute Error Mean: 0,2307525

[ p ;  jungle26 ; breaker: 1,0 ] --> 0,2 0,5 0,76 1,37 1,93 2,24 2,72 2,93 3,2 3,51 3,78 4,08 4,57 4,9 5,19 5,3 5,92 6,1 6,37 6,76 7,09 7,24 7,7 7,8 8,24 8,5 
[ s ;  jungle26 ; breaker: 1,0 ] --> 0,2 0,5298092 0,8579415 1,387494 1,914943 2,242844 2,594754 2,799452 3,278684 3,657309 4,036867 4,34364 4,744414 5,069549 5,421573 5,628062 6,162633 6,539862 6,893851 7,253238 7,603971 7,933667 8,261002 8,587754 8,99531 9,198412 
[ e ;  jungle26 ; breaker: 1,0 ] --> 0 0,02980924 0,09794152 0,01749396 0,01505685 0,002844095 0,1252456 0,1305485 0,07868361 0,1473091 0,2568667 0,2636399 0,1744137 0,1695485 0,2315731 0,3280621 0,2426329 0,4398618 0,5238509 0,4932375 0,5139713 0,6936669 0,5610018 0,7877541 0,7553101 0,6984119 
Absolute Error Mean: 0,2991821

[ p ;  jungle26 ; breaker: 1,0 ] --> 0,2 0,5 0,76 1,37 1,93 2,24 2,72 2,93 3,2 3,51 3,78 4,08 4,57 4,9 5,19 5,3 5,92 6,1 6,37 6,76 7,09 7,24 7,7 7,8 8,24 8,5 
[ s ;  jungle26 ; breaker: 1,0 ] --> 0,2 0,5261842 0,8065165 1,337964 1,816533 2,171738 2,527389 2,732199 3,166936 3,495094 3,846783 4,176152 4,55841 4,941434 5,273253 5,500246 6,005258 6,363456 6,696041 7,052333 7,379212 7,682962 7,987681 8,292567 8,646546 8,901309 
[ e ;  jungle26 ; breaker: 1,0 ] --> 0 0,0261842 0,04651648 0,03203619 0,1134665 0,06826162 0,1926107 0,1978011 0,03306365 0,01490569 0,06678271 0,09615183 0,01159 0,04143381 0,08325338 0,2002459 0,08525801 0,2634559 0,3260407 0,2923331 0,2892118 0,4429626 0,2876811 0,4925671 0,4065466 0,401309 
Absolute Error Mean: 0,1735258

[ p ;  jungle26 ; breaker: 1,0 ] --> 0,2 0,5 0,76 1,37 1,93 2,24 2,72 2,93 3,2 3,51 3,78 4,08 4,57 4,9 5,19 5,3 5,92 6,1 6,37 6,76 7,09 7,24 7,7 7,8 8,24 8,5 
[ s ;  jungle26 ; breaker: 1,0 ] --> 0,2 0,5038736 0,8052771 1,361373 1,840053 2,174653 2,581629 2,757782 3,189141 3,541697 3,918397 4,248468 4,676109 5,028382 5,381356 5,605599 6,128323 6,482613 6,832849 7,15798 7,488981 7,811121 8,117131 8,446234 8,797882 9,026371 
[ e ;  jungle26 ; breaker: 1,0 ] --> 0 0,003873587 0,04527712 0,00862658 0,08994651 0,06534696 0,138371 0,1722183 0,01085877 0,03169703 0,1383975 0,168468 0,1061091 0,1283817 0,1913562 0,3055992 0,2083225 0,3826132 0,4628491 0,3979797 0,3989806 0,5711207 0,4171314 0,6462336 0,5578823 0,526371 
Absolute Error Mean: 0,237462

[ p ;  jungle26 ; breaker: 1,0 ] --> 0,2 0,5 0,76 1,37 1,93 2,24 2,72 2,93 3,2 3,51 3,78 4,08 4,57 4,9 5,19 5,3 5,92 6,1 6,37 6,76 7,09 7,24 7,7 7,8 8,24 8,5 
[ s ;  jungle26 ; breaker: 1,0 ] --> 0,2 0,5271016 0,8059911 1,360384 1,817929 2,121408 2,445605 2,701851 3,106018 3,384949 3,762821 4,038357 4,468059 4,800379 5,108393 5,361 5,86931 6,277247 6,580665 6,911884 7,243717 7,547117 7,850687 8,180911 8,540353 8,745737 
[ e ;  jungle26 ; breaker: 1,0 ] --> 0 0,02710158 0,04599112 0,009616375 0,112071 0,1185915 0,274395 0,2281489 0,09398222 0,125051 0,01717854 0,04164267 0,1019411 0,09962082 0,08160734 0,06099939 0,05069017 0,177247 0,2106652 0,1518836 0,1537166 0,3071175 0,1506872 0,3809109 0,3003531 0,2457371 
Absolute Error Mean: 0,1371903

[ p ;  jungle8 ; breaker: 1,0 ] --> 0,2 0,5 0,76 1,37 1,93 2,24 2,72 2,93 3,2 3,51 3,78 4,08 4,57 4,9 5,19 5,3 5,92 6,1 6,37 6,76 7,09 7,24 7,7 7,8 8,24 8,5 
[ s ;  jungle8 ; breaker: 1,0 ] --> 0,2 0,5053295 0,8097496 1,338923 1,848601 2,174561 2,549788 2,77475 
[ e ;  jungle8 ; breaker: 1,0 ] --> 0 0,00532949 0,04974961 0,0310775 0,08139932 0,06543922 0,170212 0,1552496 
Absolute Error Mean: 4,108017

[ p ;  jungle8 ; breaker: 1,0 ] --> 0,2 0,5 0,76 1,37 1,93 2,24 2,72 2,93 
[ s ;  jungle8 ; breaker: 1,0 ] --> 0,2 0,5029936 0,8617387 1,369682 1,898229 2,202596 2,554751 2,753227 
[ e ;  jungle8 ; breaker: 1,0 ] --> 0 0,002993643 0,1017387 0,0003179312 0,03177083 0,03740358 0,1652486 0,1767735 
Absolute Error Mean: 0,06453086

[ p ;  jungle8 ; breaker: 1,0 ] --> 0,2 0,5 0,76 1,37 1,93 2,24 2,72 2,93 
[ s ;  jungle8 ; breaker: 1,0 ] --> 0,2 0,5267464 0,8285866 1,306003 1,829079 2,130663 2,532616 2,709373 
[ e ;  jungle8 ; breaker: 1,0 ] --> 0 0,02674639 0,06858665 0,06399739 0,1009214 0,1093373 0,1873837 0,2206266 
Absolute Error Mean: 0,09719992

[ p ;  jungle8 ; breaker: 1,0 ] --> 0,2 0,5 0,76 1,37 1,93 2,24 2,72 2,93 
[ s ;  jungle8 ; breaker: 1,0 ] --> 0,2 0,5062091 0,8833222 1,265554 1,801298 2,183607 2,540486 2,742435 
[ e ;  jungle8 ; breaker: 1,0 ] --> 0 0,006209075 0,1233222 0,1044459 0,1287016 0,05639338 0,1795139 0,1875648 
Absolute Error Mean: 0,09826887

[ p ;  jungle8 ; breaker: 1,0 ] --> 0,2 0,5 0,76 1,37 1,93 2,24 2,72 2,93 
[ s ;  jungle8 ; breaker: 1,0 ] --> 0,2 0,5026439 0,8350843 1,316654 1,791138 2,09504 2,405888 2,688586 
[ e ;  jungle8 ; breaker: 1,0 ] --> 0 0,002643883 0,07508433 0,05334628 0,1388624 0,1449604 0,3141117 0,2414138 
Absolute Error Mean: 0,1213029

[ p ;  jungle8 ; breaker: 1,0 ] --> 0,2 0,5 0,76 1,37 1,93 2,24 2,72 2,93 
[ s ;  jungle8 ; breaker: 1,0 ] --> 0,2 0,505415 0,7831807 1,211474 1,69216 1,997603 2,324384 2,527828 
[ e ;  jungle8 ; breaker: 1,0 ] --> 0 0,005414963 0,02318072 0,1585259 0,2378403 0,242397 0,3956163 0,4021716 
Absolute Error Mean: 0,1831433

[ p ;  jungle8 ; breaker: 1,0 ] --> 0,2 0,5 0,76 1,37 1,93 2,24 2,72 2,93 
[ s ;  jungle8 ; breaker: 1,0 ] --> 0,2 0,48144 0,7883869 1,245947 1,749438 2,026046 2,303448 2,505358 
[ e ;  jungle8 ; breaker: 1,0 ] --> 0 0,01855999 0,02838689 0,1240534 0,1805623 0,2139537 0,4165521 0,4246418 
Absolute Error Mean: 0,1758388

[ p ;  jungle8 ; breaker: 1,0 ] --> 0,2 0,5 0,76 1,37 1,93 2,24 2,72 2,93 
[ s ;  jungle8 ; breaker: 1,0 ] --> 0,2 0,5045006 0,7864115 1,219557 1,706875 1,987585 2,246693 2,451205 
[ e ;  jungle8 ; breaker: 1,0 ] --> 0 0,004500628 0,02641147 0,1504434 0,2231245 0,2524152 0,4733071 0,4787955 
Absolute Error Mean: 0,2011247

[ p ;  jungle8 ; breaker: 1,0 ] --> 0,2 0,5 0,76 1,37 1,93 2,24 2,72 2,93 
[ s ;  jungle8 ; breaker: 1,0 ] --> 0,2 0,50337 0,8032301 1,305852 1,808269 2,133975 2,38241 2,608125 
[ e ;  jungle8 ; breaker: 1,0 ] --> 0 0,003369987 0,04323012 0,06414759 0,1217308 0,1060247 0,3375897 0,3218751 
Absolute Error Mean: 0,124746

[ p ;  jungle8 ; breaker: 1,0 ] --> 0,2 0,5 0,76 1,37 1,93 2,24 2,72 2,93 
[ s ;  jungle8 ; breaker: 1,0 ] --> 0,2 0,4994938 0,8035507 1,368499 1,90515 2,209784 2,491289 2,716829 
[ e ;  jungle8 ; breaker: 1,0 ] --> 0 0,0005061924 0,04355067 0,001501083 0,02484953 0,03021646 0,2287109 0,2131715 
Absolute Error Mean: 0,06781329

[ p ;  jungle26 ; breaker: 1,0 ] --> 0,2 0,5 0,76 1,37 1,93 2,24 2,72 2,93 
[ b ;  jungle26 ; breaker: 1,0 ] --> 0,2 0,4281298 0,813634 1,171988 1,377721 1,864663 2,556186 3,140379 3,623632 4,07854 4,332529 4,535937 4,951065 5,310691 5,792839 6,06871 6,301586 6,712889 7,17496 7,458614 7,71367 7,92008 8,380496 8,739593 9,126451 9,534382 
[ e ;  jungle26 ; breaker: 1,0 ] --> 0 0,07187018 0,05363399 0,1980115 0,5522792 0,3753372 0,1638136 0,2103791 
Absolute Error Mean: 0,2031656

[ p ;  jungle26 ; breaker: 1,0 ] --> 0,2 0,5 0,76 1,37 1,93 2,24 2,72 2,93 3,2 3,51 3,78 4,08 4,57 4,9 5,19 5,3 5,92 6,1 6,37 6,76 7,09 7,24 7,7 7,8 8,24 8,5 
[ b ;  jungle26 ; breaker: 1,0 ] --> 0,2 0,5840858 0,8135248 0,9914755 1,396791 1,78028 2,578339 2,985786 3,319706 3,42117 3,67697 4,419729 5,002647 5,384115 5,820378 6,584649 6,816649 7,214729 7,575085 8,084912 8,62091 8,826334 9,254783 9,558142 10,27559 10,60969 
[ e ;  jungle26 ; breaker: 1,0 ] --> 0 0,08408576 0,05352485 0,3785245 0,533209 0,4597205 0,1416612 0,05578613 0,1197064 0,08882999 0,1030295 0,3397288 0,4326472 0,4841151 0,6303782 1,284649 0,8966494 1,114729 1,205085 1,324912 1,53091 1,586334 1,554783 1,758142 2,035586 2,109692 
Absolute Error Mean: 0,7810161

[ p ;  jungle26 ; breaker: 1,0 ] --> 0,2 0,5 0,76 1,37 1,93 2,24 2,72 2,93 3,2 3,51 3,78 4,08 4,57 4,9 5,19 5,3 5,92 6,1 6,37 6,76 7,09 7,24 7,7 7,8 8,24 8,5 
[ b ;  jungle26 ; breaker: 1,0 ] --> 0,2 0,5548822 0,783289 0,9603775 1,392474 1,927329 2,536394 2,994607 3,425902 4,010891 4,31188 4,667996 4,973452 5,353178 6,137212 6,439507 6,721837 7,205289 7,432878 7,660641 8,078266 8,5118 9,01928 9,350935 9,707424 10,24242 
[ e ;  jungle26 ; breaker: 1,0 ] --> 0 0,05488223 0,02328897 0,4096226 0,5375262 0,3126712 0,1836064 0,06460738 0,2259016 0,500891 0,5318801 0,587996 0,4034519 0,4531775 0,9472122 1,139507 0,8018365 1,105289 1,062878 0,900641 0,988266 1,2718 1,319281 1,550935 1,467424 1,742419 
Absolute Error Mean: 0,7148842

[ p ;  jungle26 ; breaker: 1,0 ] --> 0,2 0,5 0,76 1,37 1,93 2,24 2,72 2,93 3,2 3,51 3,78 4,08 4,57 4,9 5,19 5,3 5,92 6,1 6,37 6,76 7,09 7,24 7,7 7,8 8,24 8,5 
[ b ;  jungle26 ; breaker: 1,0 ] --> 0,2 0,4742341 0,9279717 1,182117 1,514473 1,718254 1,999334 2,379419 2,991495 3,678107 4,211586 4,439589 4,794978 5,097816 5,401946 5,733502 6,182142 6,787358 7,267319 7,566763 7,970098 8,273296 8,724597 9,099896 9,504856 9,907809 
[ e ;  jungle26 ; breaker: 1,0 ] --> 0 0,0257659 0,1679717 0,1878828 0,4155273 0,5217463 0,7206664 0,5505807 0,2085052 0,168107 0,4315865 0,3595891 0,224978 0,1978164 0,211946 0,4335017 0,2621417 0,6873579 0,8973188 0,8067632 0,8800979 1,033297 1,024597 1,299896 1,264856 1,407809 
Absolute Error Mean: 0,5534733

[ p ;  jungle26 ; breaker: 1,0 ] --> 0,2 0,5 0,76 1,37 1,93 2,24 2,72 2,93 3,2 3,51 3,78 4,08 4,57 4,9 5,19 5,3 5,92 6,1 6,37 6,76 7,09 7,24 7,7 7,8 8,24 8,5 
[ b ;  jungle26 ; breaker: 1,0 ] --> 0,2 0,4785046 0,8288053 1,057351 1,282983 1,867163 2,220101 2,473491 2,676445 3,187342 3,543402 3,897392 4,43364 4,686593 4,917047 5,250341 5,556157 5,757942 6,288149 6,66777 6,972486 7,354115 7,810437 8,452602 8,758028 9,120668 
[ e ;  jungle26 ; breaker: 1,0 ] --> 0 0,0214954 0,06880534 0,3126487 0,6470168 0,3728368 0,4998989 0,4565094 0,5235555 0,3226578 0,2365975 0,1826077 0,1363602 0,213407 0,2729535 0,04965925 0,3638434 0,3420577 0,08185101 0,09222984 0,1175137 0,1141148 0,1104374 0,6526022 0,5180283 0,6206684 
Absolute Error Mean: 0,2819368

[ p ;  jungle26 ; breaker: 1,0 ] --> 0,2 0,5 0,76 1,37 1,93 2,24 2,72 2,93 3,2 3,51 3,78 4,08 4,57 4,9 5,19 5,3 5,92 6,1 6,37 6,76 7,09 7,24 7,7 7,8 8,24 8,5 
[ b ;  jungle26 ; breaker: 1,0 ] --> 0,2 0,4555221 0,8903003 1,147793 1,660086 1,891723 2,12336 2,75973 3,188644 3,442631 3,672715 4,076722 4,564095 5,129872 5,58648 6,25077 6,528399 6,78138 7,23826 7,748579 8,210107 8,712739 8,91491 9,146355 9,626209 10,18169 
[ e ;  jungle26 ; breaker: 1,0 ] --> 0 0,04447788 0,1303003 0,2222068 0,2699142 0,3482772 0,5966396 0,1702697 0,01135588 0,06736851 0,1072853 0,003277779 0,005905628 0,2298722 0,3964801 0,9507699 0,6083989 0,6813798 0,8682599 0,9885783 1,120107 1,472739 1,214911 1,346354 1,386209 1,681694 
Absolute Error Mean: 0,5739627

[ p ;  jungle26 ; breaker: 1,0 ] --> 0,2 0,5 0,76 1,37 1,93 2,24 2,72 2,93 3,2 3,51 3,78 4,08 4,57 4,9 5,19 5,3 5,92 6,1 6,37 6,76 7,09 7,24 7,7 7,8 8,24 8,5 
[ b ;  jungle26 ; breaker: 1,0 ] --> 0,2 0,5527773 0,9827198 1,237529 1,590724 2,069943 2,299002 2,502267 2,931858 3,569157 3,977286 4,334336 4,739552 4,990583 5,220938 5,628641 6,163768 6,700229 7,108631 7,386404 7,562728 8,044741 8,861254 9,242183 9,802144 10,15741 
[ e ;  jungle26 ; breaker: 1,0 ] --> 0 0,05277729 0,2227198 0,1324713 0,3392756 0,1700573 0,4209979 0,4277327 0,2681422 0,05915713 0,1972864 0,2543364 0,1695523 0,09058332 0,03093767 0,3286409 0,2437682 0,6002288 0,7386308 0,6264038 0,4727278 0,8047409 1,161254 1,442183 1,562144 1,657411 
Absolute Error Mean: 0,4797754

[ p ;  jungle26 ; breaker: 1,0 ] --> 0,2 0,5 0,76 1,37 1,93 2,24 2,72 2,93 3,2 3,51 3,78 4,08 4,57 4,9 5,19 5,3 5,92 6,1 6,37 6,76 7,09 7,24 7,7 7,8 8,24 8,5 
[ b ;  jungle26 ; breaker: 1,0 ] --> 0,2 0,5028522 0,6529588 0,8576698 1,394013 1,779208 2,338398 2,791163 3,115653 3,544507 3,99548 4,621851 4,874446 5,157289 5,560709 6,001177 6,284361 6,539585 6,970243 7,581788 7,935715 8,219975 8,447786 8,752715 9,437691 9,894332 
[ e ;  jungle26 ; breaker: 1,0 ] --> 0 0,002852201 0,1070412 0,5123302 0,5359874 0,4607924 0,3816023 0,1388371 0,08434677 0,03450727 0,2154796 0,5418515 0,3044457 0,2572889 0,3707094 0,7011766 0,3643608 0,4395852 0,6002431 0,8217874 0,845715 0,9799757 0,7477865 0,9527149 1,197691 1,394332 
Absolute Error Mean: 0,4997477

[ p ;  jungle26 ; breaker: 1,0 ] --> 0,2 0,5 0,76 1,37 1,93 2,24 2,72 2,93 3,2 3,51 3,78 4,08 4,57 4,9 5,19 5,3 5,92 6,1 6,37 6,76 7,09 7,24 7,7 7,8 8,24 8,5 
[ b ;  jungle26 ; breaker: 1,0 ] --> 0,2 0,6081754 0,839592 1,248839 1,477359 1,704118 2,18157 2,58308 3,041326 3,552582 3,807242 4,035377 4,395276 4,900967 5,35984 5,788342 6,350203 6,73489 7,115946 7,497271 8,054412 8,305788 8,583531 8,890608 9,349599 9,603189 
[ e ;  jungle26 ; breaker: 1,0 ] --> 0 0,1081754 0,07959205 0,1211609 0,4526408 0,5358818 0,53843 0,3469205 0,158674 0,04258227 0,02724195 0,0446229 0,1747246 0,0009665489 0,1698399 0,4883413 0,4302025 0,6348906 0,7459459 0,7372704 0,9644117 1,065788 0,8835316 1,090608 1,109599 1,103189 
Absolute Error Mean: 0,4636628

[ p ;  jungle26 ; breaker: 1,0 ] --> 0,2 0,5 0,76 1,37 1,93 2,24 2,72 2,93 3,2 3,51 3,78 4,08 4,57 4,9 5,19 5,3 5,92 6,1 6,37 6,76 7,09 7,24 7,7 7,8 8,24 8,5 
[ b ;  jungle26 ; breaker: 1,0 ] --> 0,2 0,504874 0,8091652 1,344561 1,851328 2,157086 2,436618 2,664645 2,872418 3,176182 3,455085 3,786418 3,838056 4,294608 4,67488 4,978594 5,257814 5,688664 6,044777 6,349204 6,654409 7,034832 7,440108 7,766011 8,093388 8,395754 
[ e ;  jungle26 ; breaker: 1,0 ] --> 0 0,004873991 0,04916525 0,02543914 0,07867205 0,08291435 0,2833817 0,2653549 0,3275821 0,333818 0,3249149 0,293582 0,7319446 0,605392 0,51512 0,3214059 0,6621857 0,4113359 0,3252225 0,4107962 0,4355912 0,2051682 0,2598915 0,03398943 0,1466122 0,1042461 
Absolute Error Mean: 0,2784077

[ p ;  jungle16 ; breaker: 1,0 ] --> 0,2 0,5 0,76 1,37 1,93 2,24 2,72 2,93 3,2 3,51 3,78 4,08 4,57 4,9 5,19 5,3 5,92 6,1 6,37 6,76 7,09 7,24 7,7 7,8 8,24 8,5 
[ b ;  jungle16 ; breaker: 1,0 ] --> 0,2 0,5077102 0,8145458 1,40142 1,911389 2,2402 2,471038 2,750682 3,157566 3,489794 3,84675 4,177001 4,534635 4,864805 5,194671 5,399259 
[ e ;  jungle16 ; breaker: 1,0 ] --> 0 0,007710218 0,05454582 0,03141999 0,0186106 0,0002000332 0,2489617 0,1793184 0,04243398 0,02020645 0,06675053 0,0970006 0,03536558 0,03519487 0,00467062 0,09925842 
Absolute Error Mean: 2,794679

[ p ;  jungle16 ; breaker: 1,0 ] --> 0,2 0,5 0,76 1,37 1,93 2,24 2,72 2,93 3,2 3,51 3,78 4,08 4,57 4,9 5,19 5,3 
[ b ;  jungle16 ; breaker: 1,0 ] --> 0,2 0,4976214 0,8005447 1,376036 1,803266 2,12918 2,331231 2,606944 3,006936 3,358773 3,633339 3,934749 4,260712 4,563346 4,914747 5,114977 
[ e ;  jungle16 ; breaker: 1,0 ] --> 0 0,002378613 0,04054475 0,006036043 0,1267344 0,1108196 0,3887694 0,3230562 0,1930637 0,1512275 0,1466608 0,1452506 0,3092885 0,3366537 0,2752533 0,1850233 
Absolute Error Mean: 0,1712975

[ p ;  jungle16 ; breaker: 1,0 ] --> 0,2 0,5 0,76 1,37 1,93 2,24 2,72 2,93 3,2 3,51 3,78 4,08 4,57 4,9 5,19 5,3 
[ b ;  jungle16 ; breaker: 1,0 ] --> 0,2 0,5014358 0,8315311 1,485515 2,044738 2,298704 2,651773 2,854976 3,261154 3,62204 3,956034 4,285281 4,739834 5,040287 5,390377 5,616797 
[ e ;  jungle16 ; breaker: 1,0 ] --> 0 0,001435816 0,07153112 0,1155154 0,1147379 0,05870414 0,06822729 0,07502389 0,06115437 0,1120398 0,1760342 0,2052808 0,1698337 0,1402874 0,2003765 0,3167968 
Absolute Error Mean: 0,1179362

[ p ;  jungle16 ; breaker: 1,0 ] --> 0,2 0,5 0,76 1,37 1,93 2,24 2,72 2,93 3,2 3,51 3,78 4,08 4,57 4,9 5,19 5,3 
[ b ;  jungle16 ; breaker: 1,0 ] --> 0,2 0,524441 0,8263615 1,406807 1,910681 2,240254 2,491829 2,770585 3,200173 3,527361 3,854373 4,160062 4,433604 4,735194 5,087519 5,266056 
[ e ;  jungle16 ; breaker: 1,0 ] --> 0 0,024441 0,06636149 0,03680658 0,0193193 0,0002536774 0,2281709 0,159415 0,0001730919 0,01736116 0,07437325 0,08006239 0,1363959 0,1648059 0,1024809 0,03394413 
Absolute Error Mean: 0,07152279

[ p ;  jungle16 ; breaker: 1,0 ] --> 0,2 0,5 0,76 1,37 1,93 2,24 2,72 2,93 3,2 3,51 3,78 4,08 4,57 4,9 5,19 5,3 
[ b ;  jungle16 ; breaker: 1,0 ] --> 0,2 0,5314893 0,8642054 1,350953 1,860391 2,218533 2,467947 2,74764 3,176732 3,482122 3,835223 4,137 4,467714 4,797462 5,128763 5,381968 
[ e ;  jungle16 ; breaker: 1,0 ] --> 0 0,03148931 0,1042054 0,01904666 0,06960905 0,02146673 0,2520525 0,1823604 0,02326846 0,02787757 0,05522323 0,05700016 0,1022863 0,1025386 0,06123686 0,08196831 
Absolute Error Mean: 0,07447685

[ p ;  jungle16 ; breaker: 1,0 ] --> 0,2 0,5 0,76 1,37 1,93 2,24 2,72 2,93 3,2 3,51 3,78 4,08 4,57 4,9 5,19 5,3 
[ b ;  jungle16 ; breaker: 1,0 ] --> 0,2 0,5273269 0,8560437 1,365252 1,874213 2,153168 2,456029 2,688426 3,116927 3,473877 3,830225 4,165109 4,54717 4,852346 5,234031 5,465699 
[ e ;  jungle16 ; breaker: 1,0 ] --> 0 0,02732694 0,09604371 0,004747987 0,05578697 0,08683228 0,2639706 0,2415738 0,08307314 0,03612328 0,05022478 0,08510923 0,02283049 0,04765415 0,04403114 0,165699 
Absolute Error Mean: 0,08193922

[ p ;  jungle16 ; breaker: 1,0 ] --> 0,2 0,5 0,76 1,37 1,93 2,24 2,72 2,93 3,2 3,51 3,78 4,08 4,57 4,9 5,19 5,3 
[ b ;  jungle16 ; breaker: 1,0 ] --> 0,2 0,4816411 0,7586325 1,293913 1,703949 2,008915 2,214171 2,49709 2,875898 3,154025 3,459253 3,760482 4,115186 4,44128 4,768198 5,022289 
[ e ;  jungle16 ; breaker: 1,0 ] --> 0 0,01835895 0,00136745 0,07608747 0,2260505 0,2310846 0,5058291 0,43291 0,3241019 0,3559747 0,3207467 0,3195183 0,454814 0,4587202 0,4218025 0,2777109 
Absolute Error Mean: 0,2765673

[ p ;  jungle16 ; breaker: 1,0 ] --> 0,2 0,5 0,76 1,37 1,93 2,24 2,72 2,93 3,2 3,51 3,78 4,08 4,57 4,9 5,19 5,3 
[ b ;  jungle16 ; breaker: 1,0 ] --> 0,2 0,5051565 0,8332077 1,392563 1,842548 2,146266 2,420971 2,646442 3,098682 3,400462 3,707134 3,983535 4,237961 4,516165 5,019209 5,248169 
[ e ;  jungle16 ; breaker: 1,0 ] --> 0 0,005156457 0,07320774 0,02256322 0,08745193 0,09373379 0,2990291 0,2835581 0,1013179 0,1095376 0,0728662 0,09646511 0,3320394 0,3838348 0,1707907 0,05183077 
Absolute Error Mean: 0,1364614

[ p ;  jungle16 ; breaker: 1,0 ] --> 0,2 0,5 0,76 1,37 1,93 2,24 2,72 2,93 3,2 3,51 3,78 4,08 4,57 4,9 5,19 5,3 
[ b ;  jungle16 ; breaker: 1,0 ] --> 0,2 0,5285445 0,7830797 1,088111 1,624764 1,880337 2,137129 2,366006 2,801118 3,108133 3,415531 3,73176 4,063299 4,4181 4,77289 5,004467 
[ e ;  jungle16 ; breaker: 1,0 ] --> 0 0,02854449 0,02307975 0,2818886 0,3052361 0,3596635 0,5828712 0,5639942 0,3988817 0,4018667 0,3644693 0,3482399 0,5067015 0,4819002 0,4171104 0,2955327 
Absolute Error Mean: 0,3349988

[ p ;  jungle16 ; breaker: 1,0 ] --> 0,2 0,5 0,76 1,37 1,93 2,24 2,72 2,93 3,2 3,51 3,78 4,08 4,57 4,9 5,19 5,3 
[ b ;  jungle16 ; breaker: 1,0 ] --> 0,2 0,5593613 0,8427512 1,302995 1,842729 2,15017 2,43375 2,716408 3,14992 3,511522 3,841805 4,152132 4,458821 4,816265 5,122804 5,376229 
[ e ;  jungle16 ; breaker: 1,0 ] --> 0 0,05936128 0,08275121 0,06700516 0,08727074 0,08983016 0,2862504 0,2135921 0,05007958 0,001522303 0,06180501 0,07213163 0,1111789 0,08373547 0,06719637 0,0762291 
Absolute Error Mean: 0,08812121

[ p ;  jungle16 ; breaker: 1,0 ] --> 0,2 0,5 0,76 1,37 1,93 2,24 2,72 2,93 3,2 3,51 3,78 4,08 4,57 4,9 5,19 5,3 
[ s ;  jungle16 ; breaker: 1,0 ] --> 0,2 0,5069396 0,8363988 1,450918 1,957263 2,262189 2,592854 2,820148 3,248332 3,55087 3,85375 4,156882 4,461204 4,842429 5,124355 5,354059 
[ e ;  jungle16 ; breaker: 1,0 ] --> 0 0,00693959 0,07639879 0,08091784 0,0272634 0,02218866 0,127146 0,1098521 0,04833198 0,04087043 0,07374954 0,07688189 0,1087966 0,05757141 0,06564474 0,05405903 
Absolute Error Mean: 0,06103825

[ p ;  jungle16 ; breaker: 1,0 ] --> 0,2 0,5 0,76 1,37 1,93 2,24 2,72 2,93 3,2 3,51 3,78 4,08 4,57 4,9 5,19 5,3 
[ s ;  jungle16 ; breaker: 1,0 ] --> 0,2 0,4767086 0,7829844 1,388131 1,874141 2,152105 2,401546 2,627163 3,026757 3,401633 3,678294 4,060768 4,436356 4,761305 5,085688 5,316007 
[ e ;  jungle16 ; breaker: 1,0 ] --> 0 0,02329138 0,02298445 0,01813102 0,05585873 0,08789492 0,3184538 0,3028374 0,1732435 0,1083672 0,1017058 0,01923227 0,1336446 0,1386952 0,1043119 0,01600695 
Absolute Error Mean: 0,1015412

[ p ;  jungle16 ; breaker: 1,0 ] --> 0,2 0,5 0,76 1,37 1,93 2,24 2,72 2,93 3,2 3,51 3,78 4,08 4,57 4,9 5,19 5,3 
[ s ;  jungle16 ; breaker: 1,0 ] --> 0,2 0,4969491 0,8730371 1,405325 1,89289 2,195628 2,525669 2,750706 3,15416 3,434032 3,78909 4,121224 4,479626 4,812249 5,163307 5,390345 
[ e ;  jungle16 ; breaker: 1,0 ] --> 0 0,003050864 0,1130371 0,03532517 0,03710961 0,04437184 0,1943314 0,1792939 0,04583955 0,07596803 0,009089947 0,041224 0,09037399 0,08775091 0,02669334 0,09034443 
Absolute Error Mean: 0,06711276

[ p ;  jungle16 ; breaker: 1,0 ] --> 0,2 0,5 0,76 1,37 1,93 2,24 2,72 2,93 3,2 3,51 3,78 4,08 4,57 4,9 5,19 5,3 
[ s ;  jungle16 ; breaker: 1,0 ] --> 0,2 0,52599 0,8311151 1,385068 1,864621 2,189569 2,566629 2,76654 3,170498 3,496199 3,798232 4,127358 4,531298 4,855447 5,204804 5,407454 
[ e ;  jungle16 ; breaker: 1,0 ] --> 0 0,02599001 0,07111508 0,01506829 0,06537879 0,05043054 0,1533709 0,1634605 0,02950168 0,0138011 0,01823235 0,04735804 0,03870249 0,0445528 0,01480389 0,1074538 
Absolute Error Mean: 0,05370126

[ p ;  jungle16 ; breaker: 1,0 ] --> 0,2 0,5 0,76 1,37 1,93 2,24 2,72 2,93 3,2 3,51 3,78 4,08 4,57 4,9 5,19 5,3 
[ s ;  jungle16 ; breaker: 1,0 ] --> 0,2 0,4804816 0,8130562 1,395484 1,899204 2,281309 2,610427 2,839456 3,270649 3,627136 4,008736 4,361531 4,766752 5,1244 5,454799 5,683073 
[ e ;  jungle16 ; breaker: 1,0 ] --> 0 0,01951838 0,05305624 0,02548444 0,03079629 0,04130864 0,1095729 0,09054446 0,07064915 0,1171365 0,2287357 0,2815309 0,1967516 0,2243996 0,2647986 0,3830729 
Absolute Error Mean: 0,1335848

[ p ;  jungle16 ; breaker: 1,0 ] --> 0,2 0,5 0,76 1,37 1,93 2,24 2,72 2,93 3,2 3,51 3,78 4,08 4,57 4,9 5,19 5,3 
[ s ;  jungle16 ; breaker: 1,0 ] --> 0,2 0,5298803 0,8824219 1,412449 1,895587 2,19976 2,503699 2,732577 3,112012 3,413752 3,742154 4,071856 4,453916 4,782821 5,114349 5,344847 
[ e ;  jungle16 ; breaker: 1,0 ] --> 0 0,02988034 0,1224219 0,04244936 0,03441262 0,04023957 0,2163012 0,1974232 0,0879879 0,09624815 0,03784561 0,008144379 0,1160841 0,1171794 0,07565117 0,04484653 
Absolute Error Mean: 0,07919471

[ p ;  jungle16 ; breaker: 1,0 ] --> 0,2 0,5 0,76 1,37 1,93 2,24 2,72 2,93 3,2 3,51 3,78 4,08 4,57 4,9 5,19 5,3 
[ s ;  jungle16 ; breaker: 1,0 ] --> 0,2 0,5030562 0,7825049 1,314081 1,796382 2,127765 2,487697 2,692344 3,09719 3,428615 3,733842 4,118773 4,424226 4,875896 5,182422 5,436231 
[ e ;  jungle16 ; breaker: 1,0 ] --> 0 0,003056228 0,02250493 0,05591869 0,1336176 0,1122353 0,2323027 0,2376559 0,1028097 0,0813849 0,04615831 0,03877258 0,1457744 0,0241046 0,007578373 0,1362305 
Absolute Error Mean: 0,08625653

[ p ;  jungle16 ; breaker: 1,0 ] --> 0,2 0,5 0,76 1,37 1,93 2,24 2,72 2,93 3,2 3,51 3,78 4,08 4,57 4,9 5,19 5,3 
[ s ;  jungle16 ; breaker: 1,0 ] --> 0,2 0,5062717 0,8126625 1,345948 1,827658 2,206691 2,508969 2,714121 3,116961 3,415804 3,721174 4,027487 4,358184 4,716393 5,019847 5,223199 
[ e ;  jungle16 ; breaker: 1,0 ] --> 0 0,00627166 0,05266249 0,02405179 0,1023421 0,03330946 0,2110314 0,2158787 0,08303928 0,09419632 0,05882597 0,05251312 0,2118163 0,1836071 0,1701527 0,07680082 
Absolute Error Mean: 0,0985312

[ p ;  jungle16 ; breaker: 1,0 ] --> 0,2 0,5 0,76 1,37 1,93 2,24 2,72 2,93 3,2 3,51 3,78 4,08 4,57 4,9 5,19 5,3 
[ s ;  jungle16 ; breaker: 1,0 ] --> 0,2 0,5278965 0,8332537 1,394276 1,85433 2,233165 2,561999 2,760325 3,190424 3,495898 3,828726 4,136169 4,417335 4,72016 5,001019 5,201166 
[ e ;  jungle16 ; breaker: 1,0 ] --> 0 0,02789652 0,07325375 0,02427649 0,07567036 0,006834745 0,1580012 0,1696754 0,009576082 0,01410174 0,04872584 0,05616903 0,1526651 0,1798396 0,1889806 0,09883404 
Absolute Error Mean: 0,08028128

[ p ;  jungle16 ; breaker: 1,0 ] --> 0,2 0,5 0,76 1,37 1,93 2,24 2,72 2,93 3,2 3,51 3,78 4,08 4,57 4,9 5,19 5,3 
[ s ;  jungle16 ; breaker: 1,0 ] --> 0,2 0,3789905 0,6612616 0,9900793 1,221102 1,703469 2,057647 2,311495 2,74325 3,100601 3,406404 3,814694 4,196378 4,530369 4,856729 5,086983 
[ e ;  jungle16 ; breaker: 1,0 ] --> 0 0,1210095 0,09873843 0,3799207 0,7088976 0,5365312 0,662353 0,6185052 0,4567499 0,4093988 0,3735964 0,265306 0,3736224 0,3696313 0,333271 0,213017 
Absolute Error Mean: 0,3700343

[ p ;  jungle8 ; breaker: 1,0 ] --> 0,2 0,5 0,76 1,37 1,93 2,24 2,72 2,93 3,2 3,51 3,78 4,08 4,57 4,9 5,19 5,3 
[ b ;  jungle8 ; breaker: 1,0 ] --> 0,2 0,4816049 0,7847502 1,264541 1,516077 1,968851 2,373955 2,65011 
[ e ;  jungle8 ; breaker: 1,0 ] --> 0 0,0183951 0,02475017 0,1054591 0,413923 0,2711486 0,3460455 0,2798903 
Absolute Error Mean: 2,249351

[ p ;  jungle8 ; breaker: 1,0 ] --> 0,2 0,5 0,76 1,37 1,93 2,24 2,72 2,93 
[ b ;  jungle8 ; breaker: 1,0 ] --> 0,2 0,5053782 0,8079802 1,370643 1,933783 2,263797 2,591251 2,815706 
[ e ;  jungle8 ; breaker: 1,0 ] --> 0 0,005378246 0,04798025 0,0006426573 0,003782868 0,0237968 0,1287489 0,1142936 
Absolute Error Mean: 0,04057791

[ p ;  jungle8 ; breaker: 1,0 ] --> 0,2 0,5 0,76 1,37 1,93 2,24 2,72 2,93 
[ b ;  jungle8 ; breaker: 1,0 ] --> 0,2 0,5043252 0,8079042 1,397013 1,928101 2,18101 2,563618 2,76547 
[ e ;  jungle8 ; breaker: 1,0 ] --> 0 0,004325211 0,04790419 0,0270133 0,001898527 0,05898976 0,1563816 0,1645305 
Absolute Error Mean: 0,05763039

[ p ;  jungle8 ; breaker: 1,0 ] --> 0,2 0,5 0,76 1,37 1,93 2,24 2,72 2,93 
[ b ;  jungle8 ; breaker: 1,0 ] --> 0,2 0,454175 0,7621824 1,324364 1,834273 2,166414 2,446526 2,674651 
[ e ;  jungle8 ; breaker: 1,0 ] --> 0 0,045825 0,002182424 0,04563594 0,09572744 0,07358551 0,2734742 0,2553487 
Absolute Error Mean: 0,0989724

[ p ;  jungle8 ; breaker: 1,0 ] --> 0,2 0,5 0,76 1,37 1,93 2,24 2,72 2,93 
[ b ;  jungle8 ; breaker: 1,0 ] --> 0,2 0,5315021 0,8922189 1,511083 2,050994 2,356585 2,589639 2,870244 
[ e ;  jungle8 ; breaker: 1,0 ] --> 0 0,03150213 0,132219 0,1410828 0,120994 0,1165853 0,1303611 0,05975604 
Absolute Error Mean: 0,09156252

[ p ;  jungle8 ; breaker: 1,0 ] --> 0,2 0,5 0,76 1,37 1,93 2,24 2,72 2,93 
[ b ;  jungle8 ; breaker: 1,0 ] --> 0,2 0,4781787 0,809387 1,365571 1,877722 2,132329 2,40949 2,69225 
[ e ;  jungle8 ; breaker: 1,0 ] --> 0 0,02182129 0,04938704 0,004428625 0,0522784 0,1076713 0,3105099 0,2377501 
Absolute Error Mean: 0,09798083

[ p ;  jungle8 ; breaker: 1,0 ] --> 0,2 0,5 0,76 1,37 1,93 2,24 2,72 2,93 
[ b ;  jungle8 ; breaker: 1,0 ] --> 0,2 0,5299577 0,8341446 1,472614 2,035756 2,318837 2,651025 2,879894 
[ e ;  jungle8 ; breaker: 1,0 ] --> 0 0,02995771 0,0741446 0,1026143 0,1057559 0,07883668 0,06897521 0,05010653 
Absolute Error Mean: 0,06379887

[ p ;  jungle8 ; breaker: 1,0 ] --> 0,2 0,5 0,76 1,37 1,93 2,24 2,72 2,93 
[ b ;  jungle8 ; breaker: 1,0 ] --> 0,2 0,5082861 0,8161098 1,406134 1,993242 2,249084 2,576686 2,805687 
[ e ;  jungle8 ; breaker: 1,0 ] --> 0 0,008286059 0,05610979 0,03613448 0,06324184 0,009084225 0,1433141 0,1243134 
Absolute Error Mean: 0,05506048

[ p ;  jungle8 ; breaker: 1,0 ] --> 0,2 0,5 0,76 1,37 1,93 2,24 2,72 2,93 
[ b ;  jungle8 ; breaker: 1,0 ] --> 0,2 0,5030255 0,861104 1,399237 1,881233 2,189264 2,471839 2,697979 
[ e ;  jungle8 ; breaker: 1,0 ] --> 0 0,003025532 0,101104 0,02923727 0,04876709 0,05073619 0,2481611 0,2320209 
Absolute Error Mean: 0,0891315

[ p ;  jungle8 ; breaker: 1,0 ] --> 0,2 0,5 0,76 1,37 1,93 2,24 2,72 2,93 
[ b ;  jungle8 ; breaker: 1,0 ] --> 0,2 0,5506344 0,8281336 1,209769 1,840516 2,115607 2,389374 2,82223 
[ e ;  jungle8 ; breaker: 1,0 ] --> 0 0,05063444 0,06813365 0,1602314 0,08948398 0,124393 0,330626 0,1077697 
Absolute Error Mean: 0,116409

[ p ;  jungle4 ; breaker: 1,0 ] --> 0,2 0,5 0,76 1,37 1,93 2,24 2,72 2,93 
