s;0;0,05448842;0,09658945;0,2069238;0,3120544;0,288553;0,5153306;0,5216897;
s;0;0,05838668;0,1034887;0,1516238;0,2266469;0,132525;0,3824782;0,3150122;0,4071586;0,3589413;0,3779042;0,347856;0,5090318;0,5098;0,443377;0,275032;
s;0;0,02075642;0,02449632;0,4312854;0,7629356;0,7152095;0,866235;0,871165;0,9862847;0,9658132;1,006476;1,000946;1,21136;1,16384;1,126046;0,9820509;
s;0;0,01768312;0,07222712;0,4775972;0,7370811;0,6668406;0,8428847;0,82266;0,9384973;0,9453309;0,9304922;0,8981025;1,082394;1,132818;1,094547;0,923594;
s;0;0,03016979;0,07065082;0,1415638;0,3711802;0,3279252;0,5293586;0,4847238;0,603143;0,5890462;0,6059437;0,599669;0,8118598;0,8385286;0,8266082;0,6600337;
s;0;0,02278584;0,02851069;0,4107348;0,3935847;0,4751945;0,7277919;0,6640878;0,451561;0,3262525;0,2628677;0,2572691;0,4646382;0,4140072;0,3489475;0,2284622;
s;0;0,007371843;0,05385226;0,1703165;0,0919019;0,1236186;0,3472488;0,303303;0,3891013;0,414037;0,402884;0,3984325;0,6304941;0,6542463;0,688313;0,5680757;
s;0;0,0315944;0,04858106;0,1558205;0,106759;0,1375372;0,3353157;0,2944515;0,4109068;0,417886;0,4327796;0,4281211;0,6141496;0,6897931;0,6991067;0,5778661;
s;0;0,01757589;0,007320344;0,3740789;0,7307067;0,4513767;0,624814;0,5791516;0,6962409;0,6530747;0,5963871;0,6155987;0,7734382;0,8227043;0,6510773;0,5824356;
s;0;0,0189302;0,07210737;0,1430517;0,1595412;0,2024784;0,1484411;0,1661568;0,3251574;0,3198049;0,4024174;0,3803086;0,240118;0,3923979;0,4819379;0,62325;
b;0;7,187433;7,264955;6,992008;7,097664;7,275533;7,028287;7,33153;7,50006;7,550084;7,639472;7,959706;7,673823;7,927971;8,276987;8,525998;
b;0;0,009358883;0,0836494;0,06090713;0,3016902;0,2967007;0,5713317;0,7491159;0,8446777;0,8446081;0,9856031;0,8675728;0,5336113;0,7205434;0,8430157;1,222866;
b;0;0,03347766;0,132218;0,3414576;0,4749304;0,4717004;0,7371743;0,8833416;0,9464543;1,049995;1,141194;1,247318;1,524458;1,449905;1,522304;
b;0;0,03519207;0,1850803;0,3968436;0,5380625;0,5627942;0,7778709;0,9016855;0,9895618;1,088049;1,409471;1,313719;1,464678;1,521093;1,642873;
b;0;0,01112735;0,1145402;0,4314684;0,5171815;0,4629512;0,7488921;0,898401;0,9882643;1,063535;1,337437;1,243883;0,9381757;1,428345;1,291789;
b;0;0,0180676;0,1023687;0,1602533;0,2751888;0,1967163;0,6138978;0,7385173;0,7534528;0,8813298;0,9985678;1,238811;0,9290338;1,060266;1,182623;
b;0;0,6741152;0,7448709;0,4390873;0,4865831;0,816576;0,565762;0,9433718;1,004932;0,9747531;1,083748;1,064749;0,9830456;1,16679;1,058122;1,128227;
b;0;0,0454582;0,05038249;0,1003126;0,1735045;0,2828567;0,07497311;0,08412004;0,1270695;0,2056515;0,2458756;0,2924464;0,07167149;0,2219954;0,02365971;
b;0;0,0197525;0,05090851;0,03761911;0,5277303;0,4708333;0,8064208;0,8270626;0,8632824;0,9400346;0,9509604;1,035279;1,335955;1,186022;1,101246;
b;0;0,007197201;0,1025212;0,2290064;0,3301233;0,272507;0,6550834;0,7246718;0,7850618;0,8503101;0,8615229;0,7640104;1,138626;1,313899;1,200673;