b;0;0,1069602;0,3731673;0,6732534;0,4186229;0,6913385;0,5190227;1,953486;
b;0;0,11381;0,1843857;0,5035501;0,9273344;1,001521;1,155157;1,327808;
b;0;0,08120769;0,2271811;0,3321984;0,5114056;0,5064392;0,8910792;1,01181;
b;0;0,02768469;0,1180397;0,3200314;0,5147744;0,5054169;0,8068566;0,8988094;
b;0;0,1406704;0,2900362;0,3959157;0,5297507;0,5316207;0,7188756;0,8674965;
b;0;0,0582878;0,185384;0,3631655;0,575528;0,6196005;0,7607329;0,9835823;
b;0;0,1083992;0,2793294;0,4468268;0,3122104;1,668089;1,569073;1,611324;
b;0;0,1305802;0,3983681;0,567753;0,3875707;0,9956219;1,434299;1,607239;
b;0;0,08008295;0,1655501;0,4218361;0,7035381;0,7474997;0,9345694;1,07958;
b;0;0,05542004;0,09989315;0,9056433;1,108847;1,123965;1,278049;1,37514;
s;0;0,05448842;0,09658945;0,2069238;0,3120544;0,288553;0,5153306;0,5216897;
s;0;0,05838668;0,1034887;0,1516238;0,2266469;0,132525;0,3824782;0,3150122;0,4071586;0,3589413;0,3779042;0,347856;0,5090318;0,5098;0,443377;0,275032;
s;0;0,02075642;0,02449632;0,4312854;0,7629356;0,7152095;0,866235;0,871165;0,9862847;0,9658132;1,006476;1,000946;1,21136;1,16384;1,126046;0,9820509;
s;0;0,01768312;0,07222712;0,4775972;0,7370811;0,6668406;0,8428847;0,82266;0,9384973;0,9453309;0,9304922;0,8981025;1,082394;1,132818;1,094547;0,923594;
s;0;0,03016979;0,07065082;0,1415638;0,3711802;0,3279252;0,5293586;0,4847238;0,603143;0,5890462;0,6059437;0,599669;0,8118598;0,8385286;0,8266082;0,6600337;
s;0;0,02278584;0,02851069;0,4107348;0,3935847;0,4751945;0,7277919;0,6640878;0,451561;0,3262525;0,2628677;0,2572691;0,4646382;0,4140072;0,3489475;0,2284622;
s;0;0,007371843;0,05385226;0,1703165;0,0919019;0,1236186;0,3472488;0,303303;0,3891013;0,414037;0,402884;0,3984325;0,6304941;0,6542463;0,688313;0,5680757;
s;0;0,0315944;0,04858106;0,1558205;0,106759;0,1375372;0,3353157;0,2944515;0,4109068;0,417886;0,4327796;0,4281211;0,6141496;0,6897931;0,6991067;0,5778661;
s;0;0,01757589;0,007320344;0,3740789;0,7307067;0,4513767;0,624814;0,5791516;0,6962409;0,6530747;0,5963871;0,6155987;0,7734382;0,8227043;0,6510773;0,5824356;
s;0;0,0189302;0,07210737;0,1430517;0,1595412;0,2024784;0,1484411;0,1661568;0,3251574;0,3198049;0,4024174;0,3803086;0,240118;0,3923979;0,4819379;0,62325;
b;0;7,187433;7,264955;6,992008;7,097664;7,275533;7,028287;7,33153;7,50006;7,550084;7,639472;7,959706;7,673823;7,927971;8,276987;8,525998;
b;0;0,009358883;0,0836494;0,06090713;0,3016902;0,2967007;0,5713317;0,7491159;0,8446777;0,8446081;0,9856031;0,8675728;0,5336113;0,7205434;0,8430157;1,222866;
b;0;0,03347766;0,132218;0,3414576;0,4749304;0,4717004;0,7371743;0,8833416;0,9464543;1,049995;1,141194;1,247318;1,524458;1,449905;1,522304;
b;0;0,03519207;0,1850803;0,3968436;0,5380625;0,5627942;0,7778709;0,9016855;0,9895618;1,088049;1,409471;1,313719;1,464678;1,521093;1,642873;
b;0;0,01112735;0,1145402;0,4314684;0,5171815;0,4629512;0,7488921;0,898401;0,9882643;1,063535;1,337437;1,243883;0,9381757;1,428345;1,291789;
b;0;0,0180676;0,1023687;0,1602533;0,2751888;0,1967163;0,6138978;0,7385173;0,7534528;0,8813298;0,9985678;1,238811;0,9290338;1,060266;1,182623;
b;0;0,6741152;0,7448709;0,4390873;0,4865831;0,816576;0,565762;0,9433718;1,004932;0,9747531;1,083748;1,064749;0,9830456;1,16679;1,058122;1,128227;
b;0;0,0454582;0,05038249;0,1003126;0,1735045;0,2828567;0,07497311;0,08412004;0,1270695;0,2056515;0,2458756;0,2924464;0,07167149;0,2219954;0,02365971;
b;0;0,0197525;0,05090851;0,03761911;0,5277303;0,4708333;0,8064208;0,8270626;0,8632824;0,9400346;0,9509604;1,035279;1,335955;1,186022;1,101246;
b;0;0,007197201;0,1025212;0,2290064;0,3301233;0,272507;0,6550834;0,7246718;0,7850618;0,8503101;0,8615229;0,7640104;1,138626;1,313899;1,200673;
b;0;0,03624725;0,03654093;0,05845833;0,2273015;0,2497969;0,5895746;0,6077161;0,6467283;0,72282;0,8360384;0,9235249;0,8184581;0,8467445;0,7118726;0,9649286;
b;0;0,005738556;0,07809585;0,005707145;0,03356707;0,09313583;0,04345632;0,1459067;0,2411315;0,4170818;0,3770916;0,4321184;0,3215618;0,3733325;0,4943175;0,7925596;0,3496695;0,3507276;0,2639103;0,2861853;0,4196544;0,6282864;0,709384;1,071342;1,021997;1,76391;
b;0;0,05206895;0,1251101;0,1040902;0,1506972;0,1047621;0,3258798;0,132638;0,2966747;0,392967;0,5599058;0,5420628;0,2837868;0,464376;0,3571358;0,3991613;0,2693162;0,3978014;0,5183434;0,6437182;0,4937825;0,4973083;0,5751162;0,9655771;
b;0;0,005782604;0,08110797;0,1668556;0,4265121;0,3479943;0,6403992;0,6376333;0,5693212;0,4652154;0,3799989;0,3127198;0,05341625;0,4513087;1,189089;1,28367;1,226842;1,488757;1,914406;1,73372;1,814827;2,076766;2,282135;2,696968;2,488923;2,408448;
b;0;9,199349;9,516421;9,183241;8,903406;9,459027;9,542053;9,563828;9,523617;9,649725;9,684546;9,625754;9,653624;9,785484;10,08637;10,20779;10,07045;10,17497;10,18628;10,41033;10,46902;10,68052;10,6548;11,09382;11,23855;11,69714;
b;0;0,0990454;0,1294791;0,1031084;0,006784439;0,05117154;0,01043701;0,2871504;0,501792;0,7823164;0,6967838;0,6046901;0,3174653;0,4232764;0,2866187;0,3827009;0,147851;0,1720595;0,08099127;0,07352972;0,0780673;0,02280045;0,1034422;0,2865152;0,2796478;0,3329887;
b;0;0,2384847;0,4114436;0,5147371;0,7237622;0,6456373;0,8216786;0,8442278;0,8852112;0,9656007;1,128391;1,161592;1,261495;1,111178;1,050652;1,452323;1,476121;1,553291;1,515658;1,58529;1,613148;1,927478;1,799394;2,21123;2,256865;
b;0;0,08445674;0,6517035;1,20334;1,493339;1,364243;1,586064;4,891441;5,082083;5,337609;5,273338;5,254596;5,227668;5,359396;5,715385;5,786983;5,372034;5,474959;5,644911;5,669046;5,931252;5,963118;5,734119;5,812479;5,883786;
b;0;0,01677075;0,03514999;0,08378816;0,1798652;0,1849723;0,01638675;0,288373;0,2759774;0,1981716;0,3876688;0,3452201;0,06006193;0,242579;0,2165647;0,3117242;0,02893448;0,3679314;0,4649801;0,3878775;0,2898841;0,3504572;0,2485766;0,5612574;0,4608946;
b;0;0,07127804;0,05140573;0,06606281;0,03367448;0,1125369;0,07229257;0,1184001;0,05110121;0,1231627;0,237715;0,3774467;0,6639547;0,5153975;0,4277515;0,7832403;0,8343968;0,8886104;0,8234115;0,9505229;0,90558;1,304589;1,051679;1,12953;0,893856;
s;0;0,01502877;0,01872915;0,3721876;0,7293092;0,4026725;0,572686;0,5787802;0,6697018;
s;0;0,02853191;0,04687107;0,3351394;0,1918372;0,1001754;0,3538296;0,359282;
s;0;0,008681059;0,002702177;0,01943576;0,02646828;0,0715282;0,1793883;0,159519;
s;0;0,03233898;0,00610745;0,3248608;0,1694595;0,1467769;0,3734334;0,3814824;
s;0;0,004792929;0,002321839;0,3471158;0,2976828;0,1991959;0,4718659;0,4793484;
s;0;0,09743071;0,1753004;0,5786648;0,2636359;0,3179955;0,5904727;0,62114;
s;0;0,05708855;0,05377352;0,2766855;0,1970017;0,1975348;0,3970528;0,377192;
s;0;0,02933055;0,0002236962;0,4067387;0,6848081;0,4852641;0,6125181;0,6201024;
s;0;0,01718819;0,0479055;0,2530264;0,2090096;0,1939366;0,3957934;0,4290657;
s;0;0,1068643;0,1246259;0,1032203;0,005343556;0,0171597;0,1877851;0,1660266;
s;0;2,049639;2,172359;1,819036;1,535792;1,731712;1,634276;1,627466;
s;0;0,0275811;0,1009705;0,02862465;0,02500665;0,07375383;0,1285522;0,1386478;0,2243173;0,2529559;0,2149343;0,2091105;0,3918037;0,3888903;0,2444997;0,125771;0,1794438;0,02688456;0,06249428;0,07463646;0,147294;0,1437049;0,4256134;0,04051399;0,200263;0,2581091;
s;0;0,07673365;0,1492718;0,05184627;0,1300194;0,05859995;0,2856328;0,3198917;0,4101355;0,3873608;0,3755529;0,344156;0,5010619;0,5488935;0,5070467;0,4099483;0,850462;0,6496882;0,6157131;0,7499404;0,8237185;0,7451639;0,9495769;0,7195077;0,8325472;0,9410753;
s;0;0,03340715;0,08127975;0,09642637;0,2181964;0,245685;0,4458127;0,4259231;0,5147181;0,5190604;0,486933;0,4569805;0,6387439;0,6850557;0,6680284;0,5489502;0,9884772;0,8107238;0,7743382;0,9034815;0,9249148;0,8416238;1,071467;0,7374687;0,867558;0,9719687;
s;0;0,009027421;0,05993766;0,3187793;0,6225662;0,6527987;0,8782799;0,7287838;0,7148654;0,768101;0,8073289;0,05521822;0,1109037;0,1132641;0,1216383;0,02252245;0,3150587;0,2645907;0,09885979;0,1805568;0,2302356;0,1243653;0,3274713;0,1956968;0,4047952;0,4620028;
s;0;0,1315569;0,4867713;0,1566566;0,04571211;0,4387884;0,3392715;0,4129474;0,3493173;0,5686171;0,6042387;0,5568976;0,3231668;0,2235141;0,1375384;0,2581735;0,05430412;1,761741;1,776484;1,668884;1,620571;1,697565;1,464393;1,59585;1,465919;1,486712;
s;0;0,05623555;0,0984208;0,1042566;0,07423377;0,07678294;0,1001937;0,08142304;0,1754122;0,1800847;0,170872;0,1669254;0,354363;0,402648;0,3866048;0,2432785;0,609385;0,4584475;0,4221368;0,5318289;0,5827127;0,4767799;0,7090192;0,4530115;0,5667243;0,6496286;
s;0;0,03024191;0,02106386;0,3375475;0,6443098;0,5714409;0,6933229;0,6952252;0,7598276;0,817302;0,8135953;0,8093801;0,998395;1,075376;1,164558;0,8186479;1,182359;1,102912;1,195085;1,308489;1,362288;1,20706;1,389701;1,208198;1,391145;1,394827;
s;0;0,03524774;0,08069682;0,1479746;0,1008548;0,1106644;0,2586219;0,2654128;0,3543463;0,4093931;0,3765121;0,3763573;0,5605865;0,6141391;0,652194;0,4837661;0,9267521;0,8045645;0,769074;0,8799872;0,9810576;0,8798342;1,109977;0,906198;0,9915848;1,07049;
s;0;0,06180882;0,08356798;0,1947218;0,2433448;0,2202406;0,4212351;0,3984966;0,333849;0,3369138;0,3034036;0,3214452;0,5024929;0,5744896;0,5558281;0,4625363;0,9025726;0,7737975;0,6862459;0,7975111;0,8719864;0,7655225;0,9956131;0,8119555;0,8958502;0,8702106;
