
NEW RESULT

[ p ;  jungle8 ; breaker: 1,0 ] --> 0,2 0,5 0,76 1,37 1,93 2,24 2,72 2,93 
[ b ;  jungle8 ; breaker: 1,0 ] --> 0,2 0,6069602 1,133167 2,043253 2,348623 2,931339 3,239023 4,883486 
[ e ;  jungle8 ; breaker: 1,0 ] --> 0 0,1069602 0,3731673 0,6732534 0,4186229 0,6913385 0,5190227 1,953486 
Absolute Error Mean: 0,5919814

[ p ;  jungle8 ; breaker: 1,0 ] --> 0,2 0,5 0,76 1,37 1,93 2,24 2,72 2,93 
[ b ;  jungle8 ; breaker: 1,0 ] --> 0,2 0,61381 0,9443857 1,87355 2,857334 3,241521 3,875157 4,257808 
[ e ;  jungle8 ; breaker: 1,0 ] --> 0 0,11381 0,1843857 0,5035501 0,9273344 1,001521 1,155157 1,327808 
Absolute Error Mean: 0,6516957

[ p ;  jungle8 ; breaker: 1,0 ] --> 0,2 0,5 0,76 1,37 1,93 2,24 2,72 2,93 
[ b ;  jungle8 ; breaker: 1,0 ] --> 0,2 0,5812077 0,9871811 1,702198 2,441406 2,746439 3,611079 3,94181 
[ e ;  jungle8 ; breaker: 1,0 ] --> 0 0,08120769 0,2271811 0,3321984 0,5114056 0,5064392 0,8910792 1,01181 
Absolute Error Mean: 0,4451651

[ p ;  jungle8 ; breaker: 1,0 ] --> 0,2 0,5 0,76 1,37 1,93 2,24 2,72 2,93 
[ b ;  jungle8 ; breaker: 1,0 ] --> 0,2 0,5276847 0,8780397 1,690031 2,444774 2,745417 3,526857 3,828809 
[ e ;  jungle8 ; breaker: 1,0 ] --> 0 0,02768469 0,1180397 0,3200314 0,5147744 0,5054169 0,8068566 0,8988094 
Absolute Error Mean: 0,3989516

[ p ;  jungle8 ; breaker: 1,0 ] --> 0,2 0,5 0,76 1,37 1,93 2,24 2,72 2,93 
[ b ;  jungle8 ; breaker: 1,0 ] --> 0,2 0,6406704 1,050036 1,765916 2,459751 2,771621 3,438876 3,797497 
[ e ;  jungle8 ; breaker: 1,0 ] --> 0 0,1406704 0,2900362 0,3959157 0,5297507 0,5316207 0,7188756 0,8674965 
Absolute Error Mean: 0,4342957

[ p ;  jungle8 ; breaker: 1,0 ] --> 0,2 0,5 0,76 1,37 1,93 2,24 2,72 2,93 
[ b ;  jungle8 ; breaker: 1,0 ] --> 0,2 0,5582878 0,945384 1,733166 2,505528 2,859601 3,480733 3,913582 
[ e ;  jungle8 ; breaker: 1,0 ] --> 0 0,0582878 0,185384 0,3631655 0,575528 0,6196005 0,7607329 0,9835823 
Absolute Error Mean: 0,4432851

[ p ;  jungle8 ; breaker: 1,0 ] --> 0,2 0,5 0,76 1,37 1,93 2,24 2,72 2,93 
[ b ;  jungle8 ; breaker: 1,0 ] --> 0,2 0,6083992 1,039329 1,816827 2,24221 3,908089 4,289073 4,541324 
[ e ;  jungle8 ; breaker: 1,0 ] --> 0 0,1083992 0,2793294 0,4468268 0,3122104 1,668089 1,569073 1,611324 
Absolute Error Mean: 0,7494065

[ p ;  jungle8 ; breaker: 1,0 ] --> 0,2 0,5 0,76 1,37 1,93 2,24 2,72 2,93 
[ b ;  jungle8 ; breaker: 1,0 ] --> 0,2 0,6305802 1,158368 1,937753 2,317571 3,235622 4,154299 4,537239 
[ e ;  jungle8 ; breaker: 1,0 ] --> 0 0,1305802 0,3983681 0,567753 0,3875707 0,9956219 1,434299 1,607239 
Absolute Error Mean: 0,690179

[ p ;  jungle8 ; breaker: 1,0 ] --> 0,2 0,5 0,76 1,37 1,93 2,24 2,72 2,93 
[ b ;  jungle8 ; breaker: 1,0 ] --> 0,2 0,580083 0,9255501 1,791836 2,633538 2,9875 3,654569 4,00958 
[ e ;  jungle8 ; breaker: 1,0 ] --> 0 0,08008295 0,1655501 0,4218361 0,7035381 0,7474997 0,9345694 1,07958 
Absolute Error Mean: 0,516582

[ p ;  jungle8 ; breaker: 1,0 ] --> 0,2 0,5 0,76 1,37 1,93 2,24 2,72 2,93 
[ b ;  jungle8 ; breaker: 1,0 ] --> 0,2 0,55542 0,8598931 2,275643 3,038847 3,363965 3,998049 4,30514 
[ e ;  jungle8 ; breaker: 1,0 ] --> 0 0,05542004 0,09989315 0,9056433 1,108847 1,123965 1,278049 1,37514 
Absolute Error Mean: 0,7433698

[ p ;  jungle16 ; breaker: 1,0 ] --> 0,2 0,5 0,76 1,37 1,93 2,24 2,72 2,93 
[ s ;  jungle16 ; breaker: 1,0 ] --> 0,2 0,5544884 0,8565894 1,163076 1,617946 1,951447 2,204669 2,40831 2,612585 2,990118 3,2459 3,551622 3,885635 4,137671 4,441996 4,769659 4,945627 
[ e ;  jungle16 ; breaker: 1,0 ] --> 0 0,05448842 0,09658945 0,2069238 0,3120544 0,288553 0,5153306 0,5216897 
Absolute Error Mean: 0,2494537

[ p ;  jungle16 ; breaker: 1,0 ] --> 0,2 0,5 0,76 1,37 1,93 2,24 2,72 2,93 3,2 3,51 3,78 4,08 4,57 4,9 5,19 5,3 
[ s ;  jungle16 ; breaker: 1,0 ] --> 0,2 0,5583867 0,8634887 1,218376 1,703353 2,107475 2,337522 2,614988 2,792841 3,151059 3,402096 3,732144 4,060968 4,3902 4,746623 5,024968 5,20474 
[ e ;  jungle16 ; breaker: 1,0 ] --> 0 0,05838668 0,1034887 0,1516238 0,2266469 0,132525 0,3824782 0,3150122 0,4071586 0,3589413 0,3779042 0,347856 0,5090318 0,5098 0,443377 0,275032 
Absolute Error Mean: 0,2874539

[ p ;  jungle16 ; breaker: 1,0 ] --> 0,2 0,5 0,76 1,37 1,93 2,24 2,72 2,93 3,2 3,51 3,78 4,08 4,57 4,9 5,19 5,3 
[ s ;  jungle16 ; breaker: 1,0 ] --> 0,2 0,4792436 0,7355037 0,9387146 1,167064 1,524791 1,853765 2,058835 2,213715 2,544187 2,773524 3,079054 3,35864 3,73616 4,063954 4,317949 4,547204 
[ e ;  jungle16 ; breaker: 1,0 ] --> 0 0,02075642 0,02449632 0,4312854 0,7629356 0,7152095 0,866235 0,871165 0,9862847 0,9658132 1,006476 1,000946 1,21136 1,16384 1,126046 0,9820509 
Absolute Error Mean: 0,7584313

[ p ;  jungle16 ; breaker: 1,0 ] --> 0,2 0,5 0,76 1,37 1,93 2,24 2,72 2,93 3,2 3,51 3,78 4,08 4,57 4,9 5,19 5,3 
[ s ;  jungle16 ; breaker: 1,0 ] --> 0,2 0,4823169 0,6877729 0,8924028 1,192919 1,573159 1,877115 2,10734 2,261503 2,564669 2,849508 3,181897 3,487606 3,767182 4,095453 4,376406 4,553838 
[ e ;  jungle16 ; breaker: 1,0 ] --> 0 0,01768312 0,07222712 0,4775972 0,7370811 0,6668406 0,8428847 0,82266 0,9384973 0,9453309 0,9304922 0,8981025 1,082394 1,132818 1,094547 0,923594 
Absolute Error Mean: 0,7239219

[ p ;  jungle16 ; breaker: 1,0 ] --> 0,2 0,5 0,76 1,37 1,93 2,24 2,72 2,93 3,2 3,51 3,78 4,08 4,57 4,9 5,19 5,3 
[ s ;  jungle16 ; breaker: 1,0 ] --> 0,2 0,5301698 0,8306508 1,228436 1,55882 1,912075 2,190641 2,445276 2,596857 2,920954 3,174056 3,480331 3,75814 4,061471 4,363392 4,639966 4,843118 
[ e ;  jungle16 ; breaker: 1,0 ] --> 0 0,03016979 0,07065082 0,1415638 0,3711802 0,3279252 0,5293586 0,4847238 0,603143 0,5890462 0,6059437 0,599669 0,8118598 0,8385286 0,8266082 0,6600337 
Absolute Error Mean: 0,4681503

[ p ;  jungle16 ; breaker: 1,0 ] --> 0,2 0,5 0,76 1,37 1,93 2,24 2,72 2,93 3,2 3,51 3,78 4,08 4,57 4,9 5,19 5,3 
[ s ;  jungle16 ; breaker: 1,0 ] --> 0,2 0,4772142 0,7314893 0,9592652 1,536415 1,764806 1,992208 2,265912 2,748439 3,183748 3,517132 3,822731 4,105362 4,485993 4,841053 5,071538 
[ e ;  jungle16 ; breaker: 1,0 ] --> 0 0,02278584 0,02851069 0,4107348 0,3935847 0,4751945 0,7277919 0,6640878 0,451561 0,3262525 0,2628677 0,2572691 0,4646382 0,4140072 0,3489475 0,2284622 
Absolute Error Mean: 0,3422935

[ p ;  jungle16 ; breaker: 1,0 ] --> 0,2 0,5 0,76 1,37 1,93 2,24 2,72 2,93 3,2 3,51 3,78 4,08 4,57 4,9 5,19 5,3 
[ s ;  jungle16 ; breaker: 1,0 ] --> 0,2 0,5073718 0,8138523 1,199684 1,838098 2,116381 2,372751 2,626697 2,810899 3,095963 3,377116 3,681567 3,939506 4,245754 4,501687 4,731925 4,912692 
[ e ;  jungle16 ; breaker: 1,0 ] --> 0 0,007371843 0,05385226 0,1703165 0,0919019 0,1236186 0,3472488 0,303303 0,3891013 0,414037 0,402884 0,3984325 0,6304941 0,6542463 0,688313 0,5680757 
Absolute Error Mean: 0,3276998

[ p ;  jungle16 ; breaker: 1,0 ] --> 0,2 0,5 0,76 1,37 1,93 2,24 2,72 2,93 3,2 3,51 3,78 4,08 4,57 4,9 5,19 5,3 
[ s ;  jungle16 ; breaker: 1,0 ] --> 0,2 0,5315944 0,8085811 1,21418 1,823241 2,102463 2,384684 2,635549 2,789093 3,092114 3,34722 3,651879 3,955851 4,210207 4,490893 4,722134 
[ e ;  jungle16 ; breaker: 1,0 ] --> 0 0,0315944 0,04858106 0,1558205 0,106759 0,1375372 0,3353157 0,2944515 0,4109068 0,417886 0,4327796 0,4281211 0,6141496 0,6897931 0,6991067 0,5778661 
Absolute Error Mean: 0,3362918

[ p ;  jungle16 ; breaker: 1,0 ] --> 0,2 0,5 0,76 1,37 1,93 2,24 2,72 2,93 3,2 3,51 3,78 4,08 4,57 4,9 5,19 5,3 
[ s ;  jungle16 ; breaker: 1,0 ] --> 0,2 0,4824241 0,7673203 0,9959211 1,199293 1,788623 2,095186 2,350848 2,503759 2,856925 3,183613 3,464401 3,796562 4,077296 4,538923 4,717565 
[ e ;  jungle16 ; breaker: 1,0 ] --> 0 0,01757589 0,007320344 0,3740789 0,7307067 0,4513767 0,624814 0,5791516 0,6962409 0,6530747 0,5963871 0,6155987 0,7734382 0,8227043 0,6510773 0,5824356 
Absolute Error Mean: 0,5109988

[ p ;  jungle16 ; breaker: 1,0 ] --> 0,2 0,5 0,76 1,37 1,93 2,24 2,72 2,93 3,2 3,51 3,78 4,08 4,57 4,9 5,19 5,3 
[ s ;  jungle16 ; breaker: 1,0 ] --> 0,2 0,4810698 0,8321074 1,513052 2,089541 2,442478 2,868441 3,096157 3,525157 3,829805 4,182417 4,460309 4,810118 5,292398 5,671938 5,92325 
[ e ;  jungle16 ; breaker: 1,0 ] --> 0 0,0189302 0,07210737 0,1430517 0,1595412 0,2024784 0,1484411 0,1661568 0,3251574 0,3198049 0,4024174 0,3803086 0,240118 0,3923979 0,4819379 0,62325 
Absolute Error Mean: 0,2547562

[ p ;  jungle16 ; breaker: 1,0 ] --> 0,2 0,5 0,76 1,37 1,93 2,24 2,72 2,93 3,2 3,51 3,78 4,08 4,57 4,9 5,19 5,3 
[ b ;  jungle16 ; breaker: 1,0 ] --> 0,2 7,687433 8,024955 8,362008 9,027664 9,515532 9,748287 10,26153 10,70006 11,06008 11,41947 12,03971 12,24382 12,82797 13,46699 13,826 14,18422 
[ e ;  jungle16 ; breaker: 1,0 ] --> 0 7,187433 7,264955 6,992008 7,097664 7,275533 7,028287 7,33153 7,50006 7,550084 7,639472 7,959706 7,673823 7,927971 8,276987 8,525998 
Absolute Error Mean: 7,07697

[ p ;  jungle16 ; breaker: 1,0 ] --> 0,2 0,5 0,76 1,37 1,93 2,24 2,72 2,93 3,2 3,51 3,78 4,08 4,57 4,9 5,19 5,3 
[ b ;  jungle16 ; breaker: 1,0 ] --> 0,2 0,5093589 0,8436494 1,430907 2,23169 2,536701 3,291332 3,679116 4,044678 4,354608 4,765603 4,947573 5,103611 5,620543 6,033016 6,522866 6,986224 7,449653 
[ e ;  jungle16 ; breaker: 1,0 ] --> 0 0,009358883 0,0836494 0,06090713 0,3016902 0,2967007 0,5713317 0,7491159 0,8446777 0,8446081 0,9856031 0,8675728 0,5336113 0,7205434 0,8430157 1,222866 
Absolute Error Mean: 0,5584532

[ p ;  jungle16 ; breaker: 1,0 ] --> 0,2 0,5 0,76 1,37 1,93 2,24 2,72 2,93 3,2 3,51 3,78 4,08 4,57 4,9 5,19 5,3 
[ b ;  jungle16 ; breaker: 1,0 ] --> 0,2 0,5334777 0,892218 1,711458 2,40493 2,7117 3,457174 3,813342 4,146454 4,559995 4,921194 5,327318 6,094458 6,349905 6,712304 
[ e ;  jungle16 ; breaker: 1,0 ] --> 0 0,03347766 0,132218 0,3414576 0,4749304 0,4717004 0,7371743 0,8833416 0,9464543 1,049995 1,141194 1,247318 1,524458 1,449905 1,522304 
Absolute Error Mean: 1,078496

[ p ;  jungle16 ; breaker: 1,0 ] --> 0,2 0,5 0,76 1,37 1,93 2,24 2,72 2,93 3,2 3,51 3,78 4,08 4,57 4,9 5,19 5,3 
[ b ;  jungle16 ; breaker: 1,0 ] --> 0,2 0,5351921 0,9450803 1,766844 2,468062 2,802794 3,497871 3,831686 4,189562 4,598049 5,189471 5,393719 6,034678 6,421093 6,832873 
[ e ;  jungle16 ; breaker: 1,0 ] --> 0 0,03519207 0,1850803 0,3968436 0,5380625 0,5627942 0,7778709 0,9016855 0,9895618 1,088049 1,409471 1,313719 1,464678 1,521093 1,642873 
Absolute Error Mean: 1,132936

[ p ;  jungle16 ; breaker: 1,0 ] --> 0,2 0,5 0,76 1,37 1,93 2,24 2,72 2,93 3,2 3,51 3,78 4,08 4,57 4,9 5,19 5,3 
[ b ;  jungle16 ; breaker: 1,0 ] --> 0,2 0,5111274 0,8745402 1,801468 2,447181 2,702951 3,468892 3,828401 4,188264 4,573535 5,117437 5,323883 5,508176 6,328345 6,481789 
[ e ;  jungle16 ; breaker: 1,0 ] --> 0 0,01112735 0,1145402 0,4314684 0,5171815 0,4629512 0,7488921 0,898401 0,9882643 1,063535 1,337437 1,243883 0,9381757 1,428345 1,291789 
Absolute Error Mean: 1,048499

[ p ;  jungle16 ; breaker: 1,0 ] --> 0,2 0,5 0,76 1,37 1,93 2,24 2,72 2,93 3,2 3,51 3,78 4,08 4,57 4,9 5,19 5,3 
[ b ;  jungle16 ; breaker: 1,0 ] --> 0,2 0,4819324 0,8623687 1,530253 2,205189 2,436716 3,333898 3,668517 3,953453 4,39133 4,778568 5,318811 5,499034 5,960266 6,372623 
[ e ;  jungle16 ; breaker: 1,0 ] --> 0 0,0180676 0,1023687 0,1602533 0,2751888 0,1967163 0,6138978 0,7385173 0,7534528 0,8813298 0,9985678 1,238811 0,9290338 1,060266 1,182623 
Absolute Error Mean: 0,9030684

[ p ;  jungle16 ; breaker: 1,0 ] --> 0,2 0,5 0,76 1,37 1,93 2,24 2,72 2,93 3,2 3,51 3,78 4,08 4,57 4,9 5,19 5,3 
[ b ;  jungle16 ; breaker: 1,0 ] --> 0,2 1,174115 1,504871 1,809087 2,416583 3,056576 3,285762 3,873372 4,204932 4,484753 4,863748 5,144749 5,553046 6,066791 6,248122 6,428227 
[ e ;  jungle16 ; breaker: 1,0 ] --> 0 0,6741152 0,7448709 0,4390873 0,4865831 0,816576 0,565762 0,9433718 1,004932 0,9747531 1,083748 1,064749 0,9830456 1,16679 1,058122 1,128227 
Absolute Error Mean: 0,8209209

[ p ;  jungle16 ; breaker: 1,0 ] --> 0,2 0,5 0,76 1,37 1,93 2,24 2,72 2,93 3,2 3,51 3,78 4,08 4,57 4,9 5,19 5,3 
[ b ;  jungle16 ; breaker: 1,0 ] --> 0,2 0,4545418 0,7096175 1,269687 1,756495 1,957143 2,645027 2,84588 3,072931 3,304348 3,534124 3,787554 4,498329 4,678005 5,21366 
[ e ;  jungle16 ; breaker: 1,0 ] --> 0 0,0454582 0,05038249 0,1003126 0,1735045 0,2828567 0,07497311 0,08412004 0,1270695 0,2056515 0,2458756 0,2924464 0,07167149 0,2219954 0,02365971 
Absolute Error Mean: 0,4562486

[ p ;  jungle16 ; breaker: 1,0 ] --> 0,2 0,5 0,76 1,37 1,93 2,24 2,72 2,93 3,2 3,51 3,78 4,08 4,57 4,9 5,19 5,3 
[ b ;  jungle16 ; breaker: 1,0 ] --> 0,2 0,4802475 0,8109085 1,407619 2,45773 2,710833 3,526421 3,757063 4,063282 4,450035 4,73096 5,115279 5,905955 6,086022 6,291246 
[ e ;  jungle16 ; breaker: 1,0 ] --> 0 0,0197525 0,05090851 0,03761911 0,5277303 0,4708333 0,8064208 0,8270626 0,8632824 0,9400346 0,9509604 1,035279 1,335955 1,186022 1,101246 
Absolute Error Mean: 0,9658192

[ p ;  jungle16 ; breaker: 1,0 ] --> 0,2 0,5 0,76 1,37 1,93 2,24 2,72 2,93 3,2 3,51 3,78 4,08 4,57 4,9 5,19 5,3 
[ b ;  jungle16 ; breaker: 1,0 ] --> 0,2 0,5071972 0,8625212 1,599006 2,260123 2,512507 3,375083 3,654672 3,985062 4,36031 4,641523 4,84401 5,708626 6,213899 6,390673 
[ e ;  jungle16 ; breaker: 1,0 ] --> 0 0,007197201 0,1025212 0,2290064 0,3301233 0,272507 0,6550834 0,7246718 0,7850618 0,8503101 0,8615229 0,7640104 1,138626 1,313899 1,200673 
Absolute Error Mean: 0,9084508

[ p ;  jungle26 ; breaker: 1,0 ] --> 0,2 0,5 0,76 1,37 1,93 2,24 2,72 2,93 3,2 3,51 3,78 4,08 4,57 4,9 5,19 5,3 
[ b ;  jungle26 ; breaker: 1,0 ] --> 0,2 0,5362473 0,7965409 1,311542 2,157301 2,489797 3,309575 3,537716 3,846728 4,23282 4,616038 5,003525 5,388458 5,746745 5,901873 6,264929 6,603025 6,966453 7,380205 7,584501 7,949247 8,566722 9,2626 
[ e ;  jungle26 ; breaker: 1,0 ] --> 0 0,03624725 0,03654093 0,05845833 0,2273015 0,2497969 0,5895746 0,6077161 0,6467283 0,72282 0,8360384 0,9235249 0,8184581 0,8467445 0,7118726 0,9649286 
Absolute Error Mean: 0,5172969

[ p ;  jungle26 ; breaker: 1,0 ] --> 0,2 0,5 0,76 1,37 1,93 2,24 2,72 2,93 3,2 3,51 3,78 4,08 4,57 4,9 5,19 5,3 5,92 6,1 6,37 6,76 7,09 7,24 7,7 7,8 8,24 8,5 
[ b ;  jungle26 ; breaker: 1,0 ] --> 0,2 0,5057386 0,8380958 1,375707 1,963567 2,146864 2,763456 3,075907 3,441132 3,927082 4,157092 4,512118 4,891562 5,273333 5,684318 6,09256 6,26967 6,450727 6,63391 7,046185 7,509655 7,868286 8,409384 8,871342 9,261997 10,26391 
[ e ;  jungle26 ; breaker: 1,0 ] --> 0 0,005738556 0,07809585 0,005707145 0,03356707 0,09313583 0,04345632 0,1459067 0,2411315 0,4170818 0,3770916 0,4321184 0,3215618 0,3733325 0,4943175 0,7925596 0,3496695 0,3507276 0,2639103 0,2861853 0,4196544 0,6282864 0,709384 1,071342 1,021997 1,76391 
Absolute Error Mean: 0,4123026

[ p ;  jungle26 ; breaker: 1,0 ] --> 0,2 0,5 0,76 1,37 1,93 2,24 2,72 2,93 3,2 3,51 3,78 4,08 4,57 4,9 5,19 5,3 5,92 6,1 6,37 6,76 7,09 7,24 7,7 7,8 8,24 8,5 
[ b ;  jungle26 ; breaker: 1,0 ] --> 0,2 0,5520689 0,8851101 1,47409 1,779303 2,135238 2,39412 3,062638 3,496675 3,902967 4,339906 4,622063 4,853787 5,364376 5,547136 5,699162 6,189316 6,497801 6,888343 7,403718 7,583783 7,737308 8,275116 8,765577 
[ e ;  jungle26 ; breaker: 1,0 ] --> 0 0,05206895 0,1251101 0,1040902 0,1506972 0,1047621 0,3258798 0,132638 0,2966747 0,392967 0,5599058 0,5420628 0,2837868 0,464376 0,3571358 0,3991613 0,2693162 0,3978014 0,5183434 0,6437182 0,4937825 0,4973083 0,5751162 0,9655771 
Absolute Error Mean: 0,9766262

[ p ;  jungle26 ; breaker: 1,0 ] --> 0,2 0,5 0,76 1,37 1,93 2,24 2,72 2,93 3,2 3,51 3,78 4,08 4,57 4,9 5,19 5,3 5,92 6,1 6,37 6,76 7,09 7,24 7,7 7,8 8,24 8,5 
[ b ;  jungle26 ; breaker: 1,0 ] --> 0,2 0,5057826 0,841108 1,536856 2,356512 2,587994 3,360399 3,567633 3,769321 3,975215 4,159999 4,39272 4,623416 5,351309 6,379089 6,58367 7,146842 7,588757 8,284406 8,49372 8,904827 9,316766 9,982135 10,49697 10,72892 10,90845 11,28909 
[ e ;  jungle26 ; breaker: 1,0 ] --> 0 0,005782604 0,08110797 0,1668556 0,4265121 0,3479943 0,6403992 0,6376333 0,5693212 0,4652154 0,3799989 0,3127198 0,05341625 0,4513087 1,189089 1,28367 1,226842 1,488757 1,914406 1,73372 1,814827 2,076766 2,282135 2,696968 2,488923 2,408448 
Absolute Error Mean: 1,043954

[ p ;  jungle26 ; breaker: 1,0 ] --> 0,2 0,5 0,76 1,37 1,93 2,24 2,72 2,93 3,2 3,51 3,78 4,08 4,57 4,9 5,19 5,3 5,92 6,1 6,37 6,76 7,09 7,24 7,7 7,8 8,24 8,5 
[ b ;  jungle26 ; breaker: 1,0 ] --> 0,2 9,699349 10,27642 10,55324 10,83341 11,69903 12,26205 12,49383 12,72362 13,15973 13,46455 13,70575 14,22362 14,68548 15,27637 15,50779 15,99045 16,27497 16,55628 17,17033 17,55902 17,92052 18,3548 18,89382 19,47855 20,19714 
[ e ;  jungle26 ; breaker: 1,0 ] --> 0 9,199349 9,516421 9,183241 8,903406 9,459027 9,542053 9,563828 9,523617 9,649725 9,684546 9,625754 9,653624 9,785484 10,08637 10,20779 10,07045 10,17497 10,18628 10,41033 10,46902 10,68052 10,6548 11,09382 11,23855 11,69714 
Absolute Error Mean: 9,62539

[ p ;  jungle26 ; breaker: 1,0 ] --> 0,2 0,5 0,76 1,37 1,93 2,24 2,72 2,93 3,2 3,51 3,78 4,08 4,57 4,9 5,19 5,3 5,92 6,1 6,37 6,76 7,09 7,24 7,7 7,8 8,24 8,5 
[ b ;  jungle26 ; breaker: 1,0 ] --> 0,2 0,4009546 0,6305209 1,266892 1,936784 2,291172 2,730437 3,21715 3,701792 4,292316 4,476784 4,68469 4,887465 5,323277 5,476619 5,682701 6,067851 6,272059 6,450991 6,83353 7,011933 7,217199 7,803442 8,086515 8,519648 8,832989 
[ e ;  jungle26 ; breaker: 1,0 ] --> 0 0,0990454 0,1294791 0,1031084 0,006784439 0,05117154 0,01043701 0,2871504 0,501792 0,7823164 0,6967838 0,6046901 0,3174653 0,4232764 0,2866187 0,3827009 0,147851 0,1720595 0,08099127 0,07352972 0,0780673 0,02280045 0,1034422 0,2865152 0,2796478 0,3329887 
Absolute Error Mean: 0,2407967

[ p ;  jungle26 ; breaker: 1,0 ] --> 0,2 0,5 0,76 1,37 1,93 2,24 2,72 2,93 3,2 3,51 3,78 4,08 4,57 4,9 5,19 5,3 5,92 6,1 6,37 6,76 7,09 7,24 7,7 7,8 8,24 8,5 
[ b ;  jungle26 ; breaker: 1,0 ] --> 0,2 0,7384847 1,171444 1,884737 2,653762 2,885637 3,541679 3,774228 4,085211 4,475601 4,908391 5,241591 5,831495 6,011178 6,240652 6,752324 7,396121 7,653291 7,885658 8,34529 8,703148 9,167478 9,499393 10,01123 10,49686 
[ e ;  jungle26 ; breaker: 1,0 ] --> 0 0,2384847 0,4114436 0,5147371 0,7237622 0,6456373 0,8216786 0,8442278 0,8852112 0,9656007 1,128391 1,161592 1,261495 1,111178 1,050652 1,452323 1,476121 1,553291 1,515658 1,58529 1,613148 1,927478 1,799394 2,21123 2,256865 
Absolute Error Mean: 1,448265

[ p ;  jungle26 ; breaker: 1,0 ] --> 0,2 0,5 0,76 1,37 1,93 2,24 2,72 2,93 3,2 3,51 3,78 4,08 4,57 4,9 5,19 5,3 5,92 6,1 6,37 6,76 7,09 7,24 7,7 7,8 8,24 8,5 
[ b ;  jungle26 ; breaker: 1,0 ] --> 0,2 0,5844567 1,411703 2,57334 3,423339 3,604243 4,306064 7,821442 8,282083 8,84761 9,053338 9,334596 9,797668 10,2594 10,90539 11,08698 11,29203 11,57496 12,01491 12,42905 13,02125 13,20312 13,43412 13,61248 14,12379 
[ e ;  jungle26 ; breaker: 1,0 ] --> 0 0,08445674 0,6517035 1,20334 1,493339 1,364243 1,586064 4,891441 5,082083 5,337609 5,273338 5,254596 5,227668 5,359396 5,715385 5,786983 5,372034 5,474959 5,644911 5,669046 5,931252 5,963118 5,734119 5,812479 5,883786 
Absolute Error Mean: 4,396052

[ p ;  jungle26 ; breaker: 1,0 ] --> 0,2 0,5 0,76 1,37 1,93 2,24 2,72 2,93 3,2 3,51 3,78 4,08 4,57 4,9 5,19 5,3 5,92 6,1 6,37 6,76 7,09 7,24 7,7 7,8 8,24 8,5 
[ b ;  jungle26 ; breaker: 1,0 ] --> 0,2 0,4832292 0,79515 1,286212 1,750135 2,055028 2,703613 3,218373 3,475977 3,708172 4,167669 4,42522 4,630062 5,142579 5,406565 5,611724 5,948935 6,467931 6,83498 7,147878 7,379884 7,590457 7,948576 8,361258 8,700894 
[ e ;  jungle26 ; breaker: 1,0 ] --> 0 0,01677075 0,03514999 0,08378816 0,1798652 0,1849723 0,01638675 0,288373 0,2759774 0,1981716 0,3876688 0,3452201 0,06006193 0,242579 0,2165647 0,3117242 0,02893448 0,3679314 0,4649801 0,3878775 0,2898841 0,3504572 0,2485766 0,5612574 0,4608946 
Absolute Error Mean: 0,5578488

[ p ;  jungle26 ; breaker: 1,0 ] --> 0,2 0,5 0,76 1,37 1,93 2,24 2,72 2,93 3,2 3,51 3,78 4,08 4,57 4,9 5,19 5,3 5,92 6,1 6,37 6,76 7,09 7,24 7,7 7,8 8,24 8,5 
[ b ;  jungle26 ; breaker: 1,0 ] --> 0,2 0,428722 0,7085943 1,303937 1,896325 2,127463 2,792293 3,0484 3,251101 3,633163 4,017715 4,457447 5,233955 5,415398 5,617752 6,083241 6,754397 6,98861 7,193411 7,710523 7,99558 8,544589 8,751678 8,92953 9,133856 
[ e ;  jungle26 ; breaker: 1,0 ] --> 0 0,07127804 0,05140573 0,06606281 0,03367448 0,1125369 0,07229257 0,1184001 0,05110121 0,1231627 0,237715 0,3774467 0,6639547 0,5153975 0,4277515 0,7832403 0,8343968 0,8886104 0,8234115 0,9505229 0,90558 1,304589 1,051679 1,12953 0,893856 
Absolute Error Mean: 0,8072153

[ p ;  jungle8 ; breaker: 1,0 ] --> 0,2 0,5 0,76 1,37 1,93 2,24 2,72 2,93 3,2 3,51 3,78 4,08 4,57 4,9 5,19 5,3 5,92 6,1 6,37 6,76 7,09 7,24 7,7 7,8 8,24 8,5 
[ s ;  jungle8 ; breaker: 1,0 ] --> 0,2 0,4849712 0,7412708 0,9978124 1,200691 1,837327 2,147314 2,35122 2,530298 
[ e ;  jungle8 ; breaker: 1,0 ] --> 0 0,01502877 0,01872915 0,3721876 0,7293092 0,4026725 0,572686 0,5787802 0,6697018 
Absolute Error Mean: 4,092657

[ p ;  jungle8 ; breaker: 1,0 ] --> 0,2 0,5 0,76 1,37 1,93 2,24 2,72 2,93 
[ s ;  jungle8 ; breaker: 1,0 ] --> 0,2 0,5285319 0,8068711 1,034861 1,738163 2,139825 2,36617 2,570718 2,74896 
[ e ;  jungle8 ; breaker: 1,0 ] --> 0 0,02853191 0,04687107 0,3351394 0,1918372 0,1001754 0,3538296 0,359282 
Absolute Error Mean: 0,1769583

[ p ;  jungle8 ; breaker: 1,0 ] --> 0,2 0,5 0,76 1,37 1,93 2,24 2,72 2,93 
[ s ;  jungle8 ; breaker: 1,0 ] --> 0,2 0,5086811 0,7627022 1,350564 1,956468 2,311528 2,540612 2,770481 2,972682 
[ e ;  jungle8 ; breaker: 1,0 ] --> 0 0,008681059 0,002702177 0,01943576 0,02646828 0,0715282 0,1793883 0,159519 
Absolute Error Mean: 0,05846534

[ p ;  jungle8 ; breaker: 1,0 ] --> 0,2 0,5 0,76 1,37 1,93 2,24 2,72 2,93 
[ s ;  jungle8 ; breaker: 1,0 ] --> 0,2 0,532339 0,7661074 1,045139 1,76054 2,093223 2,346567 2,548518 
[ e ;  jungle8 ; breaker: 1,0 ] --> 0 0,03233898 0,00610745 0,3248608 0,1694595 0,1467769 0,3734334 0,3814824 
Absolute Error Mean: 0,1793074

[ p ;  jungle8 ; breaker: 1,0 ] --> 0,2 0,5 0,76 1,37 1,93 2,24 2,72 2,93 
[ s ;  jungle8 ; breaker: 1,0 ] --> 0,2 0,5047929 0,7623218 1,022884 1,632317 2,040804 2,248134 2,450652 2,630812 
[ e ;  jungle8 ; breaker: 1,0 ] --> 0 0,004792929 0,002321839 0,3471158 0,2976828 0,1991959 0,4718659 0,4793484 
Absolute Error Mean: 0,2252904

[ p ;  jungle8 ; breaker: 1,0 ] --> 0,2 0,5 0,76 1,37 1,93 2,24 2,72 2,93 
[ s ;  jungle8 ; breaker: 1,0 ] --> 0,2 0,4025693 0,5846996 0,7913352 1,666364 1,922004 2,129527 2,30886 
[ e ;  jungle8 ; breaker: 1,0 ] --> 0 0,09743071 0,1753004 0,5786648 0,2636359 0,3179955 0,5904727 0,62114 
Absolute Error Mean: 0,33058

[ p ;  jungle8 ; breaker: 1,0 ] --> 0,2 0,5 0,76 1,37 1,93 2,24 2,72 2,93 
[ s ;  jungle8 ; breaker: 1,0 ] --> 0,2 0,5570886 0,8137735 1,093315 1,732998 2,042465 2,322947 2,552808 
[ e ;  jungle8 ; breaker: 1,0 ] --> 0 0,05708855 0,05377352 0,2766855 0,1970017 0,1975348 0,3970528 0,377192 
Absolute Error Mean: 0,1945411

[ p ;  jungle8 ; breaker: 1,0 ] --> 0,2 0,5 0,76 1,37 1,93 2,24 2,72 2,93 
[ s ;  jungle8 ; breaker: 1,0 ] --> 0,2 0,5293306 0,7602237 0,9632613 1,245192 1,754736 2,107482 2,309898 2,488564 
[ e ;  jungle8 ; breaker: 1,0 ] --> 0 0,02933055 0,0002236962 0,4067387 0,6848081 0,4852641 0,6125181 0,6201024 
Absolute Error Mean: 0,3548732

[ p ;  jungle8 ; breaker: 1,0 ] --> 0,2 0,5 0,76 1,37 1,93 2,24 2,72 2,93 
[ s ;  jungle8 ; breaker: 1,0 ] --> 0,2 0,4828118 0,7120945 1,116974 1,72099 2,046063 2,324207 2,500934 
[ e ;  jungle8 ; breaker: 1,0 ] --> 0 0,01718819 0,0479055 0,2530264 0,2090096 0,1939366 0,3957934 0,4290657 
Absolute Error Mean: 0,1932407

[ p ;  jungle8 ; breaker: 1,0 ] --> 0,2 0,5 0,76 1,37 1,93 2,24 2,72 2,93 
[ s ;  jungle8 ; breaker: 1,0 ] --> 0,2 0,6068643 0,8846259 1,26678 1,924656 2,25716 2,532215 2,763973 
[ e ;  jungle8 ; breaker: 1,0 ] --> 0 0,1068643 0,1246259 0,1032203 0,005343556 0,0171597 0,1877851 0,1660266 
Absolute Error Mean: 0,08887819

[ p ;  jungle26 ; breaker: 1,0 ] --> 0,2 0,5 0,76 1,37 1,93 2,24 2,72 2,93 
[ s ;  jungle26 ; breaker: 1,0 ] --> 0,2 2,549639 2,932359 3,189036 3,465792 3,971712 4,354276 4,557466 4,813989 5,198662 5,504656 5,832572 6,112576 6,443824 6,771168 7,002088 7,558408 7,918097 8,224283 8,428368 8,682535 8,837587 9,01341 9,166707 9,576446 9,781429 
[ e ;  jungle26 ; breaker: 1,0 ] --> 0 2,049639 2,172359 1,819036 1,535792 1,731712 1,634276 1,627466 
Absolute Error Mean: 1,571285

[ p ;  jungle26 ; breaker: 1,0 ] --> 0,2 0,5 0,76 1,37 1,93 2,24 2,72 2,93 3,2 3,51 3,78 4,08 4,57 4,9 5,19 5,3 5,92 6,1 6,37 6,76 7,09 7,24 7,7 7,8 8,24 8,5 
[ s ;  jungle26 ; breaker: 1,0 ] --> 0,2 0,5275811 0,8609705 1,341375 1,955007 2,313754 2,591448 2,791352 2,975683 3,257044 3,565066 3,870889 4,178196 4,51111 4,9455 5,174229 5,740556 6,073115 6,432494 6,685364 6,942706 7,096295 7,274386 7,759486 8,039737 8,241891 
[ e ;  jungle26 ; breaker: 1,0 ] --> 0 0,0275811 0,1009705 0,02862465 0,02500665 0,07375383 0,1285522 0,1386478 0,2243173 0,2529559 0,2149343 0,2091105 0,3918037 0,3888903 0,2444997 0,125771 0,1794438 0,02688456 0,06249428 0,07463646 0,147294 0,1437049 0,4256134 0,04051399 0,200263 0,2581091 
Absolute Error Mean: 0,1590145

[ p ;  jungle26 ; breaker: 1,0 ] --> 0,2 0,5 0,76 1,37 1,93 2,24 2,72 2,93 3,2 3,51 3,78 4,08 4,57 4,9 5,19 5,3 5,92 6,1 6,37 6,76 7,09 7,24 7,7 7,8 8,24 8,5 
[ s ;  jungle26 ; breaker: 1,0 ] --> 0,2 0,5767336 0,9092718 1,318154 1,799981 2,1814 2,434367 2,610108 2,789865 3,122639 3,404447 3,735844 4,068938 4,351107 4,682953 4,890052 5,069538 5,450312 5,754287 6,01006 6,266282 6,494836 6,750423 7,080492 7,407453 7,558925 7,711423 
[ e ;  jungle26 ; breaker: 1,0 ] --> 0 0,07673365 0,1492718 0,05184627 0,1300194 0,05859995 0,2856328 0,3198917 0,4101355 0,3873608 0,3755529 0,344156 0,5010619 0,5488935 0,5070467 0,4099483 0,850462 0,6496882 0,6157131 0,7499404 0,8237185 0,7451639 0,9495769 0,7195077 0,8325472 0,9410753 
Absolute Error Mean: 0,4782133

[ p ;  jungle26 ; breaker: 1,0 ] --> 0,2 0,5 0,76 1,37 1,93 2,24 2,72 2,93 3,2 3,51 3,78 4,08 4,57 4,9 5,19 5,3 5,92 6,1 6,37 6,76 7,09 7,24 7,7 7,8 8,24 8,5 
[ s ;  jungle26 ; breaker: 1,0 ] --> 0,2 0,5334072 0,8412797 1,273574 1,711804 1,994315 2,274187 2,504077 2,685282 2,99094 3,293067 3,623019 3,931256 4,214944 4,521972 4,75105 4,931523 5,289276 5,595662 5,856519 6,165085 6,398376 6,628532 7,062531 7,372442 7,528031 7,707693 
[ e ;  jungle26 ; breaker: 1,0 ] --> 0 0,03340715 0,08127975 0,09642637 0,2181964 0,245685 0,4458127 0,4259231 0,5147181 0,5190604 0,486933 0,4569805 0,6387439 0,6850557 0,6680284 0,5489502 0,9884772 0,8107238 0,7743382 0,9034815 0,9249148 0,8416238 1,071467 0,7374687 0,867558 0,9719687 
Absolute Error Mean: 0,5752778

[ p ;  jungle26 ; breaker: 1,0 ] --> 0,2 0,5 0,76 1,37 1,93 2,24 2,72 2,93 3,2 3,51 3,78 4,08 4,57 4,9 5,19 5,3 5,92 6,1 6,37 6,76 7,09 7,24 7,7 7,8 8,24 8,5 
[ s ;  jungle26 ; breaker: 1,0 ] --> 0,2 0,5090274 0,8199376 1,051221 1,307434 1,587201 1,84172 2,201216 2,485135 2,741899 2,972671 4,024782 4,459096 4,786736 5,068362 5,322523 5,604941 5,835409 6,27114 6,579443 6,859765 7,115634 7,372529 7,604303 7,835205 8,037997 8,26542 8,467957 
[ e ;  jungle26 ; breaker: 1,0 ] --> 0 0,009027421 0,05993766 0,3187793 0,6225662 0,6527987 0,8782799 0,7287838 0,7148654 0,768101 0,8073289 0,05521822 0,1109037 0,1132641 0,1216383 0,02252245 0,3150587 0,2645907 0,09885979 0,1805568 0,2302356 0,1243653 0,3274713 0,1956968 0,4047952 0,4620028 
Absolute Error Mean: 0,3302942

[ p ;  jungle26 ; breaker: 1,0 ] --> 0,2 0,5 0,76 1,37 1,93 2,24 2,72 2,93 3,2 3,51 3,78 4,08 4,57 4,9 5,19 5,3 5,92 6,1 6,37 6,76 7,09 7,24 7,7 7,8 8,24 8,5 
[ s ;  jungle26 ; breaker: 1,0 ] --> 0,2 0,6315569 1,246771 1,526657 1,884288 2,678788 3,059272 3,342947 3,549317 4,078617 4,384239 4,636898 4,893167 5,123514 5,327538 5,558174 5,865696 7,861741 8,146483 8,428885 8,710571 8,937565 9,164392 9,39585 9,705919 9,986712 10,19236 
[ e ;  jungle26 ; breaker: 1,0 ] --> 0 0,1315569 0,4867713 0,1566566 0,04571211 0,4387884 0,3392715 0,4129474 0,3493173 0,5686171 0,6042387 0,5568976 0,3231668 0,2235141 0,1375384 0,2581735 0,05430412 1,761741 1,776484 1,668884 1,620571 1,697565 1,464393 1,59585 1,465919 1,486712 
Absolute Error Mean: 0,7548304

[ p ;  jungle26 ; breaker: 1,0 ] --> 0,2 0,5 0,76 1,37 1,93 2,24 2,72 2,93 3,2 3,51 3,78 4,08 4,57 4,9 5,19 5,3 5,92 6,1 6,37 6,76 7,09 7,24 7,7 7,8 8,24 8,5 
[ s ;  jungle26 ; breaker: 1,0 ] --> 0,2 0,5562356 0,8584208 1,265743 1,855766 2,316783 2,619806 2,848577 3,024588 3,329915 3,609128 3,913074 4,215637 4,497352 4,803395 5,056722 5,310615 5,641552 5,947863 6,228171 6,507288 6,76322 6,990981 7,346989 7,673275 7,850371 8,03053 
[ e ;  jungle26 ; breaker: 1,0 ] --> 0 0,05623555 0,0984208 0,1042566 0,07423377 0,07678294 0,1001937 0,08142304 0,1754122 0,1800847 0,170872 0,1669254 0,354363 0,402648 0,3866048 0,2432785 0,609385 0,4584475 0,4221368 0,5318289 0,5827127 0,4767799 0,7090192 0,4530115 0,5667243 0,6496286 
Absolute Error Mean: 0,3127465

[ p ;  jungle26 ; breaker: 1,0 ] --> 0,2 0,5 0,76 1,37 1,93 2,24 2,72 2,93 3,2 3,51 3,78 4,08 4,57 4,9 5,19 5,3 5,92 6,1 6,37 6,76 7,09 7,24 7,7 7,8 8,24 8,5 
[ s ;  jungle26 ; breaker: 1,0 ] --> 0,2 0,5302419 0,7810639 1,032452 1,28569 1,668559 2,026677 2,234775 2,440172 2,692698 2,966405 3,27062 3,571605 3,824625 4,025442 4,481352 4,737641 4,997087 5,174915 5,451511 5,727713 6,03294 6,310298 6,591802 6,848855 7,105173 7,284266 7,590951 7,899769 8,178197 8,410002 8,64091 8,873177 9,152732 9,488471 9,668045 9,84876 
[ e ;  jungle26 ; breaker: 1,0 ] --> 0 0,03024191 0,02106386 0,3375475 0,6443098 0,5714409 0,6933229 0,6952252 0,7598276 0,817302 0,8135953 0,8093801 0,998395 1,075376 1,164558 0,8186479 1,182359 1,102912 1,195085 1,308489 1,362288 1,20706 1,389701 1,208198 1,391145 1,394827 
Absolute Error Mean: 0,8843192

[ p ;  jungle26 ; breaker: 1,0 ] --> 0,2 0,5 0,76 1,37 1,93 2,24 2,72 2,93 3,2 3,51 3,78 4,08 4,57 4,9 5,19 5,3 5,92 6,1 6,37 6,76 7,09 7,24 7,7 7,8 8,24 8,5 
[ s ;  jungle26 ; breaker: 1,0 ] --> 0,2 0,5352477 0,8406968 1,222025 1,829145 2,129336 2,461378 2,664587 2,845654 3,100607 3,403488 3,703643 4,009414 4,285861 4,537806 4,816234 4,993248 5,295435 5,600926 5,880013 6,108943 6,360166 6,590023 6,893802 7,248415 7,42951 
[ e ;  jungle26 ; breaker: 1,0 ] --> 0 0,03524774 0,08069682 0,1479746 0,1008548 0,1106644 0,2586219 0,2654128 0,3543463 0,4093931 0,3765121 0,3763573 0,5605865 0,6141391 0,652194 0,4837661 0,9267521 0,8045645 0,769074 0,8799872 0,9810576 0,8798342 1,109977 0,906198 0,9915848 1,07049 
Absolute Error Mean: 0,544088

[ p ;  jungle26 ; breaker: 1,0 ] --> 0,2 0,5 0,76 1,37 1,93 2,24 2,72 2,93 3,2 3,51 3,78 4,08 4,57 4,9 5,19 5,3 5,92 6,1 6,37 6,76 7,09 7,24 7,7 7,8 8,24 8,5 
[ s ;  jungle26 ; breaker: 1,0 ] --> 0,2 0,5618088 0,843568 1,175278 1,686655 2,019759 2,298765 2,531503 2,866151 3,173086 3,476596 3,758555 4,067507 4,325511 4,634172 4,837464 5,017427 5,326202 5,683754 5,962489 6,218014 6,474477 6,704387 6,988045 7,34415 7,629789 
[ e ;  jungle26 ; breaker: 1,0 ] --> 0 0,06180882 0,08356798 0,1947218 0,2433448 0,2202406 0,4212351 0,3984966 0,333849 0,3369138 0,3034036 0,3214452 0,5024929 0,5744896 0,5558281 0,4625363 0,9025726 0,7737975 0,6862459 0,7975111 0,8719864 0,7655225 0,9956131 0,8119555 0,8958502 0,8702106 
Absolute Error Mean: 0,5148323

[ p ;  jungle8 ; breaker: 1,0 ] --> 0,2 0,5 0,76 1,37 1,93 2,24 2,72 2,93 3,2 3,51 3,78 4,08 4,57 4,9 5,19 5,3 5,92 6,1 6,37 6,76 7,09 7,24 7,7 7,8 8,24 8,5 
