
NEW RESULT

[ p ;  jungle8 ; breaker: 1,0 ] --> 0,2 0,5 0,76 1,37 1,93 2,24 2,72 2,93 
[ b ;  jungle8 ; breaker: 1,0 ] --> 0,2 0,6287 0,9090616 1,540784 2,275674 2,577575 3,184083 3,51439 
[ e ;  jungle8 ; breaker: 1,0 ] --> 0 0,1287 0,1490616 0,1707835 0,3456737 0,3375752 0,4640834 0,5843904 
Absolute Error Mean: 0,2725335

[ p ;  jungle8 ; breaker: 1,0 ] --> 0,2 0,5 0,76 1,37 1,93 2,24 2,72 2,93 
[ b ;  jungle8 ; breaker: 1,0 ] --> 0,2 0,5571936 0,8922006 1,504482 2,167435 2,470589 3,09675 3,298828 
[ e ;  jungle8 ; breaker: 1,0 ] --> 0 0,05719358 0,1322006 0,1344817 0,2374355 0,2305892 0,3767498 0,3688281 
Absolute Error Mean: 0,1921848

[ p ;  jungle8 ; breaker: 1,0 ] --> 0,2 0,5 0,76 1,37 1,93 2,24 2,72 2,93 
[ b ;  jungle8 ; breaker: 1,0 ] --> 0,2 0,4506954 0,7733419 1,426171 2,058349 2,385747 2,968232 3,246618 
[ e ;  jungle8 ; breaker: 1,0 ] --> 0 0,04930457 0,0133419 0,05617142 0,1283494 0,1457474 0,2482324 0,3166175 
Absolute Error Mean: 0,1197206

[ p ;  jungle8 ; breaker: 1,0 ] --> 0,2 0,5 0,76 1,37 1,93 2,24 2,72 2,93 
[ b ;  jungle8 ; breaker: 1,0 ] --> 0,2 0,4823893 0,7618881 1,39237 2,047775 2,325713 2,857024 3,13681 
[ e ;  jungle8 ; breaker: 1,0 ] --> 0 0,0176107 0,001888096 0,0223701 0,1177748 0,08571315 0,1370242 0,2068098 
Absolute Error Mean: 0,07364886

[ p ;  jungle8 ; breaker: 1,0 ] --> 0,2 0,5 0,76 1,37 1,93 2,24 2,72 2,93 
[ b ;  jungle8 ; breaker: 1,0 ] --> 0,2 0,4780115 0,8069686 1,462156 2,067899 2,342204 2,921762 3,122032 
[ e ;  jungle8 ; breaker: 1,0 ] --> 0 0,02198851 0,04696864 0,09215617 0,1378988 0,1022038 0,2017615 0,1920316 
Absolute Error Mean: 0,09937613

[ p ;  jungle8 ; breaker: 1,0 ] --> 0,2 0,5 0,76 1,37 1,93 2,24 2,72 2,93 
[ b ;  jungle8 ; breaker: 1,0 ] --> 0,2 0,4555082 0,7341033 1,290452 1,954336 2,229648 2,762932 2,938814 
[ e ;  jungle8 ; breaker: 1,0 ] --> 0 0,0444918 0,02589667 0,07954776 0,02433598 0,0103519 0,0429318 0,008814335 
Absolute Error Mean: 0,02954628

[ p ;  jungle8 ; breaker: 1,0 ] --> 0,2 0,5 0,76 1,37 1,93 2,24 2,72 2,93 
[ b ;  jungle8 ; breaker: 1,0 ] --> 0,2 0,4780415 0,7807686 1,433895 2,169135 2,401272 3,036211 3,240725 
[ e ;  jungle8 ; breaker: 1,0 ] --> 0 0,0219585 0,02076858 0,06389487 0,2391347 0,161272 0,3162112 0,310725 
Absolute Error Mean: 0,1417456

[ p ;  jungle8 ; breaker: 1,0 ] --> 0,2 0,5 0,76 1,37 1,93 2,24 2,72 2,93 
[ b ;  jungle8 ; breaker: 1,0 ] --> 0,2 0,5017607 0,7564507 1,438436 2,164716 2,416703 2,95217 3,130128 
[ e ;  jungle8 ; breaker: 1,0 ] --> 0 0,001760721 0,003549337 0,06843567 0,2347158 0,1767027 0,2321703 0,2001281 
Absolute Error Mean: 0,1146828

[ p ;  jungle8 ; breaker: 1,0 ] --> 0,2 0,5 0,76 1,37 1,93 2,24 2,72 2,93 
[ b ;  jungle8 ; breaker: 1,0 ] --> 0,2 0,477104 0,7051419 1,383415 2,113925 2,317697 3,107808 3,285258 
[ e ;  jungle8 ; breaker: 1,0 ] --> 0 0,02289596 0,05485809 0,01341522 0,1839246 0,0776968 0,3878081 0,3552577 
Absolute Error Mean: 0,1369821

[ p ;  jungle8 ; breaker: 1,0 ] --> 0,2 0,5 0,76 1,37 1,93 2,24 2,72 2,93 
[ b ;  jungle8 ; breaker: 1,0 ] --> 0,2 0,4273642 0,6550993 1,315047 2,093992 2,323168 2,980552 3,131794 
[ e ;  jungle8 ; breaker: 1,0 ] --> 0 0,07263577 0,1049007 0,05495322 0,1639916 0,08316803 0,2605522 0,2017939 
Absolute Error Mean: 0,1177494

[ p ;  jungle16 ; breaker: 1,0 ] --> 0,2 0,5 0,76 1,37 1,93 2,24 2,72 2,93 
[ s ;  jungle16 ; breaker: 1,0 ] --> 0,2 0,5505762 0,8283235 1,358294 1,889512 2,195959 2,471473 2,750423 3,209101 3,563387 3,867006 4,196539 4,547135 4,798968 5,125171 5,355611 
[ e ;  jungle16 ; breaker: 1,0 ] --> 0 0,05057615 0,06832355 0,01170576 0,04048824 0,04404116 0,2485268 0,1795769 
Absolute Error Mean: 0,08040482

[ p ;  jungle16 ; breaker: 1,0 ] --> 0,2 0,5 0,76 1,37 1,93 2,24 2,72 2,93 3,2 3,51 3,78 4,08 4,57 4,9 5,19 5,3 
[ s ;  jungle16 ; breaker: 1,0 ] --> 0,2 0,5796518 0,8581442 1,109814 1,609012 1,959189 2,256951 2,484038 2,985128 3,240596 3,520719 3,852722 4,184637 4,461525 4,79177 5,042827 5,298279 8,29917 8,625674 9,129271 9,480897 9,784238 10,05809 10,30929 10,76346 11,22214 11,5034 11,9315 12,26215 12,54283 12,81867 13,02204 13,27609 14,10845 14,38625 14,66206 15,01326 15,33871 15,6169 15,94688 16,39803 16,70314 17,03223 17,30918 17,63858 17,96347 18,47292 18,72841 
[ e ;  jungle16 ; breaker: 1,0 ] --> 0 0,07965177 0,09814423 0,2601857 0,3209882 0,2808106 0,4630494 0,4459617 0,2148724 0,2694042 0,2592809 0,2272778 0,3853631 0,4384751 0,3982306 0,2571735 
Absolute Error Mean: 0,2749293

[ p ;  jungle16 ; breaker: 1,0 ] --> 0,2 0,5 0,76 1,37 1,93 2,24 2,72 2,93 3,2 3,51 3,78 4,08 4,57 4,9 5,19 5,3 
[ s ;  jungle16 ; breaker: 1,0 ] --> 0,2 0,5987645 0,8981441 1,352394 1,879393 2,254161 2,558533 2,913558 2,963917 3,41593 3,789863 4,142868 4,470107 4,772019 5,278311 5,555315 
[ e ;  jungle16 ; breaker: 1,0 ] --> 0 0,09876454 0,1381441 0,01760578 0,05060744 0,01416087 0,1614668 0,01644254 0,2360833 0,0940702 0,0098629 0,06286764 0,09989309 0,1279812 0,08831072 0,2553144 
Absolute Error Mean: 0,09197347

[ p ;  jungle16 ; breaker: 1,0 ] --> 0,2 0,5 0,76 1,37 1,93 2,24 2,72 2,93 3,2 3,51 3,78 4,08 4,57 4,9 5,19 5,3 
[ s ;  jungle16 ; breaker: 1,0 ] --> 0,2 0,6028228 1,012698 1,489636 2,039978 2,36569 2,642312 2,94286 3,37446 3,6298 3,954979 4,281126 4,584738 4,858412 5,134837 5,464439 
[ e ;  jungle16 ; breaker: 1,0 ] --> 0 0,1028228 0,2526984 0,1196357 0,1099778 0,1256905 0,07768774 0,0128603 0,1744599 0,1197999 0,174979 0,2011261 0,01473761 0,04158783 0,05516291 0,1644387 
Absolute Error Mean: 0,1092291

[ p ;  jungle16 ; breaker: 1,0 ] --> 0,2 0,5 0,76 1,37 1,93 2,24 2,72 2,93 3,2 3,51 3,78 4,08 4,57 4,9 5,19 5,3 
[ s ;  jungle16 ; breaker: 1,0 ] --> 0,2 0,6038568 1,23302 1,69394 2,274869 2,525798 2,780038 3,030533 3,452258 3,730716 4,08697 4,342066 4,678072 5,008753 5,336051 5,641096 
[ e ;  jungle16 ; breaker: 1,0 ] --> 0 0,1038568 0,4730202 0,3239403 0,3448693 0,2857976 0,06003833 0,1005332 0,2522576 0,220716 0,3069704 0,2620659 0,1080723 0,1087527 0,1460509 0,3410959 
Absolute Error Mean: 0,2148773

[ p ;  jungle16 ; breaker: 1,0 ] --> 0,2 0,5 0,76 1,37 1,93 2,24 2,72 2,93 3,2 3,51 3,78 4,08 4,57 4,9 5,19 5,3 
[ s ;  jungle16 ; breaker: 1,0 ] --> 0,2 0,6298102 1,03451 1,417459 1,77142 2,224937 2,503179 2,779288 3,183109 3,484083 3,834969 4,13742 4,465511 4,766196 5,251048 5,45555 
[ e ;  jungle16 ; breaker: 1,0 ] --> 0 0,1298102 0,2745101 0,04745889 0,1585797 0,01506281 0,216821 0,1507123 0,01689124 0,02591658 0,05496931 0,05742025 0,1044893 0,1338043 0,06104755 0,1555495 
Absolute Error Mean: 0,1001902

[ p ;  jungle16 ; breaker: 1,0 ] --> 0,2 0,5 0,76 1,37 1,93 2,24 2,72 2,93 3,2 3,51 3,78 4,08 4,57 4,9 5,19 5,3 
[ s ;  jungle16 ; breaker: 1,0 ] --> 0,2 0,5780359 0,8285413 1,152075 1,849149 2,17737 2,529501 3,062488 3,46864 3,826792 4,151637 4,428219 4,757526 5,036735 5,392187 5,646293 
[ e ;  jungle16 ; breaker: 1,0 ] --> 0 0,07803589 0,06854135 0,2179247 0,08085144 0,0626297 0,1904986 0,132488 0,26864 0,3167915 0,3716371 0,3482194 0,1875257 0,136735 0,2021866 0,346293 
Absolute Error Mean: 0,1880624

[ p ;  jungle16 ; breaker: 1,0 ] --> 0,2 0,5 0,76 1,37 1,93 2,24 2,72 2,93 3,2 3,51 3,78 4,08 4,57 4,9 5,19 5,3 
[ s ;  jungle16 ; breaker: 1,0 ] --> 0,2 0,5473541 0,9008974 1,181845 1,538973 1,945036 2,223835 2,500031 2,952875 3,278112 3,579029 3,929008 4,202169 4,524941 4,874471 5,156042 
[ e ;  jungle16 ; breaker: 1,0 ] --> 0 0,0473541 0,1408974 0,1881546 0,3910265 0,294964 0,4961648 0,4299688 0,2471254 0,2318881 0,2009709 0,1509924 0,3678312 0,3750587 0,3155293 0,1439581 
Absolute Error Mean: 0,2513677

[ p ;  jungle16 ; breaker: 1,0 ] --> 0,2 0,5 0,76 1,37 1,93 2,24 2,72 2,93 3,2 3,51 3,78 4,08 4,57 4,9 5,19 5,3 
[ s ;  jungle16 ; breaker: 1,0 ] --> 0,2 0,6284873 0,9060816 1,442691 1,696037 2,079318 2,361294 2,692272 3,099104 3,352676 3,661235 3,967327 4,274823 4,501913 4,808506 5,167448 
[ e ;  jungle16 ; breaker: 1,0 ] --> 0 0,1284873 0,1460816 0,07269073 0,2339627 0,160682 0,3587058 0,2377281 0,1008961 0,1573241 0,1187646 0,112673 0,2951775 0,398087 0,381494 0,1325521 
Absolute Error Mean: 0,1897067

[ p ;  jungle16 ; breaker: 1,0 ] --> 0,2 0,5 0,76 1,37 1,93 2,24 2,72 2,93 3,2 3,51 3,78 4,08 4,57 4,9 5,19 5,3 
[ s ;  jungle16 ; breaker: 1,0 ] --> 0,2 0,5548345 0,8107508 1,088613 1,64468 1,970626 2,27274 2,576138 2,879604 3,131604 3,388849 3,664922 3,97024 4,299134 4,603371 4,909126 
[ e ;  jungle16 ; breaker: 1,0 ] --> 0 0,05483449 0,05075085 0,2813867 0,2853197 0,2693735 0,4472604 0,3538616 0,3203964 0,378396 0,391151 0,4150784 0,5997605 0,6008663 0,5866294 0,3908744 
Absolute Error Mean: 0,3391212

[ p ;  jungle16 ; breaker: 1,0 ] --> 0,2 0,5 0,76 1,37 1,93 2,24 2,72 2,93 3,2 3,51 3,78 4,08 4,57 4,9 5,19 5,3 
[ b ;  jungle16 ; breaker: 1,0 ] --> 0,2 0,5819245 0,8625755 1,3975 1,982264 2,265782 2,544598 2,920018 3,224923 3,403893 3,583148 3,937363 4,216515 4,908793 5,186639 5,466999 
[ e ;  jungle16 ; breaker: 1,0 ] --> 0 0,0819245 0,1025755 0,02750039 0,05226445 0,02578211 0,1754024 0,009982347 0,02492309 0,1061068 0,196852 0,1426368 0,3534851 0,008793354 0,003361225 0,1669984 
Absolute Error Mean: 0,09241177

[ p ;  jungle16 ; breaker: 1,0 ] --> 0,2 0,5 0,76 1,37 1,93 2,24 2,72 2,93 3,2 3,51 3,78 4,08 4,57 4,9 5,19 5,3 
[ b ;  jungle16 ; breaker: 1,0 ] --> 0,2 0,480795 0,7614436 1,287551 1,801781 2,054617 2,689747 2,945453 3,173939 3,403212 3,631476 3,835851 4,553543 5,06124 5,467654 5,648349 
[ e ;  jungle16 ; breaker: 1,0 ] --> 0 0,01920503 0,001443624 0,08244908 0,128219 0,1853831 0,03025293 0,01545334 0,02606106 0,1067877 0,1485243 0,2441485 0,01645708 0,1612401 0,2776542 0,3483491 
Absolute Error Mean: 0,1119768

[ p ;  jungle16 ; breaker: 1,0 ] --> 0,2 0,5 0,76 1,37 1,93 2,24 2,72 2,93 3,2 3,51 3,78 4,08 4,57 4,9 5,19 5,3 
[ b ;  jungle16 ; breaker: 1,0 ] --> 0,2 0,8573692 1,13624 1,824471 2,510516 2,787913 3,392004 3,821082 4,024152 4,27524 4,478106 4,730144 5,243237 5,953613 6,359377 6,819129 
[ e ;  jungle16 ; breaker: 1,0 ] --> 0 0,3573692 0,3762397 0,4544711 0,5805165 0,5479131 0,6720042 0,8910818 0,8241518 0,76524 0,6981065 0,6501436 0,6732368 1,053613 1,169377 1,519128 
Absolute Error Mean: 0,7020371

[ p ;  jungle16 ; breaker: 1,0 ] --> 0,2 0,5 0,76 1,37 1,93 2,24 2,72 2,93 3,2 3,51 3,78 4,08 4,57 4,9 5,19 5,3 
[ b ;  jungle16 ; breaker: 1,0 ] --> 0,2 0,4520512 0,7042119 1,387098 2,043721 2,32153 3,153498 3,51082 3,78684 4,041219 4,272187 4,68564 5,470494 6,155147 6,435523 6,687559 
[ e ;  jungle16 ; breaker: 1,0 ] --> 0 0,04794881 0,0557881 0,01709771 0,1137213 0,08153033 0,4334984 0,5808198 0,5868399 0,5312192 0,4921873 0,6056404 0,9004936 1,255147 1,245522 1,387559 
Absolute Error Mean: 0,5209383

[ p ;  jungle16 ; breaker: 1,0 ] --> 0,2 0,5 0,76 1,37 1,93 2,24 2,72 2,93 3,2 3,51 3,78 4,08 4,57 4,9 5,19 5,3 
[ b ;  jungle16 ; breaker: 1,0 ] --> 0,2 0,8121049 1,091629 1,807202 2,446313 2,671573 3,388165 3,644841 3,872944 4,103402 4,333994 4,538612 5,022112 5,713455 6,250539 6,430881 
[ e ;  jungle16 ; breaker: 1,0 ] --> 0 0,3121049 0,3316289 0,4372021 0,516313 0,4315729 0,6681654 0,7148409 0,6729436 0,5934017 0,5539944 0,4586124 0,4521117 0,8134546 1,060539 1,13088 
Absolute Error Mean: 0,5717354

[ p ;  jungle16 ; breaker: 1,0 ] --> 0,2 0,5 0,76 1,37 1,93 2,24 2,72 2,93 3,2 3,51 3,78 4,08 4,57 4,9 5,19 5,3 
[ b ;  jungle16 ; breaker: 1,0 ] --> 0,2 0,4525823 0,703992 1,410734 2,050112 2,253938 3,109874 3,361075 3,588136 3,788277 4,04342 4,295212 5,093367 5,398845 5,930126 6,107617 
[ e ;  jungle16 ; breaker: 1,0 ] --> 0 0,04741773 0,05600798 0,04073381 0,1201118 0,01393843 0,3898742 0,4310753 0,3881357 0,2782774 0,2634203 0,2152123 0,5233665 0,4988451 0,7401257 0,8076167 
Absolute Error Mean: 0,3008849

[ p ;  jungle16 ; breaker: 1,0 ] --> 0,2 0,5 0,76 1,37 1,93 2,24 2,72 2,93 3,2 3,51 3,78 4,08 4,57 4,9 5,19 5,3 
[ b ;  jungle16 ; breaker: 1,0 ] --> 0,2 0,7313894 1,011791 1,70234 2,440274 2,640108 3,402091 3,681707 3,886508 4,116521 4,296647 4,575741 5,208491 5,941709 6,270318 6,475237 
[ e ;  jungle16 ; breaker: 1,0 ] --> 0 0,2313894 0,2517906 0,3323398 0,5102741 0,4001079 0,6820912 0,7517071 0,6865079 0,6065214 0,5166466 0,4957414 0,6384912 1,041708 1,080318 1,175237 
Absolute Error Mean: 0,5875545

[ p ;  jungle16 ; breaker: 1,0 ] --> 0,2 0,5 0,76 1,37 1,93 2,24 2,72 2,93 3,2 3,51 3,78 4,08 4,57 4,9 5,19 5,3 
[ b ;  jungle16 ; breaker: 1,0 ] --> 0,2 0,4309497 0,6591515 1,242059 1,875051 2,078919 2,767337 2,996513 3,201956 3,430089 3,708479 4,012531 4,518494 5,159804 5,743973 5,952414 
[ e ;  jungle16 ; breaker: 1,0 ] --> 0 0,06905031 0,1008485 0,1279408 0,05494928 0,1610811 0,04733658 0,06651306 0,001955509 0,07991147 0,07152081 0,06746912 0,05150652 0,2598038 0,5539732 0,6524138 
Absolute Error Mean: 0,1478921

[ p ;  jungle16 ; breaker: 1,0 ] --> 0,2 0,5 0,76 1,37 1,93 2,24 2,72 2,93 3,2 3,51 3,78 4,08 4,57 4,9 5,19 5,3 
[ b ;  jungle16 ; breaker: 1,0 ] --> 0,2 0,4778731 0,7090264 1,320098 1,949516 2,199355 2,835966 3,141849 3,345651 3,573411 3,800197 4,004047 4,749863 5,279923 5,558907 5,784195 
[ e ;  jungle16 ; breaker: 1,0 ] --> 0 0,02212691 0,05097359 0,0499016 0,01951647 0,04064536 0,1159663 0,2118492 0,1456509 0,06341052 0,02019668 0,07595253 0,1798625 0,3799233 0,3689065 0,4841952 
Absolute Error Mean: 0,1393173

[ p ;  jungle16 ; breaker: 1,0 ] --> 0,2 0,5 0,76 1,37 1,93 2,24 2,72 2,93 3,2 3,51 3,78 4,08 4,57 4,9 5,19 5,3 
[ b ;  jungle16 ; breaker: 1,0 ] --> 0,2 0,4538113 0,6874346 1,251342 1,864609 2,068488 2,780379 3,011126 3,215851 3,420683 3,624663 3,955926 4,827082 5,435187 5,79386 5,974226 
[ e ;  jungle16 ; breaker: 1,0 ] --> 0 0,04618868 0,07256538 0,1186578 0,06539047 0,1715119 0,06037879 0,08112597 0,01585078 0,08931661 0,1553373 0,1240737 0,257082 0,5351868 0,6038599 0,6742263 
Absolute Error Mean: 0,191922

[ p ;  jungle26 ; breaker: 1,0 ] --> 0,2 0,5 0,76 1,37 1,93 2,24 2,72 2,93 3,2 3,51 3,78 4,08 4,57 4,9 5,19 5,3 
[ b ;  jungle26 ; breaker: 1,0 ] --> 0,2 0,4570672 0,713493 1,322079 1,882263 2,085965 2,79546 3,047623 3,228556 3,431758 3,636962 3,893405 4,251607 4,910132 5,67882 5,93154 6,132824 6,386176 6,89769 7,62885 8,182071 8,485187 8,738132 8,96596 9,191463 9,474546 
[ e ;  jungle26 ; breaker: 1,0 ] --> 0 0,04293278 0,04650694 0,04792094 0,047737 0,1540351 0,07545948 0,1176229 0,02855587 0,0782423 0,1430376 0,1865947 0,3183932 0,01013231 0,4888201 0,6315393 
Absolute Error Mean: 0,1510957

[ p ;  jungle26 ; breaker: 1,0 ] --> 0,2 0,5 0,76 1,37 1,93 2,24 2,72 2,93 3,2 3,51 3,78 4,08 4,57 4,9 5,19 5,3 5,92 6,1 6,37 6,76 7,09 7,24 7,7 7,8 8,24 8,5 
[ b ;  jungle26 ; breaker: 1,0 ] --> 0,2 0,400246 0,602532 1,081573 1,810655 2,165074 2,997765 3,251321 3,504046 3,735404 3,965846 4,219705 5,084543 5,998022 6,202756 6,430019 6,658244 6,913066 7,197897 7,864943 8,348948 9,110833 9,317115 9,545231 9,751118 10,00624 
[ e ;  jungle26 ; breaker: 1,0 ] --> 0 0,09975401 0,157468 0,2884265 0,1193454 0,07492614 0,2777653 0,3213212 0,3040459 0,2254038 0,1858459 0,1397052 0,5145426 1,098022 1,012756 1,130019 0,7382436 0,8130665 0,8278975 1,104942 1,258947 1,870833 1,617115 1,745231 1,511118 1,506238 
Absolute Error Mean: 0,7285761

[ p ;  jungle26 ; breaker: 1,0 ] --> 0,2 0,5 0,76 1,37 1,93 2,24 2,72 2,93 3,2 3,51 3,78 4,08 4,57 4,9 5,19 5,3 5,92 6,1 6,37 6,76 7,09 7,24 7,7 7,8 8,24 8,5 
[ b ;  jungle26 ; breaker: 1,0 ] --> 0,2 0,4049859 0,613305 1,324673 1,914905 2,120379 2,939957 3,167072 3,369861 3,598239 3,82836 4,059118 4,62539 5,295278 5,753987 6,753852 7,034568 7,237793 7,443107 7,651147 7,830313 8,062371 8,521291 9,236192 9,442261 9,647386 
[ e ;  jungle26 ; breaker: 1,0 ] --> 0 0,0950141 0,146695 0,04532671 0,01509511 0,1196206 0,2199574 0,2370718 0,1698611 0,08823895 0,04836011 0,02088213 0,0553894 0,3952775 0,5639868 1,453852 1,114568 1,137794 1,073107 0,8911471 0,7403131 0,8223715 0,821291 1,436192 1,202261 1,147386 
Absolute Error Mean: 0,5408099

[ p ;  jungle26 ; breaker: 1,0 ] --> 0,2 0,5 0,76 1,37 1,93 2,24 2,72 2,93 3,2 3,51 3,78 4,08 4,57 4,9 5,19 5,3 5,92 6,1 6,37 6,76 7,09 7,24 7,7 7,8 8,24 8,5 
[ b ;  jungle26 ; breaker: 1,0 ] --> 0,2 0,4051645 0,6361411 1,29742 1,833195 2,062848 2,836782 3,066064 3,266585 3,445765 3,676019 3,9855 4,877305 5,283085 5,866167 6,244621 6,424499 7,129748 7,357602 7,560043 7,76317 8,170462 8,654123 8,909119 9,111179 9,393741 
[ e ;  jungle26 ; breaker: 1,0 ] --> 0 0,09483549 0,1238589 0,07257998 0,0968051 0,1771522 0,1167824 0,1360643 0,06658483 0,06423473 0,1039808 0,09449983 0,3073044 0,3830853 0,6761665 0,9446211 0,5044985 1,029748 0,9876022 0,8000426 0,6731696 0,9304619 0,9541235 1,109118 0,8711796 0,8937407 
Absolute Error Mean: 0,4697016

[ p ;  jungle26 ; breaker: 1,0 ] --> 0,2 0,5 0,76 1,37 1,93 2,24 2,72 2,93 3,2 3,51 3,78 4,08 4,57 4,9 5,19 5,3 5,92 6,1 6,37 6,76 7,09 7,24 7,7 7,8 8,24 8,5 
[ b ;  jungle26 ; breaker: 1,0 ] --> 0,2 0,6094702 0,9190463 1,556445 2,254648 2,463165 3,229426 3,484395 3,739407 3,997169 4,277625 4,53446 5,461821 6,047367 6,537324 6,691725 7,415193 7,645792 7,95193 8,156071 8,414829 9,056449 9,235141 9,443626 9,599343 9,778415 
[ e ;  jungle26 ; breaker: 1,0 ] --> 0 0,1094702 0,1590464 0,186445 0,3246485 0,2231646 0,5094264 0,5543945 0,539407 0,4871686 0,4976251 0,4544601 0,8918204 1,147367 1,347324 1,391725 1,495193 1,545792 1,58193 1,39607 1,324829 1,816449 1,535141 1,643626 1,359344 1,278415 
Absolute Error Mean: 0,9153956

[ p ;  jungle26 ; breaker: 1,0 ] --> 0,2 0,5 0,76 1,37 1,93 2,24 2,72 2,93 3,2 3,51 3,78 4,08 4,57 4,9 5,19 5,3 5,92 6,1 6,37 6,76 7,09 7,24 7,7 7,8 8,24 8,5 
[ b ;  jungle26 ; breaker: 1,0 ] --> 0,2 0,4510323 0,6603573 1,320533 1,855684 2,087671 2,64834 2,879029 3,060241 3,318109 3,65228 4,240212 5,051815 5,456977 5,735914 6,295979 6,475451 7,533763 7,938168 8,599882 8,780368 8,959674 9,31642 9,944564 10,12368 10,30194 
[ e ;  jungle26 ; breaker: 1,0 ] --> 0 0,04896769 0,09964269 0,04946744 0,07431579 0,1523292 0,07166052 0,05097127 0,1397595 0,1918914 0,1277201 0,1602125 0,4818149 0,5569768 0,5459137 0,9959784 0,5554514 1,433763 1,568168 1,839882 1,690368 1,719674 1,61642 2,144564 1,883676 1,801944 
Absolute Error Mean: 0,7692896

[ p ;  jungle26 ; breaker: 1,0 ] --> 0,2 0,5 0,76 1,37 1,93 2,24 2,72 2,93 3,2 3,51 3,78 4,08 4,57 4,9 5,19 5,3 5,92 6,1 6,37 6,76 7,09 7,24 7,7 7,8 8,24 8,5 
[ b ;  jungle26 ; breaker: 1,0 ] --> 0,2 0,4303804 0,6333592 1,248522 1,835694 2,011077 2,851022 3,030598 3,261618 3,462634 3,712628 4,044052 4,86337 5,295063 5,85722 6,769953 6,976015 7,17749 7,379722 7,582802 7,813004 7,991983 8,52584 9,012189 9,216582 9,420459 
[ e ;  jungle26 ; breaker: 1,0 ] --> 0 0,06961957 0,1266408 0,1214781 0,09430563 0,2289226 0,1310225 0,1005981 0,06161833 0,04736614 0,06737161 0,03594828 0,2933698 0,3950629 0,6672201 1,469953 1,056015 1,07749 1,009722 0,8228021 0,7230043 0,7519836 0,82584 1,212189 0,9765825 0,9204588 
Absolute Error Mean: 0,5110224

[ p ;  jungle26 ; breaker: 1,0 ] --> 0,2 0,5 0,76 1,37 1,93 2,24 2,72 2,93 3,2 3,51 3,78 4,08 4,57 4,9 5,19 5,3 5,92 6,1 6,37 6,76 7,09 7,24 7,7 7,8 8,24 8,5 
[ b ;  jungle26 ; breaker: 1,0 ] --> 0,2 0,4569466 0,7914625 1,421252 2,008799 2,235315 2,942034 3,173137 3,377152 3,582077 3,838107 4,095481 4,433403 5,258754 5,519606 6,035094 6,212752 6,877964 7,160124 7,393014 7,884349 8,138582 8,342612 8,702372 8,881515 9,064651 
[ e ;  jungle26 ; breaker: 1,0 ] --> 0 0,04305336 0,03146249 0,05125165 0,07879865 0,004685163 0,2220335 0,2431366 0,1771524 0,07207727 0,05810738 0,01548147 0,1365976 0,3587542 0,3296056 0,7350936 0,2927518 0,7779636 0,7901244 0,6330137 0,7943492 0,8985825 0,6426125 0,9023714 0,6415148 0,5646515 
Absolute Error Mean: 0,365201

[ p ;  jungle26 ; breaker: 1,0 ] --> 0,2 0,5 0,76 1,37 1,93 2,24 2,72 2,93 3,2 3,51 3,78 4,08 4,57 4,9 5,19 5,3 5,92 6,1 6,37 6,76 7,09 7,24 7,7 7,8 8,24 8,5 
[ b ;  jungle26 ; breaker: 1,0 ] --> 0,2 0,4584211 0,6667219 1,312294 1,981733 2,189144 2,830392 3,031519 3,26279 3,628958 3,90929 4,342731 5,139864 5,395941 5,601688 6,111396 6,393476 7,263328 7,567481 8,005286 8,440715 8,595952 9,105641 9,361892 9,616375 9,823116 
[ e ;  jungle26 ; breaker: 1,0 ] --> 0 0,04157892 0,09327811 0,05770576 0,05173349 0,05085635 0,1103921 0,1015186 0,06279016 0,1189578 0,1292901 0,2627316 0,5698638 0,4959407 0,4116883 0,8113956 0,4734755 1,163328 1,197481 1,245286 1,350715 1,355952 1,405642 1,561892 1,376375 1,323116 
Absolute Error Mean: 0,6085763

[ p ;  jungle26 ; breaker: 1,0 ] --> 0,2 0,5 0,76 1,37 1,93 2,24 2,72 2,93 3,2 3,51 3,78 4,08 4,57 4,9 5,19 5,3 5,92 6,1 6,37 6,76 7,09 7,24 7,7 7,8 8,24 8,5 
[ b ;  jungle26 ; breaker: 1,0 ] --> 0,2 0,4331305 0,690159 1,312291 1,97472 2,176929 2,970843 3,173374 3,398943 3,67616 4,030962 4,390934 5,265663 5,573059 5,855815 6,419696 6,59985 7,215175 7,577359 7,991409 8,299719 8,505507 9,122697 9,40461 9,792681 9,974989 
[ e ;  jungle26 ; breaker: 1,0 ] --> 0 0,0668695 0,06984097 0,05770934 0,04472041 0,06307101 0,2508426 0,2433743 0,1989431 0,1661596 0,250962 0,3109336 0,695663 0,673059 0,6658149 1,119696 0,6798496 1,115175 1,207359 1,231409 1,209719 1,265507 1,422697 1,604609 1,552681 1,474989 
Absolute Error Mean: 0,6785251

[ p ;  jungle8 ; breaker: 1,0 ] --> 0,2 0,5 0,76 1,37 1,93 2,24 2,72 2,93 3,2 3,51 3,78 4,08 4,57 4,9 5,19 5,3 5,92 6,1 6,37 6,76 7,09 7,24 7,7 7,8 8,24 8,5 
[ s ;  jungle8 ; breaker: 1,0 ] --> 0,2 0,5284413 0,8069699 1,286293 1,738822 2,047613 2,324947 2,524595 
[ e ;  jungle8 ; breaker: 1,0 ] --> 0 0,02844131 0,04696989 0,08370662 0,1911775 0,1923871 0,3950529 0,4054055 
Absolute Error Mean: 4,138198

[ p ;  jungle8 ; breaker: 1,0 ] --> 0,2 0,5 0,76 1,37 1,93 2,24 2,72 2,93 
[ s ;  jungle8 ; breaker: 1,0 ] --> 0,2 0,5276325 0,8554458 1,336547 1,795792 2,076397 2,327882 2,555189 
[ e ;  jungle8 ; breaker: 1,0 ] --> 0 0,02763247 0,09544581 0,03345263 0,1342075 0,1636031 0,3921182 0,3748112 
Absolute Error Mean: 0,1526588

[ p ;  jungle8 ; breaker: 1,0 ] --> 0,2 0,5 0,76 1,37 1,93 2,24 2,72 2,93 
[ s ;  jungle8 ; breaker: 1,0 ] --> 0,2 0,4991031 0,7745423 1,254656 1,705851 2,005933 2,280669 2,482889 
[ e ;  jungle8 ; breaker: 1,0 ] --> 0 0,0008969307 0,01454228 0,1153439 0,2241486 0,2340667 0,4393306 0,4471114 
Absolute Error Mean: 0,1844301

[ p ;  jungle8 ; breaker: 1,0 ] --> 0,2 0,5 0,76 1,37 1,93 2,24 2,72 2,93 
[ s ;  jungle8 ; breaker: 1,0 ] --> 0,2 0,4771646 0,7591712 1,239013 1,64335 1,946906 2,226113 2,453092 
[ e ;  jungle8 ; breaker: 1,0 ] --> 0 0,02283543 0,0008288026 0,1309866 0,2866499 0,2930942 0,4938872 0,4769077 
Absolute Error Mean: 0,2131487

[ p ;  jungle8 ; breaker: 1,0 ] --> 0,2 0,5 0,76 1,37 1,93 2,24 2,72 2,93 
[ s ;  jungle8 ; breaker: 1,0 ] --> 0,2 0,5033696 0,7856506 1,136469 1,613859 1,917549 2,219108 2,44728 
[ e ;  jungle8 ; breaker: 1,0 ] --> 0 0,003369629 0,02565056 0,2335309 0,3161412 0,3224512 0,5008922 0,4827204 
Absolute Error Mean: 0,2355945

[ p ;  jungle8 ; breaker: 1,0 ] --> 0,2 0,5 0,76 1,37 1,93 2,24 2,72 2,93 
[ s ;  jungle8 ; breaker: 1,0 ] --> 0,2 0,5249605 0,7998253 1,10092 1,710147 1,987218 2,268602 2,547698 
[ e ;  jungle8 ; breaker: 1,0 ] --> 0 0,02496046 0,03982532 0,2690798 0,2198526 0,2527823 0,4513981 0,3823025 
Absolute Error Mean: 0,2050251

[ p ;  jungle8 ; breaker: 1,0 ] --> 0,2 0,5 0,76 1,37 1,93 2,24 2,72 2,93 
[ s ;  jungle8 ; breaker: 1,0 ] --> 0,2 0,5256925 0,8288696 1,212512 1,812053 2,11248 2,389338 2,720694 
[ e ;  jungle8 ; breaker: 1,0 ] --> 0 0,02569246 0,06886965 0,1574885 0,1179473 0,1275203 0,3306618 0,209306 
Absolute Error Mean: 0,1296858

[ p ;  jungle8 ; breaker: 1,0 ] --> 0,2 0,5 0,76 1,37 1,93 2,24 2,72 2,93 
[ s ;  jungle8 ; breaker: 1,0 ] --> 0,2 0,4996968 0,7738456 1,075527 1,708028 1,936263 2,21527 2,915266 
[ e ;  jungle8 ; breaker: 1,0 ] --> 0 0,000303179 0,01384556 0,2944726 0,221972 0,3037368 0,5047297 0,01473379 
Absolute Error Mean: 0,1692242

[ p ;  jungle8 ; breaker: 1,0 ] --> 0,2 0,5 0,76 1,37 1,93 2,24 2,72 2,93 
[ s ;  jungle8 ; breaker: 1,0 ] --> 0,2 0,4800859 0,7593987 1,3958 1,903548 2,20367 2,484762 2,791356 
[ e ;  jungle8 ; breaker: 1,0 ] --> 0 0,01991412 0,0006012917 0,02580023 0,02645218 0,03632998 0,2352381 0,138644 
Absolute Error Mean: 0,06037248

[ p ;  jungle8 ; breaker: 1,0 ] --> 0,2 0,5 0,76 1,37 1,93 2,24 2,72 2,93 
[ s ;  jungle8 ; breaker: 1,0 ] --> 0,2 0,4753041 0,7299011 0,9818967 1,636449 1,937096 2,213771 2,772117 
[ e ;  jungle8 ; breaker: 1,0 ] --> 0 0,0246959 0,03009886 0,3881033 0,2935508 0,302904 0,5062289 0,1578829 
Absolute Error Mean: 0,2129331

[ p ;  jungle26 ; breaker: 1,0 ] --> 0,2 0,5 0,76 1,37 1,93 2,24 2,72 2,93 
[ s ;  jungle26 ; breaker: 1,0 ] --> 0,2 0,5025089 0,7527576 1,033122 1,538173 1,87261 2,176321 2,479781 2,788864 3,321736 3,604662 3,984133 4,316586 4,667891 4,973238 5,198983 5,697185 6,12814 6,457959 6,784649 7,138736 7,439847 7,715928 8,091187 8,391823 8,671071 
[ e ;  jungle26 ; breaker: 1,0 ] --> 0 0,002508879 0,007242382 0,3368779 0,3918266 0,3673899 0,5436792 0,4502194 
Absolute Error Mean: 0,262468

[ p ;  jungle26 ; breaker: 1,0 ] --> 0,2 0,5 0,76 1,37 1,93 2,24 2,72 2,93 3,2 3,51 3,78 4,08 4,57 4,9 5,19 5,3 5,92 6,1 6,37 6,76 7,09 7,24 7,7 7,8 8,24 8,5 
[ s ;  jungle26 ; breaker: 1,0 ] --> 0,2 0,5558286 0,8120345 1,143754 1,674059 2,004462 2,304013 2,579286 2,930337 3,335016 3,76253 4,11681 4,469098 4,768918 5,071283 5,322467 5,62617 5,958006 6,314593 6,570081 6,871095 7,12442 7,402612 7,706002 8,03524 8,292581 
[ e ;  jungle26 ; breaker: 1,0 ] --> 0 0,05582857 0,05203456 0,226246 0,2559408 0,2355375 0,4159865 0,3507137 0,2696629 0,1749845 0,01746988 0,0368104 0,1009026 0,1310825 0,1187172 0,02246666 0,2938304 0,1419935 0,05540705 0,1899195 0,2189054 0,1155796 0,2973876 0,09399843 0,2047596 0,2074194 
Absolute Error Mean: 0,1647533

[ p ;  jungle26 ; breaker: 1,0 ] --> 0,2 0,5 0,76 1,37 1,93 2,24 2,72 2,93 3,2 3,51 3,78 4,08 4,57 4,9 5,19 5,3 5,92 6,1 6,37 6,76 7,09 7,24 7,7 7,8 8,24 8,5 
[ s ;  jungle26 ; breaker: 1,0 ] --> 0,2 0,4055479 0,6343613 0,9149851 1,264567 1,725977 1,955897 2,187731 2,720756 3,124453 3,499514 3,925589 4,231075 4,482787 4,68505 4,91342 5,370341 5,625564 5,901628 6,155574 6,408723 6,61364 6,816587 7,226327 7,45778 7,661034 
[ e ;  jungle26 ; breaker: 1,0 ] --> 0 0,09445208 0,1256387 0,4550149 0,6654333 0,5140231 0,7641031 0,7422688 0,4792442 0,3855474 0,2804863 0,1544111 0,3389249 0,417213 0,5049496 0,3865805 0,5496593 0,4744363 0,4683723 0,6044259 0,6812768 0,6263595 0,8834128 0,5736728 0,7822194 0,8389664 
Absolute Error Mean: 0,4919651

[ p ;  jungle26 ; breaker: 1,0 ] --> 0,2 0,5 0,76 1,37 1,93 2,24 2,72 2,93 3,2 3,51 3,78 4,08 4,57 4,9 5,19 5,3 5,92 6,1 6,37 6,76 7,09 7,24 7,7 7,8 8,24 8,5 
[ s ;  jungle26 ; breaker: 1,0 ] --> 0,2 0,4998533 0,777182 1,028555 1,607143 1,884838 2,189203 2,441674 2,850973 3,27927 3,535068 3,916121 4,219827 4,475846 4,779891 5,035374 5,212906 5,564029 5,869478 6,146598 6,449207 6,676327 6,978973 7,330437 7,609617 7,885791 
[ e ;  jungle26 ; breaker: 1,0 ] --> 0 0,000146687 0,01718199 0,3414454 0,3228573 0,3551619 0,5307972 0,4883256 0,3490274 0,2307296 0,2449317 0,1638787 0,3501735 0,4241543 0,4101086 0,2646265 0,7070942 0,5359707 0,5005221 0,6134024 0,6407933 0,563673 0,7210269 0,4695635 0,6303825 0,6142087 
Absolute Error Mean: 0,4034686

[ p ;  jungle26 ; breaker: 1,0 ] --> 0,2 0,5 0,76 1,37 1,93 2,24 2,72 2,93 3,2 3,51 3,78 4,08 4,57 4,9 5,19 5,3 5,92 6,1 6,37 6,76 7,09 7,24 7,7 7,8 8,24 8,5 
[ s ;  jungle26 ; breaker: 1,0 ] --> 0,2 0,5266747 0,8333566 1,163154 1,694029 1,971914 2,301042 2,58068 2,932322 3,213022 3,518451 3,825688 4,102623 4,38435 4,664726 4,920015 5,124288 5,453385 5,761644 6,017244 6,321332 6,552413 6,860052 7,116572 7,424626 7,680943 
[ e ;  jungle26 ; breaker: 1,0 ] --> 0 0,02667469 0,07335663 0,2068462 0,2359711 0,2680857 0,4189579 0,3493197 0,267678 0,2969785 0,261549 0,254312 0,4673772 0,5156498 0,5252738 0,3799853 0,795712 0,646615 0,608356 0,7427559 0,7686687 0,6875873 0,8399482 0,6834278 0,8153734 0,8190565 
Absolute Error Mean: 0,4598276

[ p ;  jungle26 ; breaker: 1,0 ] --> 0,2 0,5 0,76 1,37 1,93 2,24 2,72 2,93 3,2 3,51 3,78 4,08 4,57 4,9 5,19 5,3 5,92 6,1 6,37 6,76 7,09 7,24 7,7 7,8 8,24 8,5 
[ s ;  jungle26 ; breaker: 1,0 ] --> 0,2 0,5790159 0,8313369 1,136562 1,594172 1,872091 2,177798 2,405776 2,764301 3,068865 3,37335 3,656686 3,96786 4,247761 4,553437 4,782083 5,187736 5,543999 5,853907 6,135613 6,417176 6,673501 6,95682 7,237587 7,52145 7,726226 
[ e ;  jungle26 ; breaker: 1,0 ] --> 0 0,07901585 0,07133693 0,2334379 0,3358279 0,3679086 0,5422025 0,5242243 0,4356995 0,4411354 0,4066503 0,4233139 0,6021407 0,6522393 0,6365633 0,5179172 0,732264 0,5560012 0,5160933 0,6243873 0,6728244 0,5664992 0,7431798 0,5624132 0,7185502 0,7737741 
Absolute Error Mean: 0,4898308

[ p ;  jungle26 ; breaker: 1,0 ] --> 0,2 0,5 0,76 1,37 1,93 2,24 2,72 2,93 3,2 3,51 3,78 4,08 4,57 4,9 5,19 5,3 5,92 6,1 6,37 6,76 7,09 7,24 7,7 7,8 8,24 8,5 
[ s ;  jungle26 ; breaker: 1,0 ] --> 0,2 0,454348 0,709823 0,9902247 1,622758 1,977572 2,255624 2,509659 2,86582 3,17011 3,479883 3,788305 4,090856 4,34533 4,683222 4,938441 5,319851 5,629034 5,934463 6,241318 6,546521 6,803137 7,032591 7,291023 7,596597 7,851047 
[ e ;  jungle26 ; breaker: 1,0 ] --> 0 0,045652 0,05017704 0,3797753 0,3072419 0,2624279 0,4643764 0,4203415 0,3341796 0,3398905 0,3001173 0,2916954 0,4791441 0,5546699 0,5067778 0,3615589 0,6001487 0,4709659 0,4355369 0,5186825 0,5434794 0,4368625 0,6674089 0,5089769 0,6434031 0,648953 
Absolute Error Mean: 0,4066324

[ p ;  jungle26 ; breaker: 1,0 ] --> 0,2 0,5 0,76 1,37 1,93 2,24 2,72 2,93 3,2 3,51 3,78 4,08 4,57 4,9 5,19 5,3 5,92 6,1 6,37 6,76 7,09 7,24 7,7 7,8 8,24 8,5 
[ s ;  jungle26 ; breaker: 1,0 ] --> 0,2 0,5055838 0,8598362 1,308684 1,764717 2,065286 2,394383 2,672046 2,949804 3,22502 3,525252 3,825891 4,129336 4,43034 4,757181 5,012979 5,239827 5,520781 5,899917 6,181149 6,483193 6,733954 7,016504 7,271159 7,603558 7,884186 8,189291 
[ e ;  jungle26 ; breaker: 1,0 ] --> 0 0,005583823 0,09983617 0,06131625 0,1652832 0,1747136 0,3256173 0,2579539 0,2501962 0,2849798 0,2547479 0,2541094 0,4406638 0,4696598 0,4328189 0,2870216 0,6801729 0,5792193 0,4700832 0,5788517 0,6068068 0,5060453 0,683496 0,5288415 0,6364422 0,6158137 
Absolute Error Mean: 0,3711644

[ p ;  jungle26 ; breaker: 1,0 ] --> 0,2 0,5 0,76 1,37 1,93 2,24 2,72 2,93 3,2 3,51 3,78 4,08 4,57 4,9 5,19 5,3 5,92 6,1 6,37 6,76 7,09 7,24 7,7 7,8 8,24 8,5 
[ s ;  jungle26 ; breaker: 1,0 ] --> 0,2 0,5798223 0,9564058 1,466586 1,922273 2,198916 2,478735 2,734716 3,136793 3,416337 3,718107 3,997621 4,274654 4,55243 4,854628 5,108092 5,31516 5,672362 5,999174 6,280041 6,583041 6,81182 7,11411 7,393708 7,716939 7,992216 
[ e ;  jungle26 ; breaker: 1,0 ] --> 0 0,0798223 0,1964058 0,09658635 0,007726669 0,04108381 0,2412651 0,1952844 0,06320667 0,09366322 0,06189322 0,08237863 0,2953463 0,3475704 0,335372 0,1919079 0,6048398 0,4276381 0,3708258 0,479959 0,5069594 0,4281797 0,5858898 0,406292 0,5230608 0,5077839 
Absolute Error Mean: 0,2758054

[ p ;  jungle26 ; breaker: 1,0 ] --> 0,2 0,5 0,76 1,37 1,93 2,24 2,72 2,93 3,2 3,51 3,78 4,08 4,57 4,9 5,19 5,3 5,92 6,1 6,37 6,76 7,09 7,24 7,7 7,8 8,24 8,5 
[ s ;  jungle26 ; breaker: 1,0 ] --> 0,2 0,5314856 0,8359458 1,063568 1,493711 1,849451 2,157818 2,387301 2,541763 2,924672 3,209206 3,515265 3,845525 4,151015 4,484751 4,761913 4,940253 5,325045 5,606989 5,886082 6,193563 6,426055 6,682166 6,990873 7,271462 7,532874 
[ e ;  jungle26 ; breaker: 1,0 ] --> 0 0,03148562 0,07594579 0,3064317 0,4362892 0,3905494 0,5621822 0,5426993 0,6582375 0,5853283 0,5707936 0,5647345 0,7244751 0,7489853 0,7052488 0,5380869 0,9797468 0,7749548 0,7630105 0,8739185 0,8964367 0,8139448 1,017834 0,8091273 0,9685378 0,9671264 
Absolute Error Mean: 0,6271581

[ p ;  jungle8 ; breaker: 1,0 ] --> 0,2 0,5 0,76 1,37 1,93 2,24 2,72 2,93 3,2 3,51 3,78 4,08 4,57 4,9 5,19 5,3 5,92 6,1 6,37 6,76 7,09 7,24 7,7 7,8 8,24 8,5 
