b;0;0,1287;0,1490616;0,1707835;0,3456737;0,3375752;0,4640834;0,5843904;
b;0;0,05719358;0,1322006;0,1344817;0,2374355;0,2305892;0,3767498;0,3688281;
b;0;0,04930457;0,0133419;0,05617142;0,1283494;0,1457474;0,2482324;0,3166175;
b;0;0,0176107;0,001888096;0,0223701;0,1177748;0,08571315;0,1370242;0,2068098;
b;0;0,02198851;0,04696864;0,09215617;0,1378988;0,1022038;0,2017615;0,1920316;
b;0;0,0444918;0,02589667;0,07954776;0,02433598;0,0103519;0,0429318;0,008814335;
b;0;0,0219585;0,02076858;0,06389487;0,2391347;0,161272;0,3162112;0,310725;
b;0;0,001760721;0,003549337;0,06843567;0,2347158;0,1767027;0,2321703;0,2001281;
b;0;0,02289596;0,05485809;0,01341522;0,1839246;0,0776968;0,3878081;0,3552577;
b;0;0,07263577;0,1049007;0,05495322;0,1639916;0,08316803;0,2605522;0,2017939;
s;0;0,05057615;0,06832355;0,01170576;0,04048824;0,04404116;0,2485268;0,1795769;
s;0;0,07965177;0,09814423;0,2601857;0,3209882;0,2808106;0,4630494;0,4459617;0,2148724;0,2694042;0,2592809;0,2272778;0,3853631;0,4384751;0,3982306;0,2571735;
s;0;0,09876454;0,1381441;0,01760578;0,05060744;0,01416087;0,1614668;0,01644254;0,2360833;0,0940702;0,0098629;0,06286764;0,09989309;0,1279812;0,08831072;0,2553144;
s;0;0,1028228;0,2526984;0,1196357;0,1099778;0,1256905;0,07768774;0,0128603;0,1744599;0,1197999;0,174979;0,2011261;0,01473761;0,04158783;0,05516291;0,1644387;
s;0;0,1038568;0,4730202;0,3239403;0,3448693;0,2857976;0,06003833;0,1005332;0,2522576;0,220716;0,3069704;0,2620659;0,1080723;0,1087527;0,1460509;0,3410959;
s;0;0,1298102;0,2745101;0,04745889;0,1585797;0,01506281;0,216821;0,1507123;0,01689124;0,02591658;0,05496931;0,05742025;0,1044893;0,1338043;0,06104755;0,1555495;
s;0;0,07803589;0,06854135;0,2179247;0,08085144;0,0626297;0,1904986;0,132488;0,26864;0,3167915;0,3716371;0,3482194;0,1875257;0,136735;0,2021866;0,346293;
s;0;0,0473541;0,1408974;0,1881546;0,3910265;0,294964;0,4961648;0,4299688;0,2471254;0,2318881;0,2009709;0,1509924;0,3678312;0,3750587;0,3155293;0,1439581;
s;0;0,1284873;0,1460816;0,07269073;0,2339627;0,160682;0,3587058;0,2377281;0,1008961;0,1573241;0,1187646;0,112673;0,2951775;0,398087;0,381494;0,1325521;
s;0;0,05483449;0,05075085;0,2813867;0,2853197;0,2693735;0,4472604;0,3538616;0,3203964;0,378396;0,391151;0,4150784;0,5997605;0,6008663;0,5866294;0,3908744;
b;0;0,0819245;0,1025755;0,02750039;0,05226445;0,02578211;0,1754024;0,009982347;0,02492309;0,1061068;0,196852;0,1426368;0,3534851;0,008793354;0,003361225;0,1669984;
b;0;0,01920503;0,001443624;0,08244908;0,128219;0,1853831;0,03025293;0,01545334;0,02606106;0,1067877;0,1485243;0,2441485;0,01645708;0,1612401;0,2776542;0,3483491;
b;0;0,3573692;0,3762397;0,4544711;0,5805165;0,5479131;0,6720042;0,8910818;0,8241518;0,76524;0,6981065;0,6501436;0,6732368;1,053613;1,169377;1,519128;
b;0;0,04794881;0,0557881;0,01709771;0,1137213;0,08153033;0,4334984;0,5808198;0,5868399;0,5312192;0,4921873;0,6056404;0,9004936;1,255147;1,245522;1,387559;
b;0;0,3121049;0,3316289;0,4372021;0,516313;0,4315729;0,6681654;0,7148409;0,6729436;0,5934017;0,5539944;0,4586124;0,4521117;0,8134546;1,060539;1,13088;
b;0;0,04741773;0,05600798;0,04073381;0,1201118;0,01393843;0,3898742;0,4310753;0,3881357;0,2782774;0,2634203;0,2152123;0,5233665;0,4988451;0,7401257;0,8076167;
b;0;0,2313894;0,2517906;0,3323398;0,5102741;0,4001079;0,6820912;0,7517071;0,6865079;0,6065214;0,5166466;0,4957414;0,6384912;1,041708;1,080318;1,175237;
b;0;0,06905031;0,1008485;0,1279408;0,05494928;0,1610811;0,04733658;0,06651306;0,001955509;0,07991147;0,07152081;0,06746912;0,05150652;0,2598038;0,5539732;0,6524138;
b;0;0,02212691;0,05097359;0,0499016;0,01951647;0,04064536;0,1159663;0,2118492;0,1456509;0,06341052;0,02019668;0,07595253;0,1798625;0,3799233;0,3689065;0,4841952;
b;0;0,04618868;0,07256538;0,1186578;0,06539047;0,1715119;0,06037879;0,08112597;0,01585078;0,08931661;0,1553373;0,1240737;0,257082;0,5351868;0,6038599;0,6742263;
b;0;0,04293278;0,04650694;0,04792094;0,047737;0,1540351;0,07545948;0,1176229;0,02855587;0,0782423;0,1430376;0,1865947;0,3183932;0,01013231;0,4888201;0,6315393;
b;0;0,09975401;0,157468;0,2884265;0,1193454;0,07492614;0,2777653;0,3213212;0,3040459;0,2254038;0,1858459;0,1397052;0,5145426;1,098022;1,012756;1,130019;0,7382436;0,8130665;0,8278975;1,104942;1,258947;1,870833;1,617115;1,745231;1,511118;1,506238;
b;0;0,0950141;0,146695;0,04532671;0,01509511;0,1196206;0,2199574;0,2370718;0,1698611;0,08823895;0,04836011;0,02088213;0,0553894;0,3952775;0,5639868;1,453852;1,114568;1,137794;1,073107;0,8911471;0,7403131;0,8223715;0,821291;1,436192;1,202261;1,147386;
b;0;0,09483549;0,1238589;0,07257998;0,0968051;0,1771522;0,1167824;0,1360643;0,06658483;0,06423473;0,1039808;0,09449983;0,3073044;0,3830853;0,6761665;0,9446211;0,5044985;1,029748;0,9876022;0,8000426;0,6731696;0,9304619;0,9541235;1,109118;0,8711796;0,8937407;
b;0;0,1094702;0,1590464;0,186445;0,3246485;0,2231646;0,5094264;0,5543945;0,539407;0,4871686;0,4976251;0,4544601;0,8918204;1,147367;1,347324;1,391725;1,495193;1,545792;1,58193;1,39607;1,324829;1,816449;1,535141;1,643626;1,359344;1,278415;
b;0;0,04896769;0,09964269;0,04946744;0,07431579;0,1523292;0,07166052;0,05097127;0,1397595;0,1918914;0,1277201;0,1602125;0,4818149;0,5569768;0,5459137;0,9959784;0,5554514;1,433763;1,568168;1,839882;1,690368;1,719674;1,61642;2,144564;1,883676;1,801944;
b;0;0,06961957;0,1266408;0,1214781;0,09430563;0,2289226;0,1310225;0,1005981;0,06161833;0,04736614;0,06737161;0,03594828;0,2933698;0,3950629;0,6672201;1,469953;1,056015;1,07749;1,009722;0,8228021;0,7230043;0,7519836;0,82584;1,212189;0,9765825;0,9204588;
b;0;0,04305336;0,03146249;0,05125165;0,07879865;0,004685163;0,2220335;0,2431366;0,1771524;0,07207727;0,05810738;0,01548147;0,1365976;0,3587542;0,3296056;0,7350936;0,2927518;0,7779636;0,7901244;0,6330137;0,7943492;0,8985825;0,6426125;0,9023714;0,6415148;0,5646515;
b;0;0,04157892;0,09327811;0,05770576;0,05173349;0,05085635;0,1103921;0,1015186;0,06279016;0,1189578;0,1292901;0,2627316;0,5698638;0,4959407;0,4116883;0,8113956;0,4734755;1,163328;1,197481;1,245286;1,350715;1,355952;1,405642;1,561892;1,376375;1,323116;
b;0;0,0668695;0,06984097;0,05770934;0,04472041;0,06307101;0,2508426;0,2433743;0,1989431;0,1661596;0,250962;0,3109336;0,695663;0,673059;0,6658149;1,119696;0,6798496;1,115175;1,207359;1,231409;1,209719;1,265507;1,422697;1,604609;1,552681;1,474989;
s;0;0,02844131;0,04696989;0,08370662;0,1911775;0,1923871;0,3950529;0,4054055;
s;0;0,02763247;0,09544581;0,03345263;0,1342075;0,1636031;0,3921182;0,3748112;
s;0;0,0008969307;0,01454228;0,1153439;0,2241486;0,2340667;0,4393306;0,4471114;
s;0;0,02283543;0,0008288026;0,1309866;0,2866499;0,2930942;0,4938872;0,4769077;
s;0;0,003369629;0,02565056;0,2335309;0,3161412;0,3224512;0,5008922;0,4827204;
s;0;0,02496046;0,03982532;0,2690798;0,2198526;0,2527823;0,4513981;0,3823025;
s;0;0,02569246;0,06886965;0,1574885;0,1179473;0,1275203;0,3306618;0,209306;
s;0;0,000303179;0,01384556;0,2944726;0,221972;0,3037368;0,5047297;0,01473379;
s;0;0,01991412;0,0006012917;0,02580023;0,02645218;0,03632998;0,2352381;0,138644;
s;0;0,0246959;0,03009886;0,3881033;0,2935508;0,302904;0,5062289;0,1578829;
s;0;0,002508879;0,007242382;0,3368779;0,3918266;0,3673899;0,5436792;0,4502194;
s;0;0,05582857;0,05203456;0,226246;0,2559408;0,2355375;0,4159865;0,3507137;0,2696629;0,1749845;0,01746988;0,0368104;0,1009026;0,1310825;0,1187172;0,02246666;0,2938304;0,1419935;0,05540705;0,1899195;0,2189054;0,1155796;0,2973876;0,09399843;0,2047596;0,2074194;
s;0;0,09445208;0,1256387;0,4550149;0,6654333;0,5140231;0,7641031;0,7422688;0,4792442;0,3855474;0,2804863;0,1544111;0,3389249;0,417213;0,5049496;0,3865805;0,5496593;0,4744363;0,4683723;0,6044259;0,6812768;0,6263595;0,8834128;0,5736728;0,7822194;0,8389664;
s;0;0,000146687;0,01718199;0,3414454;0,3228573;0,3551619;0,5307972;0,4883256;0,3490274;0,2307296;0,2449317;0,1638787;0,3501735;0,4241543;0,4101086;0,2646265;0,7070942;0,5359707;0,5005221;0,6134024;0,6407933;0,563673;0,7210269;0,4695635;0,6303825;0,6142087;
s;0;0,02667469;0,07335663;0,2068462;0,2359711;0,2680857;0,4189579;0,3493197;0,267678;0,2969785;0,261549;0,254312;0,4673772;0,5156498;0,5252738;0,3799853;0,795712;0,646615;0,608356;0,7427559;0,7686687;0,6875873;0,8399482;0,6834278;0,8153734;0,8190565;
s;0;0,07901585;0,07133693;0,2334379;0,3358279;0,3679086;0,5422025;0,5242243;0,4356995;0,4411354;0,4066503;0,4233139;0,6021407;0,6522393;0,6365633;0,5179172;0,732264;0,5560012;0,5160933;0,6243873;0,6728244;0,5664992;0,7431798;0,5624132;0,7185502;0,7737741;
s;0;0,045652;0,05017704;0,3797753;0,3072419;0,2624279;0,4643764;0,4203415;0,3341796;0,3398905;0,3001173;0,2916954;0,4791441;0,5546699;0,5067778;0,3615589;0,6001487;0,4709659;0,4355369;0,5186825;0,5434794;0,4368625;0,6674089;0,5089769;0,6434031;0,648953;
s;0;0,005583823;0,09983617;0,06131625;0,1652832;0,1747136;0,3256173;0,2579539;0,2501962;0,2849798;0,2547479;0,2541094;0,4406638;0,4696598;0,4328189;0,2870216;0,6801729;0,5792193;0,4700832;0,5788517;0,6068068;0,5060453;0,683496;0,5288415;0,6364422;0,6158137;
s;0;0,0798223;0,1964058;0,09658635;0,007726669;0,04108381;0,2412651;0,1952844;0,06320667;0,09366322;0,06189322;0,08237863;0,2953463;0,3475704;0,335372;0,1919079;0,6048398;0,4276381;0,3708258;0,479959;0,5069594;0,4281797;0,5858898;0,406292;0,5230608;0,5077839;
s;0;0,03148562;0,07594579;0,3064317;0,4362892;0,3905494;0,5621822;0,5426993;0,6582375;0,5853283;0,5707936;0,5647345;0,7244751;0,7489853;0,7052488;0,5380869;0,9797468;0,7749548;0,7630105;0,8739185;0,8964367;0,8139448;1,017834;0,8091273;0,9685378;0,9671264;
