b;0;0,2106944;0,2069778;0,1071784;
b;0;0,02034345;0,04619104;0,04580331;
s;0;0,0816108;0,1526303;0,07728064;
s;0;0,05530435;0,1527555;0,1251229;
s;0;0,05712587;0,1279991;0,07623017;
s;0;0,03520656;0,07859123;0,002646923;0,06987059;0,02262473;0,09179688;0,1199002;0,01894069;0,01456571;0,1003108;0,08267021;0,1255116;0,199204;0,2330141;0,1380682;0,578362;0,3963475;0,3879695;0,51932;0,5930505;0,487958;0,6908336;0,5365052;0,696137;0,7222524;
s;0;0,05154628;0,1430709;0,1473308;0,0977577;0,1144457;0,0465672;0,03988838;0,1757512;0,1651189;0,2066174;0,1615887;0,0483017;0,1052971;0,1433873;0,02546167;0,4926186;0,3404875;0,3541179;0,4415812;0,544857;0,442843;0,6747193;0,4914474;0,6788983;0,6819692;
s;0;0,008184373;0,1240163;0,0997057;0,1226472;0,11815;0,08034325;0,06392288;0,1582232;0,1628487;0,1514735;0,1979566;0,4052596;0,4827027;0,5436583;0,3997326;0,8696556;0,7226529;0,7345343;0,7917829;0,9147377;0,8112807;1,043169;0,8585038;1,045681;1,051954;
s;0;0,03113538;0,127017;0,1010878;0,0009390116;0,02063751;0,05703712;0,06326556;0,07380581;0,1521797;0,2150242;0,1697235;0,04012346;0,1389132;0,1767302;0,05832291;0,5230017;0,3468747;0,3877435;0,4737072;0,5534739;0,4755282;0,6816077;0,5035257;0,6881051;0,6921825;
s;0;0,03063726;0,05015194;0,1812223;0,1337115;0,206069;0,03551221;0,1074762;0,009947062;0,03151703;0,06780672;0,02193451;0,1883512;0,263134;0,3238993;0,2077565;0,6505461;0,4989634;0,5155182;0,6247859;0,7259398;0,64361;0,846024;0,6910028;0,8770308;0,9081998;
s;0;0,07805496;0,1700683;0,0899713;0,0185163;0,02773833;0,1030025;0,0875771;0,04906678;0,0431397;0,05238366;0,01270008;0,218514;0,2927513;0,3510389;0,2311683;0,6728964;0,5467629;0,5607829;0,7185626;0,7920947;0,709775;0,9154353;0,7850361;0,9445314;0,9762015;
s;0;0,05216473;0,1437885;0,09335816;0,01627517;0,09446645;0,02954197;0,01173377;0,127687;0,2006233;0,2108414;0,1657763;0,04361868;0,1171141;0,153039;0,03383446;0,5029864;0,348855;0,3904581;0,5239921;0,5996032;0,4681625;0,5496511;0,3938146;0,5504184;0,5792265;
s;0;0,03370446;0,106844;0,02914739;0,003688812;0,02585053;0,2291684;0,2137084;0,3033969;0,3059182;0,2684596;0,3393524;0,5253091;0,5738578;0,6335478;0,5166087;0,9603443;0,8042684;0,7908764;0,930366;1,001925;0,8974891;1,127788;0,9717302;1,131808;1,164549;
s;0;0,003516555;0,1766132;0,2501409;0,1292502;0,2550411;0,05704546;0,1027954;0,2660522;0,4406564;0,5823867;0,5367093;0,3278499;0,5103955;0,5790153;0,6998787;0,564043;0,7117181;0,7971396;0,6863503;0,5620217;0,6434269;0,4390163;0,5682526;0,4105587;0,3841619;
s;0;0,05922163;0,1052409;0,05039096;0,07826984;0,150583;0,052665;0,02283716;
s;0;0,06063646;0,1046696;0,05472577;0,08554447;0,1312797;0,03311372;0,02773857;
s;0;0,1020468;0,1716088;0,2897331;0,338559;0,3795917;0,2528014;0,2216625;
s;0;0,004970372;0,0762074;0,1091787;0,1683367;0,2932656;0,2214179;0,2168899;
s;0;0,005693078;0,1054388;0,05541801;0,02429628;0,02079153;0,09979868;0,1049552;
s;0;0,05603898;0,1518739;0,1464103;0,145352;0,1673927;0,06705284;0,05866718;
s;0;0,0305832;0,07573694;0,00428319;0,001155496;0,04816222;0,07502413;0,0810771;
s;0;0,007847607;0,05420256;0,01967037;0,01470518;0,0194149;0,09668326;0,1306462;
s;0;0,02936351;0,07034457;0,01502728;0,009840727;0,02736044;0,02233148;0,05601263;
s;0;0,007703602;0,05344796;0,004254103;0,04293251;0,06254482;0,03514862;0,06759095;
b;0;0,05876738;0,05539984;0,06822085;0,03704464;0,04143071;0,1389492;0,1201353;
b;0;0,02013561;0,157059;0,1141721;0,2225457;0,3706353;0,3255477;0,321944;0,5371614;0,5856507;0,7051365;0,7144871;0,6349034;0,7154031;0,8619213;0,931067;0,7694225;0,9962792;1,242889;1,314342;1,447268;1,608516;1,533026;1,815487;1,730656;1,673753;
b;0;0,03394973;0,3362926;0,4209473;0,3254992;0,3479967;0,2514789;0,2439513;0,5407403;0,6717584;0,7882183;0,9213591;0,7905722;0,7991772;0,8924484;1,013093;0,8346224;0,9864283;1,333992;1,146799;0,9992933;1,234087;1,158449;1,493627;1,36098;1,488318;
b;0;0,08575362;0,1328519;0,163486;0,06419313;0,009744406;0,08648086;0,09427905;0,0686245;0,1403224;0,2524979;0,286099;0,2012901;0,1765084;0,2762928;0,3425841;0,2056837;0,4355874;0,7471075;0,5871892;0,6395645;0,7948513;0,7460814;0,9809256;0,9253578;1,025061;
b;0;0,006647468;0,1050434;0,01697421;0,03628409;0,01217031;0,1319964;0,1124179;0,02516484;0,09803271;0,161659;0,1933565;0,01032019;0,09126854;0,2063775;0,299613;0,1427679;0,3735671;0,701252;0,5168576;0,5964246;0,7793884;0,6773605;0,9313259;0,8220034;0,943285;
b;0;0,01076293;0,1347561;0,165301;0,04635727;0,09738183;0,05158186;0,05559897;0,08323145;0,1127198;0,2577164;0,2668743;0,1613913;0,1648579;0,3082056;0,3771167;0,1955132;0,3777213;0,5182395;0,4708562;0,5767608;0,7079134;0,6090479;0,8416119;0,7863426;0,8100691;
b;0;0,04424736;0,1059784;0,1860449;0,1331698;0,1253815;0,001461506;0,02437878;0,1639466;0,1614141;0,3016145;0,2825871;0,2073102;0,1843414;0,2758646;0,3716412;0,1623921;0,3671727;0,455894;0,3461819;0,3703732;0,4752436;0,2703595;0,6277351;0,5175486;0,5899353;
b;0;0,007234514;0,08035845;0,02018762;0,02499783;0,07170606;0,05018759;0,05464673;0,0611794;0,1093767;0,1980057;0,2311897;0,09858227;0,1537843;0,2004647;0,3200288;0,1606321;0,3619251;0,500145;0,4156399;0,4452686;0,6032224;0,5260334;0,7073288;0,6489563;0,643486;
b;0;0,01651552;0,05692029;0,002933264;0,07271957;0,05040312;0,1676712;0,1745036;0,03537583;0,03648233;0,1544666;0,1672831;0,08718348;0,06813097;0,138607;0,2331734;0,2236662;0,4042296;0,6747947;0,5143347;0,5736704;0,7549133;0,6300735;0,8132429;0,7292767;0,8282928;
b;0;0,03432488;0,05981195;0,05865705;0,1504868;0,1269808;0,2488441;0,2524617;0,1395879;0,1141162;0,1009078;0,09094167;0,2478805;0,2186041;0,1713772;0,04987907;0,2633815;0,08260202;0,1067371;0,001974106;0,02953053;0,08617544;0,00800848;0,246747;0,1392498;0,2122421;
b;0;0,03588063;0,05851775;0,009850383;0,04434657;0,03993607;0,05486894;0,08403707;0,03265643;0,08484507;0,1717796;0,1556492;0,04512072;0,003189087;0,06493092;0,1601415;
b;0;0,2248095;0,07846534;0,3311872;0,3298745;0,2081311;0,3850162;0,2885482;0,3269753;0,2770939;0,2366905;0,1747446;0,3590198;0,3288479;0,2586355;0,05976343;
b;0;0,006193578;0,02891982;0,06425083;0,01843238;0,0187664;0,1058421;0,1109805;0,05332422;0,05259562;0,09491253;0,1292148;0,00423336;0,001003742;0,09127855;0,1875057;
b;0;0,007227242;0,02842808;0,03595221;0,09061778;0,1384268;0,009993792;0,01316547;0,1738777;0,1700044;0,2620122;0,2760382;0,1452994;0,1239109;0,2244139;0,3431211;
b;0;0,01742768;0,05456805;0,08583415;0,0401361;0,0630095;0,05558181;0,06186414;0,07901073;0,1278992;0,1643734;0,1956;0,01352119;0,04479647;0,1161742;0,2638488;
b;0;0,02901596;0,07092106;0,01828873;0,1404332;0,1130712;0,01321197;0,01929879;0,1660283;0,2159035;0,2530949;0,2856817;0,1011415;0,1816607;0,275486;0,3969374;
b;0;0,01373938;0,1109856;0,1383667;0,08586729;0,1079409;0,01275897;0,0164597;0,1524944;0,2043934;0,248337;0,3030491;0,09484148;0,121789;0,1424222;0,2614942;
b;0;0,03383946;0,05241096;0,02879131;0,009166718;0,03322077;0,08962607;0,09681797;0,1474521;0,1690876;0,2314298;0,2664557;0,1349463;0,1356478;0,2047443;0,32584;
b;0;0,01122773;0,06657881;0,0198375;0,1130766;0,1134937;0,2842283;0,2618072;0,09440613;0,09410238;0,03400731;0,004571915;0,1671653;0,1459017;0,07761288;0,04166031;
b;0;0,0171186;0,05516189;0,01395619;0,1150286;0,06830931;0,241509;0,2214191;0,03279257;0,00938344;0,0563283;0,06384945;0,0936327;0,1421881;0,05018234;0,01954412;
s;0;0,001813471;0,06693745;0,06709683;0,01210463;0,009334564;0,1146855;0,1215599;0,0424149;0,09256673;0,1569142;0,1119156;0,09641647;0,1427145;0,1779566;0,0343504;
s;0;0,0549742;0,07718205;0,07746148;0,02554119;0,04373646;0,03067875;0,0885725;0,02292013;0,07372737;0,1345813;0,1148119;0,1239653;0,1985927;0,2357163;0,111454;
s;0;0,05420709;0,1244446;0,1292886;0,1042942;0,1085622;0,08175349;0,02269769;0,1580791;0,1796422;0,2626126;0,220428;0,01122522;0,04315615;0,04907227;0,04682827;
s;0;0,02334797;0,0235405;0,06749535;0,01721561;0,04877853;0,1057878;0,11518;0,01943231;0,03597689;0,07111716;0,02278185;0,2168021;0,2936611;0,3331995;0,240963;
s;0;0,004273057;0,09897721;0,04693317;0,05434942;0,03755951;0,1875801;0,1955302;0,08325768;0,06122375;0,04946089;0,09716344;0,3119903;0,3887563;0,3979263;0,2810392;
s;0;0,05339772;0,09711492;0,0458622;0,08112836;0,0635283;0,133364;0,1653898;0,04366851;0,0213418;0,01410699;0,0595603;0,267972;0,3411164;0,399229;0,2796474;
s;0;0,02978659;0,09997612;0,02757597;0,1024498;0,1046212;0,1785743;0,2096267;0,07310081;0,07529664;0,06257558;0,08177948;0,3149729;0,3392034;0,3189707;0,1746798;
s;0;0,002638161;0,09979147;0,04825103;0,02924669;0,01938033;0,1029823;0,1337039;0,002460718;0,0234704;0,05835652;0,01357365;0,2243581;0,2750959;0,2889075;0,1696963;
s;0;0,0017609;0,07041591;0,04266322;0,03924894;0,006967306;0,1180315;0,1269948;0,03411365;0,08047318;0,1627519;0,1662135;0,009160519;0,03982592;0,02464914;0,09359217;
s;0;0,03002268;0,1013479;0,1251761;0,07438242;0,09021091;0,006906033;0,014395;0,1225698;0,1448507;0,2048528;0,1862741;0,04513311;0,1210709;0,1567702;0,06479454;
b;0;0,05919862;0,02996212;0,07085359;0,2735965;0,1735179;0,3734767;
b;0;4,083897;4,106961;3,801848;3,472806;3,67132;3,550344;3,801986;
b;0;0,07959509;0,100738;0,07289791;0,1014779;0,05077505;0,274992;
b;0;0,004976511;0,001652896;0,1487733;0,1975445;0,01836514;0,2428727;
b;0;0,02863252;0,02294898;0,1806138;0,1291294;0,04505253;0,1520281;0,4292247;
b;0;0,02155477;0,05211914;0,2350987;0,3124763;0,1714127;0,4009485;0,8960741;
b;0;0,08424646;0,05915457;0,09097397;0,2192463;0,01693892;0,2386475;0,1422164;
b;0;0,0211696;0,001430869;0,1753109;0,1728392;0,2579175;0,3342414;0,340204;
b;0;0,002785742;0,0005181432;0,1469854;0,1702912;0,1994095;0,3163433;0,2739799;
b;0;0,009177089;0,006269634;0,1445187;0,2939039;0,2987291;0,350503;0,3552685;
