
NEW RESULT

[ p ;  jungle4 ; breaker: 1,0 ] --> 0,2 0,5 0,76 1,37 
[ b ;  jungle4 ; breaker: 1,0 ] --> 0,2 0,7106944 0,9669778 1,477178 
[ e ;  jungle4 ; breaker: 1,0 ] --> 0 0,2106944 0,2069778 0,1071784 
Absolute Error Mean: 0,1312127

[ p ;  jungle4 ; breaker: 1,0 ] --> 0,2 0,5 0,76 1,37 
[ b ;  jungle4 ; breaker: 1,0 ] --> 0,2 0,4796565 0,806191 1,415803 
[ e ;  jungle4 ; breaker: 1,0 ] --> 0 0,02034345 0,04619104 0,04580331 
Absolute Error Mean: 0,02808445

[ p ;  jungle4 ; breaker: 1,0 ] --> 0,2 0,5 0,76 1,37 
[ s ;  jungle4 ; breaker: 1,0 ] --> 0,2 0,5816108 0,9126303 1,447281 
[ e ;  jungle4 ; breaker: 1,0 ] --> 0 0,0816108 0,1526303 0,07728064 
Absolute Error Mean: 0,07788043

[ p ;  jungle4 ; breaker: 1,0 ] --> 0,2 0,5 0,76 1,37 
[ s ;  jungle4 ; breaker: 1,0 ] --> 0,2 0,5553043 0,9127555 1,495123 
[ e ;  jungle4 ; breaker: 1,0 ] --> 0 0,05530435 0,1527555 0,1251229 
Absolute Error Mean: 0,08329569

[ p ;  jungle26 ; breaker: 1,0 ] --> 0,2 0,5 0,76 1,37 
[ s ;  jungle26 ; breaker: 1,0 ] --> 0,2 0,5571259 0,8879991 1,44623 2,025402 2,380125 2,710243 2,989136 3,142444 3,498063 3,800347 4,050129 4,329449 4,582148 4,861973 5,094779 5,249025 5,600735 5,854037 6,208182 6,560695 6,889143 7,268559 7,602961 7,962594 8,295563 
[ e ;  jungle26 ; breaker: 1,0 ] --> 0 0,05712587 0,1279991 0,07623017 
Absolute Error Mean: 0,06533879

[ p ;  jungle26 ; breaker: 1,0 ] --> 0,2 0,5 0,76 1,37 1,93 2,24 2,72 2,93 3,2 3,51 3,78 4,08 4,57 4,9 5,19 5,3 5,92 6,1 6,37 6,76 7,09 7,24 7,7 7,8 8,24 8,5 
[ s ;  jungle26 ; breaker: 1,0 ] --> 0,2 0,5352066 0,8385912 1,372647 1,860129 2,217375 2,628203 2,8101 3,218941 3,524566 3,880311 4,16267 4,444489 4,700796 4,956986 5,161932 5,341638 5,703652 5,98203 6,24068 6,49695 6,752042 7,009166 7,263495 7,543863 7,777748 8,060513 
[ e ;  jungle26 ; breaker: 1,0 ] --> 0 0,03520656 0,07859123 0,002646923 0,06987059 0,02262473 0,09179688 0,1199002 0,01894069 0,01456571 0,1003108 0,08267021 0,1255116 0,199204 0,2330141 0,1380682 0,578362 0,3963475 0,3879695 0,51932 0,5930505 0,487958 0,6908336 0,5365052 0,696137 0,7222524 
Absolute Error Mean: 0,2669868

[ p ;  jungle26 ; breaker: 1,0 ] --> 0,2 0,5 0,76 1,37 1,93 2,24 2,72 2,93 3,2 3,51 3,78 4,08 4,57 4,9 5,19 5,3 5,92 6,1 6,37 6,76 7,09 7,24 7,7 7,8 8,24 8,5 
[ s ;  jungle26 ; breaker: 1,0 ] --> 0,2 0,5515463 0,9030709 1,517331 2,027758 2,354446 2,766567 2,969888 3,375751 3,675119 3,986617 4,241589 4,521698 4,794703 5,046613 5,274539 5,427382 5,759512 6,015882 6,318419 6,545143 6,797157 7,02528 7,308553 7,561101 7,818031 8,069812 
[ e ;  jungle26 ; breaker: 1,0 ] --> 0 0,05154628 0,1430709 0,1473308 0,0977577 0,1144457 0,0465672 0,03988838 0,1757512 0,1651189 0,2066174 0,1615887 0,0483017 0,1052971 0,1433873 0,02546167 0,4926186 0,3404875 0,3541179 0,4415812 0,544857 0,442843 0,6747193 0,4914474 0,6788983 0,6819692 
Absolute Error Mean: 0,2621412

[ p ;  jungle26 ; breaker: 1,0 ] --> 0,2 0,5 0,76 1,37 1,93 2,24 2,72 2,93 3,2 3,51 3,78 4,08 4,57 4,9 5,19 5,3 5,92 6,1 6,37 6,76 7,09 7,24 7,7 7,8 8,24 8,5 
[ s ;  jungle26 ; breaker: 1,0 ] --> 0,2 0,5081844 0,8840163 1,469706 2,052647 2,35815 2,639657 2,866077 3,041777 3,347151 3,628526 3,882043 4,164741 4,417297 4,646342 4,900268 5,050344 5,377347 5,635466 5,968217 6,175262 6,428719 6,656831 6,941496 7,194318 7,448046 7,702142 
[ e ;  jungle26 ; breaker: 1,0 ] --> 0 0,008184373 0,1240163 0,0997057 0,1226472 0,11815 0,08034325 0,06392288 0,1582232 0,1628487 0,1514735 0,1979566 0,4052596 0,4827027 0,5436583 0,3997326 0,8696556 0,7226529 0,7345343 0,7917829 0,9147377 0,8112807 1,043169 0,8585038 1,045681 1,051954 
Absolute Error Mean: 0,4601068

[ p ;  jungle26 ; breaker: 1,0 ] --> 0,2 0,5 0,76 1,37 1,93 2,24 2,72 2,93 3,2 3,51 3,78 4,08 4,57 4,9 5,19 5,3 5,92 6,1 6,37 6,76 7,09 7,24 7,7 7,8 8,24 8,5 
[ s ;  jungle26 ; breaker: 1,0 ] --> 0,2 0,5311354 0,887017 1,471088 1,929061 2,260638 2,662963 2,866735 3,273806 3,66218 3,995024 4,249723 4,529877 4,761087 5,01327 5,241677 5,396998 5,753125 5,982256 6,286293 6,536526 6,764472 7,018392 7,296474 7,551895 7,807817 8,062757 
[ e ;  jungle26 ; breaker: 1,0 ] --> 0 0,03113538 0,127017 0,1010878 0,0009390116 0,02063751 0,05703712 0,06326556 0,07380581 0,1521797 0,2150242 0,1697235 0,04012346 0,1389132 0,1767302 0,05832291 0,5230017 0,3468747 0,3877435 0,4737072 0,5534739 0,4755282 0,6816077 0,5035257 0,6881051 0,6921825 
Absolute Error Mean: 0,2596805

[ p ;  jungle26 ; breaker: 1,0 ] --> 0,2 0,5 0,76 1,37 1,93 2,24 2,72 2,93 3,2 3,51 3,78 4,08 4,57 4,9 5,19 5,3 5,92 6,1 6,37 6,76 7,09 7,24 7,7 7,8 8,24 8,5 
[ s ;  jungle26 ; breaker: 1,0 ] --> 0,2 0,5306373 0,8101519 1,551222 2,063711 2,446069 2,755512 3,037476 3,190053 3,541517 3,847807 4,101934 4,381649 4,636866 4,866101 5,092244 5,269454 5,601037 5,854482 6,135214 6,36406 6,59639 6,853976 7,108997 7,362969 7,5918 7,84549 
[ e ;  jungle26 ; breaker: 1,0 ] --> 0 0,03063726 0,05015194 0,1812223 0,1337115 0,206069 0,03551221 0,1074762 0,009947062 0,03151703 0,06780672 0,02193451 0,1883512 0,263134 0,3238993 0,2077565 0,6505461 0,4989634 0,5155182 0,6247859 0,7259398 0,64361 0,846024 0,6910028 0,8770308 0,9081998 
Absolute Error Mean: 0,3400288

[ p ;  jungle26 ; breaker: 1,0 ] --> 0,2 0,5 0,76 1,37 1,93 2,24 2,72 2,93 3,2 3,51 3,78 4,08 4,57 4,9 5,19 5,3 5,92 6,1 6,37 6,76 7,09 7,24 7,7 7,8 8,24 8,5 
[ s ;  jungle26 ; breaker: 1,0 ] --> 0,2 0,578055 0,9300683 1,459971 1,911484 2,267738 2,616997 2,842423 3,249067 3,55314 3,832384 4,0673 4,351486 4,607249 4,838961 5,068832 5,247104 5,553237 5,809217 6,041438 6,297905 6,530225 6,784564 7,014964 7,295468 7,523798 7,754712 
[ e ;  jungle26 ; breaker: 1,0 ] --> 0 0,07805496 0,1700683 0,0899713 0,0185163 0,02773833 0,1030025 0,0875771 0,04906678 0,0431397 0,05238366 0,01270008 0,218514 0,2927513 0,3510389 0,2311683 0,6728964 0,5467629 0,5607829 0,7185626 0,7920947 0,709775 0,9154353 0,7850361 0,9445314 0,9762015 
Absolute Error Mean: 0,3633758

[ p ;  jungle26 ; breaker: 1,0 ] --> 0,2 0,5 0,76 1,37 1,93 2,24 2,72 2,93 3,2 3,51 3,78 4,08 4,57 4,9 5,19 5,3 5,92 6,1 6,37 6,76 7,09 7,24 7,7 7,8 8,24 8,5 
[ s ;  jungle26 ; breaker: 1,0 ] --> 0,2 0,5521647 0,9037885 1,463358 1,946275 2,334466 2,690458 2,918266 3,327687 3,710623 3,990841 4,245776 4,526381 4,782886 5,036961 5,266166 5,417014 5,751145 5,979542 6,236008 6,490397 6,771837 7,150349 7,406186 7,689581 7,920774 8,174666 
[ e ;  jungle26 ; breaker: 1,0 ] --> 0 0,05216473 0,1437885 0,09335816 0,01627517 0,09446645 0,02954197 0,01173377 0,127687 0,2006233 0,2108414 0,1657763 0,04361868 0,1171141 0,153039 0,03383446 0,5029864 0,348855 0,3904581 0,5239921 0,5996032 0,4681625 0,5496511 0,3938146 0,5504184 0,5792265 
Absolute Error Mean: 0,2461935

[ p ;  jungle26 ; breaker: 1,0 ] --> 0,2 0,5 0,76 1,37 1,93 2,24 2,72 2,93 3,2 3,51 3,78 4,08 4,57 4,9 5,19 5,3 5,92 6,1 6,37 6,76 7,09 7,24 7,7 7,8 8,24 8,5 
[ s ;  jungle26 ; breaker: 1,0 ] --> 0,2 0,5337045 0,866844 1,399147 1,933689 2,214149 2,490832 2,716292 2,896603 3,204082 3,51154 3,740648 4,044691 4,326142 4,556452 4,783391 4,959656 5,295732 5,579123 5,829634 6,088075 6,342511 6,572212 6,82827 7,108191 7,335451 7,591894 
[ e ;  jungle26 ; breaker: 1,0 ] --> 0 0,03370446 0,106844 0,02914739 0,003688812 0,02585053 0,2291684 0,2137084 0,3033969 0,3059182 0,2684596 0,3393524 0,5253091 0,5738578 0,6335478 0,5166087 0,9603443 0,8042684 0,7908764 0,930366 1,001925 0,8974891 1,127788 0,9717302 1,131808 1,164549 
Absolute Error Mean: 0,5342195

[ p ;  jungle26 ; breaker: 1,0 ] --> 0,2 0,5 0,76 1,37 1,93 2,24 2,72 2,93 3,2 3,51 3,78 4,08 4,57 4,9 5,19 5,3 5,92 6,1 6,37 6,76 7,09 7,24 7,7 7,8 8,24 8,5 
[ s ;  jungle26 ; breaker: 1,0 ] --> 0,2 0,5035166 0,9366131 1,620141 2,05925 2,495041 2,777045 3,032795 3,466052 3,950656 4,362387 4,616709 4,89785 5,410396 5,769015 5,999879 6,484043 6,811718 7,16714 7,446351 7,652022 7,883427 8,139016 8,368253 8,650558 8,884162 
[ e ;  jungle26 ; breaker: 1,0 ] --> 0 0,003516555 0,1766132 0,2501409 0,1292502 0,2550411 0,05704546 0,1027954 0,2660522 0,4406564 0,5823867 0,5367093 0,3278499 0,5103955 0,5790153 0,6998787 0,564043 0,7117181 0,7971396 0,6863503 0,5620217 0,6434269 0,4390163 0,5682526 0,4105587 0,3841619 
Absolute Error Mean: 0,4109245

[ p ;  jungle8 ; breaker: 1,0 ] --> 0,2 0,5 0,76 1,37 1,93 2,24 2,72 2,93 3,2 3,51 3,78 4,08 4,57 4,9 5,19 5,3 5,92 6,1 6,37 6,76 7,09 7,24 7,7 7,8 8,24 8,5 
[ s ;  jungle8 ; breaker: 1,0 ] --> 0,2 0,5592216 0,8652409 1,420391 2,00827 2,390583 2,772665 2,952837 
[ e ;  jungle8 ; breaker: 1,0 ] --> 0 0,05922163 0,1052409 0,05039096 0,07826984 0,150583 0,052665 0,02283716 
Absolute Error Mean: 4,106507

[ p ;  jungle8 ; breaker: 1,0 ] --> 0,2 0,5 0,76 1,37 1,93 2,24 2,72 2,93 
[ s ;  jungle8 ; breaker: 1,0 ] --> 0,2 0,5606365 0,8646696 1,424726 2,015544 2,37128 2,753114 2,957739 
[ e ;  jungle8 ; breaker: 1,0 ] --> 0 0,06063646 0,1046696 0,05472577 0,08554447 0,1312797 0,03311372 0,02773857 
Absolute Error Mean: 0,06221354

[ p ;  jungle8 ; breaker: 1,0 ] --> 0,2 0,5 0,76 1,37 1,93 2,24 2,72 2,93 
[ s ;  jungle8 ; breaker: 1,0 ] --> 0,2 0,6020468 0,9316088 1,659733 2,268559 2,619592 2,972801 3,151663 
[ e ;  jungle8 ; breaker: 1,0 ] --> 0 0,1020468 0,1716088 0,2897331 0,338559 0,3795917 0,2528014 0,2216625 
Absolute Error Mean: 0,2195004

[ p ;  jungle8 ; breaker: 1,0 ] --> 0,2 0,5 0,76 1,37 1,93 2,24 2,72 2,93 
[ s ;  jungle8 ; breaker: 1,0 ] --> 0,2 0,5049704 0,8362074 1,479179 2,098337 2,533266 2,941418 3,14689 
[ e ;  jungle8 ; breaker: 1,0 ] --> 0 0,004970372 0,0762074 0,1091787 0,1683367 0,2932656 0,2214179 0,2168899 
Absolute Error Mean: 0,1362833

[ p ;  jungle8 ; breaker: 1,0 ] --> 0,2 0,5 0,76 1,37 1,93 2,24 2,72 2,93 
[ s ;  jungle8 ; breaker: 1,0 ] --> 0,2 0,5056931 0,8654388 1,425418 1,905704 2,260792 2,620201 2,825045 
[ e ;  jungle8 ; breaker: 1,0 ] --> 0 0,005693078 0,1054388 0,05541801 0,02429628 0,02079153 0,09979868 0,1049552 
Absolute Error Mean: 0,05204895

[ p ;  jungle8 ; breaker: 1,0 ] --> 0,2 0,5 0,76 1,37 1,93 2,24 2,72 2,93 
[ s ;  jungle8 ; breaker: 1,0 ] --> 0,2 0,556039 0,9118739 1,51641 2,075352 2,407393 2,787053 2,988667 
[ e ;  jungle8 ; breaker: 1,0 ] --> 0 0,05603898 0,1518739 0,1464103 0,145352 0,1673927 0,06705284 0,05866718 
Absolute Error Mean: 0,0990985

[ p ;  jungle8 ; breaker: 1,0 ] --> 0,2 0,5 0,76 1,37 1,93 2,24 2,72 2,93 
[ s ;  jungle8 ; breaker: 1,0 ] --> 0,2 0,5305832 0,8357369 1,374283 1,931155 2,288162 2,644976 2,848923 
[ e ;  jungle8 ; breaker: 1,0 ] --> 0 0,0305832 0,07573694 0,00428319 0,001155496 0,04816222 0,07502413 0,0810771 
Absolute Error Mean: 0,03950278

[ p ;  jungle8 ; breaker: 1,0 ] --> 0,2 0,5 0,76 1,37 1,93 2,24 2,72 2,93 
[ s ;  jungle8 ; breaker: 1,0 ] --> 0,2 0,5078476 0,8142025 1,35033 1,915295 2,220585 2,623317 2,799354 
[ e ;  jungle8 ; breaker: 1,0 ] --> 0 0,007847607 0,05420256 0,01967037 0,01470518 0,0194149 0,09668326 0,1306462 
Absolute Error Mean: 0,04289626

[ p ;  jungle8 ; breaker: 1,0 ] --> 0,2 0,5 0,76 1,37 1,93 2,24 2,72 2,93 
[ s ;  jungle8 ; breaker: 1,0 ] --> 0,2 0,5293635 0,8303446 1,385027 1,939841 2,26736 2,697669 2,873987 
[ e ;  jungle8 ; breaker: 1,0 ] --> 0 0,02936351 0,07034457 0,01502728 0,009840727 0,02736044 0,02233148 0,05601263 
Absolute Error Mean: 0,02878508

[ p ;  jungle8 ; breaker: 1,0 ] --> 0,2 0,5 0,76 1,37 1,93 2,24 2,72 2,93 
[ s ;  jungle8 ; breaker: 1,0 ] --> 0,2 0,5077036 0,813448 1,365746 1,972932 2,302545 2,684851 2,862409 
[ e ;  jungle8 ; breaker: 1,0 ] --> 0 0,007703602 0,05344796 0,004254103 0,04293251 0,06254482 0,03514862 0,06759095 
Absolute Error Mean: 0,03420282

[ p ;  jungle26 ; breaker: 1,0 ] --> 0,2 0,5 0,76 1,37 1,93 2,24 2,72 2,93 
[ b ;  jungle26 ; breaker: 1,0 ] --> 0,2 0,5587674 0,8153998 1,301779 1,892955 2,198569 2,581051 2,809865 3,268042 3,576598 3,960356 4,245901 4,649514 4,982677 5,369392 5,574254 6,03162 6,362813 6,823712 7,132696 7,541801 7,824787 8,231986 8,618183 9,028424 9,384365 
[ e ;  jungle26 ; breaker: 1,0 ] --> 0 0,05876738 0,05539984 0,06822085 0,03704464 0,04143071 0,1389492 0,1201353 
Absolute Error Mean: 0,06499349

[ p ;  jungle26 ; breaker: 1,0 ] --> 0,2 0,5 0,76 1,37 1,93 2,24 2,72 2,93 3,2 3,51 3,78 4,08 4,57 4,9 5,19 5,3 5,92 6,1 6,37 6,76 7,09 7,24 7,7 7,8 8,24 8,5 
[ b ;  jungle26 ; breaker: 1,0 ] --> 0,2 0,4798644 0,917059 1,484172 2,152546 2,610635 3,045548 3,251944 3,737161 4,095651 4,485137 4,794487 5,204904 5,615403 6,051921 6,231067 6,689423 7,096279 7,612889 8,074343 8,537269 8,848516 9,233026 9,615487 9,970655 10,17375 
[ e ;  jungle26 ; breaker: 1,0 ] --> 0 0,02013561 0,157059 0,1141721 0,2225457 0,3706353 0,3255477 0,321944 0,5371614 0,5856507 0,7051365 0,7144871 0,6349034 0,7154031 0,8619213 0,931067 0,7694225 0,9962792 1,242889 1,314342 1,447268 1,608516 1,533026 1,815487 1,730656 1,673753 
Absolute Error Mean: 0,8211311

[ p ;  jungle26 ; breaker: 1,0 ] --> 0,2 0,5 0,76 1,37 1,93 2,24 2,72 2,93 3,2 3,51 3,78 4,08 4,57 4,9 5,19 5,3 5,92 6,1 6,37 6,76 7,09 7,24 7,7 7,8 8,24 8,5 
[ b ;  jungle26 ; breaker: 1,0 ] --> 0,2 0,5339497 1,096293 1,790947 2,255499 2,587997 2,971479 3,173951 3,74074 4,181758 4,568218 5,001359 5,360572 5,699177 6,082448 6,313093 6,754622 7,086428 7,703991 7,906799 8,089293 8,474087 8,858449 9,293627 9,60098 9,988318 
[ e ;  jungle26 ; breaker: 1,0 ] --> 0 0,03394973 0,3362926 0,4209473 0,3254992 0,3479967 0,2514789 0,2439513 0,5407403 0,6717584 0,7882183 0,9213591 0,7905722 0,7991772 0,8924484 1,013093 0,8346224 0,9864283 1,333992 1,146799 0,9992933 1,234087 1,158449 1,493627 1,36098 1,488318 
Absolute Error Mean: 0,7851568

[ p ;  jungle26 ; breaker: 1,0 ] --> 0,2 0,5 0,76 1,37 1,93 2,24 2,72 2,93 3,2 3,51 3,78 4,08 4,57 4,9 5,19 5,3 5,92 6,1 6,37 6,76 7,09 7,24 7,7 7,8 8,24 8,5 
[ b ;  jungle26 ; breaker: 1,0 ] --> 0,2 0,5857536 0,8928519 1,533486 1,994193 2,249744 2,633519 2,835721 3,268625 3,650322 4,032498 4,366099 4,77129 5,076509 5,466293 5,642584 6,125684 6,535587 7,117107 7,347189 7,729565 8,034851 8,446081 8,780926 9,165358 9,525061 
[ e ;  jungle26 ; breaker: 1,0 ] --> 0 0,08575362 0,1328519 0,163486 0,06419313 0,009744406 0,08648086 0,09427905 0,0686245 0,1403224 0,2524979 0,286099 0,2012901 0,1765084 0,2762928 0,3425841 0,2056837 0,4355874 0,7471075 0,5871892 0,6395645 0,7948513 0,7460814 0,9809256 0,9253578 1,025061 
Absolute Error Mean: 0,3641699

[ p ;  jungle26 ; breaker: 1,0 ] --> 0,2 0,5 0,76 1,37 1,93 2,24 2,72 2,93 3,2 3,51 3,78 4,08 4,57 4,9 5,19 5,3 5,92 6,1 6,37 6,76 7,09 7,24 7,7 7,8 8,24 8,5 
[ b ;  jungle26 ; breaker: 1,0 ] --> 0,2 0,5066475 0,8650434 1,353026 1,893716 2,22783 2,588004 2,817582 3,225165 3,608033 3,941659 4,273356 4,58032 4,991269 5,396378 5,599613 6,062768 6,473567 7,071252 7,276858 7,686425 8,019388 8,37736 8,731326 9,062003 9,443285 
[ e ;  jungle26 ; breaker: 1,0 ] --> 0 0,006647468 0,1050434 0,01697421 0,03628409 0,01217031 0,1319964 0,1124179 0,02516484 0,09803271 0,161659 0,1933565 0,01032019 0,09126854 0,2063775 0,299613 0,1427679 0,3735671 0,701252 0,5168576 0,5964246 0,7793884 0,6773605 0,9313259 0,8220034 0,943285 
Absolute Error Mean: 0,3073676

[ p ;  jungle26 ; breaker: 1,0 ] --> 0,2 0,5 0,76 1,37 1,93 2,24 2,72 2,93 3,2 3,51 3,78 4,08 4,57 4,9 5,19 5,3 5,92 6,1 6,37 6,76 7,09 7,24 7,7 7,8 8,24 8,5 
[ b ;  jungle26 ; breaker: 1,0 ] --> 0,2 0,5107629 0,8947561 1,535301 1,976357 2,337382 2,668418 2,874401 3,283231 3,62272 4,037716 4,346874 4,731391 5,064858 5,498206 5,677117 6,115513 6,477721 6,888239 7,230856 7,666761 7,947913 8,309048 8,641612 9,026342 9,310069 
[ e ;  jungle26 ; breaker: 1,0 ] --> 0 0,01076293 0,1347561 0,165301 0,04635727 0,09738183 0,05158186 0,05559897 0,08323145 0,1127198 0,2577164 0,2668743 0,1613913 0,1648579 0,3082056 0,3771167 0,1955132 0,3777213 0,5182395 0,4708562 0,5767608 0,7079134 0,6090479 0,8416119 0,7863426 0,8100691 
Absolute Error Mean: 0,3149204

[ p ;  jungle26 ; breaker: 1,0 ] --> 0,2 0,5 0,76 1,37 1,93 2,24 2,72 2,93 3,2 3,51 3,78 4,08 4,57 4,9 5,19 5,3 5,92 6,1 6,37 6,76 7,09 7,24 7,7 7,8 8,24 8,5 
[ b ;  jungle26 ; breaker: 1,0 ] --> 0,2 0,4557526 0,8659784 1,556045 2,06317 2,365381 2,721462 2,954379 3,363947 3,671414 4,081614 4,362587 4,77731 5,084342 5,465865 5,671641 6,082392 6,467173 6,825894 7,106182 7,460373 7,715243 7,970359 8,427735 8,757548 9,089935 
[ e ;  jungle26 ; breaker: 1,0 ] --> 0 0,04424736 0,1059784 0,1860449 0,1331698 0,1253815 0,001461506 0,02437878 0,1639466 0,1614141 0,3016145 0,2825871 0,2073102 0,1843414 0,2758646 0,3716412 0,1623921 0,3671727 0,455894 0,3461819 0,3703732 0,4752436 0,2703595 0,6277351 0,5175486 0,5899353 
Absolute Error Mean: 0,2597007

[ p ;  jungle26 ; breaker: 1,0 ] --> 0,2 0,5 0,76 1,37 1,93 2,24 2,72 2,93 3,2 3,51 3,78 4,08 4,57 4,9 5,19 5,3 5,92 6,1 6,37 6,76 7,09 7,24 7,7 7,8 8,24 8,5 
[ b ;  jungle26 ; breaker: 1,0 ] --> 0,2 0,5072345 0,8403584 1,349812 1,954998 2,311706 2,669812 2,875353 3,261179 3,619377 3,978006 4,31119 4,668582 5,053784 5,390465 5,620029 6,080632 6,461925 6,870145 7,17564 7,535269 7,843222 8,226033 8,507329 8,888956 9,143486 
[ e ;  jungle26 ; breaker: 1,0 ] --> 0 0,007234514 0,08035845 0,02018762 0,02499783 0,07170606 0,05018759 0,05464673 0,0611794 0,1093767 0,1980057 0,2311897 0,09858227 0,1537843 0,2004647 0,3200288 0,1606321 0,3619251 0,500145 0,4156399 0,4452686 0,6032224 0,5260334 0,7073288 0,6489563 0,643486 
Absolute Error Mean: 0,2574834

[ p ;  jungle26 ; breaker: 1,0 ] --> 0,2 0,5 0,76 1,37 1,93 2,24 2,72 2,93 3,2 3,51 3,78 4,08 4,57 4,9 5,19 5,3 5,92 6,1 6,37 6,76 7,09 7,24 7,7 7,8 8,24 8,5 
[ b ;  jungle26 ; breaker: 1,0 ] --> 0,2 0,4834845 0,8169203 1,372933 1,85728 2,189597 2,552329 2,755497 3,164624 3,546482 3,934467 4,247283 4,657184 4,968131 5,328607 5,533174 6,143666 6,50423 7,044795 7,274335 7,663671 7,994913 8,330073 8,613243 8,969276 9,328293 
[ e ;  jungle26 ; breaker: 1,0 ] --> 0 0,01651552 0,05692029 0,002933264 0,07271957 0,05040312 0,1676712 0,1745036 0,03537583 0,03648233 0,1544666 0,1672831 0,08718348 0,06813097 0,138607 0,2331734 0,2236662 0,4042296 0,6747947 0,5143347 0,5736704 0,7549133 0,6300735 0,8132429 0,7292767 0,8282928 
Absolute Error Mean: 0,2926486

[ p ;  jungle26 ; breaker: 1,0 ] --> 0,2 0,5 0,76 1,37 1,93 2,24 2,72 2,93 3,2 3,51 3,78 4,08 4,57 4,9 5,19 5,3 5,92 6,1 6,37 6,76 7,09 7,24 7,7 7,8 8,24 8,5 
[ b ;  jungle26 ; breaker: 1,0 ] --> 0,2 0,5343249 0,8198119 1,311343 1,779513 2,113019 2,471156 2,677538 3,060412 3,395884 3,679092 3,989058 4,32212 4,681396 5,018623 5,250121 5,656619 6,017398 6,476737 6,758026 7,119531 7,326175 7,708008 8,046747 8,37925 8,712242 
[ e ;  jungle26 ; breaker: 1,0 ] --> 0 0,03432488 0,05981195 0,05865705 0,1504868 0,1269808 0,2488441 0,2524617 0,1395879 0,1141162 0,1009078 0,09094167 0,2478805 0,2186041 0,1713772 0,04987907 0,2633815 0,08260202 0,1067371 0,001974106 0,02953053 0,08617544 0,00800848 0,246747 0,1392498 0,2122421 
Absolute Error Mean: 0,1246735

[ p ;  jungle16 ; breaker: 1,0 ] --> 0,2 0,5 0,76 1,37 1,93 2,24 2,72 2,93 3,2 3,51 3,78 4,08 4,57 4,9 5,19 5,3 5,92 6,1 6,37 6,76 7,09 7,24 7,7 7,8 8,24 8,5 
[ b ;  jungle16 ; breaker: 1,0 ] --> 0,2 0,5358806 0,8185177 1,36015 1,974347 2,279936 2,665131 2,845963 3,232656 3,594845 3,95178 4,235649 4,615121 4,896811 5,254931 5,460142 
[ e ;  jungle16 ; breaker: 1,0 ] --> 0 0,03588063 0,05851775 0,009850383 0,04434657 0,03993607 0,05486894 0,08403707 0,03265643 0,08484507 0,1717796 0,1556492 0,04512072 0,003189087 0,06493092 0,1601415 
Absolute Error Mean: 2,798683

[ p ;  jungle16 ; breaker: 1,0 ] --> 0,2 0,5 0,76 1,37 1,93 2,24 2,72 2,93 3,2 3,51 3,78 4,08 4,57 4,9 5,19 5,3 
[ b ;  jungle16 ; breaker: 1,0 ] --> 0,2 0,2751905 0,6815346 1,038813 1,600125 2,031869 2,334984 2,641452 2,873025 3,232906 3,543309 3,905255 4,21098 4,571152 4,931365 5,240237 5,572334 
[ e ;  jungle16 ; breaker: 1,0 ] --> 0 0,2248095 0,07846534 0,3311872 0,3298745 0,2081311 0,3850162 0,2885482 0,3269753 0,2770939 0,2366905 0,1747446 0,3590198 0,3288479 0,2586355 0,05976343 
Absolute Error Mean: 0,2417377

[ p ;  jungle16 ; breaker: 1,0 ] --> 0,2 0,5 0,76 1,37 1,93 2,24 2,72 2,93 3,2 3,51 3,78 4,08 4,57 4,9 5,19 5,3 
[ b ;  jungle16 ; breaker: 1,0 ] --> 0,2 0,5061936 0,7889198 1,305749 1,948432 2,258766 2,614158 2,81902 3,253324 3,562596 3,874913 4,209215 4,565767 4,898996 5,281279 5,487506 
[ e ;  jungle16 ; breaker: 1,0 ] --> 0 0,006193578 0,02891982 0,06425083 0,01843238 0,0187664 0,1058421 0,1109805 0,05332422 0,05259562 0,09491253 0,1292148 0,00423336 0,001003742 0,09127855 0,1875057 
Absolute Error Mean: 0,06046588

[ p ;  jungle16 ; breaker: 1,0 ] --> 0,2 0,5 0,76 1,37 1,93 2,24 2,72 2,93 3,2 3,51 3,78 4,08 4,57 4,9 5,19 5,3 
[ b ;  jungle16 ; breaker: 1,0 ] --> 0,2 0,5072272 0,7884281 1,405952 2,020618 2,378427 2,710006 2,916835 3,373878 3,680004 4,042012 4,356038 4,7153 5,023911 5,414414 5,643121 
[ e ;  jungle16 ; breaker: 1,0 ] --> 0 0,007227242 0,02842808 0,03595221 0,09061778 0,1384268 0,009993792 0,01316547 0,1738777 0,1700044 0,2620122 0,2760382 0,1452994 0,1239109 0,2244139 0,3431211 
Absolute Error Mean: 0,1276556

[ p ;  jungle16 ; breaker: 1,0 ] --> 0,2 0,5 0,76 1,37 1,93 2,24 2,72 2,93 3,2 3,51 3,78 4,08 4,57 4,9 5,19 5,3 
[ b ;  jungle16 ; breaker: 1,0 ] --> 0,2 0,4825723 0,814568 1,455834 1,970136 2,30301 2,664418 2,868136 3,279011 3,637899 3,944373 4,2756 4,583521 4,944797 5,306174 5,563849 
[ e ;  jungle16 ; breaker: 1,0 ] --> 0 0,01742768 0,05456805 0,08583415 0,0401361 0,0630095 0,05558181 0,06186414 0,07901073 0,1278992 0,1643734 0,1956 0,01352119 0,04479647 0,1161742 0,2638488 
Absolute Error Mean: 0,08647784

[ p ;  jungle16 ; breaker: 1,0 ] --> 0,2 0,5 0,76 1,37 1,93 2,24 2,72 2,93 3,2 3,51 3,78 4,08 4,57 4,9 5,19 5,3 
[ b ;  jungle16 ; breaker: 1,0 ] --> 0,2 0,529016 0,8309211 1,388289 2,070433 2,353071 2,706788 2,910701 3,366028 3,725904 4,033095 4,365682 4,671142 5,081661 5,465486 5,696938 
[ e ;  jungle16 ; breaker: 1,0 ] --> 0 0,02901596 0,07092106 0,01828873 0,1404332 0,1130712 0,01321197 0,01929879 0,1660283 0,2159035 0,2530949 0,2856817 0,1011415 0,1816607 0,275486 0,3969374 
Absolute Error Mean: 0,1425109

[ p ;  jungle16 ; breaker: 1,0 ] --> 0,2 0,5 0,76 1,37 1,93 2,24 2,72 2,93 3,2 3,51 3,78 4,08 4,57 4,9 5,19 5,3 
[ b ;  jungle16 ; breaker: 1,0 ] --> 0,2 0,4862606 0,8709856 1,508367 2,015867 2,347941 2,707241 2,91354 3,352494 3,714393 4,028337 4,383049 4,664842 5,021789 5,332422 5,561494 
[ e ;  jungle16 ; breaker: 1,0 ] --> 0 0,01373938 0,1109856 0,1383667 0,08586729 0,1079409 0,01275897 0,0164597 0,1524944 0,2043934 0,248337 0,3030491 0,09484148 0,121789 0,1424222 0,2614942 
Absolute Error Mean: 0,1259337

[ p ;  jungle16 ; breaker: 1,0 ] --> 0,2 0,5 0,76 1,37 1,93 2,24 2,72 2,93 3,2 3,51 3,78 4,08 4,57 4,9 5,19 5,3 
[ b ;  jungle16 ; breaker: 1,0 ] --> 0,2 0,5338395 0,812411 1,398791 1,939167 2,273221 2,630374 2,833182 3,347452 3,679088 4,01143 4,346456 4,704947 5,035648 5,394744 5,62584 
[ e ;  jungle16 ; breaker: 1,0 ] --> 0 0,03383946 0,05241096 0,02879131 0,009166718 0,03322077 0,08962607 0,09681797 0,1474521 0,1690876 0,2314298 0,2664557 0,1349463 0,1356478 0,2047443 0,32584 
Absolute Error Mean: 0,1224673

[ p ;  jungle16 ; breaker: 1,0 ] --> 0,2 0,5 0,76 1,37 1,93 2,24 2,72 2,93 3,2 3,51 3,78 4,08 4,57 4,9 5,19 5,3 
[ b ;  jungle16 ; breaker: 1,0 ] --> 0,2 0,5112277 0,8265788 1,350163 1,816923 2,126506 2,435772 2,668193 3,105594 3,415898 3,745993 4,075428 4,402835 4,754098 5,112387 5,34166 
[ e ;  jungle16 ; breaker: 1,0 ] --> 0 0,01122773 0,06657881 0,0198375 0,1130766 0,1134937 0,2842283 0,2618072 0,09440613 0,09410238 0,03400731 0,004571915 0,1671653 0,1459017 0,07761288 0,04166031 
Absolute Error Mean: 0,09560485

[ p ;  jungle16 ; breaker: 1,0 ] --> 0,2 0,5 0,76 1,37 1,93 2,24 2,72 2,93 3,2 3,51 3,78 4,08 4,57 4,9 5,19 5,3 
[ b ;  jungle16 ; breaker: 1,0 ] --> 0,2 0,4828814 0,8151619 1,356044 1,814971 2,171691 2,478491 2,708581 3,167207 3,500617 3,836328 4,143849 4,476367 4,757812 5,139818 5,319544 
[ e ;  jungle16 ; breaker: 1,0 ] --> 0 0,0171186 0,05516189 0,01395619 0,1150286 0,06830931 0,241509 0,2214191 0,03279257 0,00938344 0,0563283 0,06384945 0,0936327 0,1421881 0,05018234 0,01954412 
Absolute Error Mean: 0,07502523

[ p ;  jungle16 ; breaker: 1,0 ] --> 0,2 0,5 0,76 1,37 1,93 2,24 2,72 2,93 3,2 3,51 3,78 4,08 4,57 4,9 5,19 5,3 
[ s ;  jungle16 ; breaker: 1,0 ] --> 0,2 0,5018135 0,8269374 1,437097 1,917895 2,249335 2,605314 2,80844 3,242415 3,602567 3,936914 4,191916 4,473584 4,757286 5,012043 5,26565 
[ e ;  jungle16 ; breaker: 1,0 ] --> 0 0,001813471 0,06693745 0,06709683 0,01210463 0,009334564 0,1146855 0,1215599 0,0424149 0,09256673 0,1569142 0,1119156 0,09641647 0,1427145 0,1779566 0,0343504 
Absolute Error Mean: 0,07804886

[ p ;  jungle16 ; breaker: 1,0 ] --> 0,2 0,5 0,76 1,37 1,93 2,24 2,72 2,93 3,2 3,51 3,78 4,08 4,57 4,9 5,19 5,3 
[ s ;  jungle16 ; breaker: 1,0 ] --> 0,2 0,5549742 0,837182 1,447461 1,955541 2,283736 2,689321 2,841428 3,22292 3,583727 3,914581 4,194812 4,446035 4,701407 4,954284 5,188546 
[ e ;  jungle16 ; breaker: 1,0 ] --> 0 0,0549742 0,07718205 0,07746148 0,02554119 0,04373646 0,03067875 0,0885725 0,02292013 0,07372737 0,1345813 0,1148119 0,1239653 0,1985927 0,2357163 0,111454 
Absolute Error Mean: 0,08836973

[ p ;  jungle16 ; breaker: 1,0 ] --> 0,2 0,5 0,76 1,37 1,93 2,24 2,72 2,93 3,2 3,51 3,78 4,08 4,57 4,9 5,19 5,3 
[ s ;  jungle16 ; breaker: 1,0 ] --> 0,2 0,5542071 0,8844446 1,499289 2,034294 2,348562 2,801754 2,952698 3,358079 3,689642 4,042613 4,300428 4,581225 4,856844 5,140928 5,346828 5,523373 
[ e ;  jungle16 ; breaker: 1,0 ] --> 0 0,05420709 0,1244446 0,1292886 0,1042942 0,1085622 0,08175349 0,02269769 0,1580791 0,1796422 0,2626126 0,220428 0,01122522 0,04315615 0,04907227 0,04682827 
Absolute Error Mean: 0,09976823

[ p ;  jungle16 ; breaker: 1,0 ] --> 0,2 0,5 0,76 1,37 1,93 2,24 2,72 2,93 3,2 3,51 3,78 4,08 4,57 4,9 5,19 5,3 
[ s ;  jungle16 ; breaker: 1,0 ] --> 0,2 0,476652 0,7835405 1,437495 1,912784 2,288779 2,614212 2,81482 3,219432 3,545977 3,851117 4,102782 4,353198 4,606339 4,856801 5,059037 
[ e ;  jungle16 ; breaker: 1,0 ] --> 0 0,02334797 0,0235405 0,06749535 0,01721561 0,04877853 0,1057878 0,11518 0,01943231 0,03597689 0,07111716 0,02278185 0,2168021 0,2936611 0,3331995 0,240963 
Absolute Error Mean: 0,102205

[ p ;  jungle16 ; breaker: 1,0 ] --> 0,2 0,5 0,76 1,37 1,93 2,24 2,72 2,93 3,2 3,51 3,78 4,08 4,57 4,9 5,19 5,3 
[ s ;  jungle16 ; breaker: 1,0 ] --> 0,2 0,5042731 0,8589772 1,416933 1,875651 2,202441 2,53242 2,73447 3,116742 3,448776 3,730539 3,982836 4,25801 4,511244 4,792074 5,018961 
[ e ;  jungle16 ; breaker: 1,0 ] --> 0 0,004273057 0,09897721 0,04693317 0,05434942 0,03755951 0,1875801 0,1955302 0,08325768 0,06122375 0,04946089 0,09716344 0,3119903 0,3887563 0,3979263 0,2810392 
Absolute Error Mean: 0,1435013

[ p ;  jungle16 ; breaker: 1,0 ] --> 0,2 0,5 0,76 1,37 1,93 2,24 2,72 2,93 3,2 3,51 3,78 4,08 4,57 4,9 5,19 5,3 
[ s ;  jungle16 ; breaker: 1,0 ] --> 0,2 0,5533977 0,8571149 1,415862 1,848872 2,176472 2,586636 2,76461 3,156332 3,488658 3,765893 4,02044 4,302028 4,558884 4,790771 5,020353 
[ e ;  jungle16 ; breaker: 1,0 ] --> 0 0,05339772 0,09711492 0,0458622 0,08112836 0,0635283 0,133364 0,1653898 0,04366851 0,0213418 0,01410699 0,0595603 0,267972 0,3411164 0,399229 0,2796474 
Absolute Error Mean: 0,1291517

[ p ;  jungle16 ; breaker: 1,0 ] --> 0,2 0,5 0,76 1,37 1,93 2,24 2,72 2,93 3,2 3,51 3,78 4,08 4,57 4,9 5,19 5,3 
[ s ;  jungle16 ; breaker: 1,0 ] --> 0,2 0,5297866 0,8599761 1,342424 1,82755 2,135379 2,541426 2,720373 3,126899 3,434703 3,717424 3,99822 4,255027 4,560797 4,871029 5,12532 
[ e ;  jungle16 ; breaker: 1,0 ] --> 0 0,02978659 0,09997612 0,02757597 0,1024498 0,1046212 0,1785743 0,2096267 0,07310081 0,07529664 0,06257558 0,08177948 0,3149729 0,3392034 0,3189707 0,1746798 
Absolute Error Mean: 0,1370744

[ p ;  jungle16 ; breaker: 1,0 ] --> 0,2 0,5 0,76 1,37 1,93 2,24 2,72 2,93 3,2 3,51 3,78 4,08 4,57 4,9 5,19 5,3 
[ s ;  jungle16 ; breaker: 1,0 ] --> 0,2 0,5026382 0,8597915 1,418251 1,900753 2,25938 2,617018 2,796296 3,202461 3,53347 3,838356 4,093574 4,345642 4,624904 4,901093 5,130304 
[ e ;  jungle16 ; breaker: 1,0 ] --> 0 0,002638161 0,09979147 0,04825103 0,02924669 0,01938033 0,1029823 0,1337039 0,002460718 0,0234704 0,05835652 0,01357365 0,2243581 0,2750959 0,2889075 0,1696963 
Absolute Error Mean: 0,09324457

[ p ;  jungle16 ; breaker: 1,0 ] --> 0,2 0,5 0,76 1,37 1,93 2,24 2,72 2,93 3,2 3,51 3,78 4,08 4,57 4,9 5,19 5,3 
[ s ;  jungle16 ; breaker: 1,0 ] --> 0,2 0,5017609 0,8304159 1,412663 1,890751 2,246967 2,601969 2,803005 3,234114 3,590473 3,942752 4,246213 4,579161 4,860174 5,165351 5,393592 
[ e ;  jungle16 ; breaker: 1,0 ] --> 0 0,0017609 0,07041591 0,04266322 0,03924894 0,006967306 0,1180315 0,1269948 0,03411365 0,08047318 0,1627519 0,1662135 0,009160519 0,03982592 0,02464914 0,09359217 
Absolute Error Mean: 0,06355391

[ p ;  jungle16 ; breaker: 1,0 ] --> 0,2 0,5 0,76 1,37 1,93 2,24 2,72 2,93 3,2 3,51 3,78 4,08 4,57 4,9 5,19 5,3 
[ s ;  jungle16 ; breaker: 1,0 ] --> 0,2 0,5300227 0,8613479 1,495176 2,004382 2,330211 2,713094 2,915605 3,32257 3,654851 3,984853 4,266274 4,524867 4,778929 5,03323 5,235206 5,4381 
[ e ;  jungle16 ; breaker: 1,0 ] --> 0 0,03002268 0,1013479 0,1251761 0,07438242 0,09021091 0,006906033 0,014395 0,1225698 0,1448507 0,2048528 0,1862741 0,04513311 0,1210709 0,1567702 0,06479454 
Absolute Error Mean: 0,09304732

[ p ;  jungle8 ; breaker: 1,0 ] --> 0,2 0,5 0,76 1,37 1,93 2,24 2,72 2,93 3,2 3,51 3,78 4,08 4,57 4,9 5,19 5,3 
[ b ;  jungle8 ; breaker: 1,0 ] --> 0,2 0,5591986 0,7899621 1,299146 1,656403 2,066482 2,346523 
[ e ;  jungle8 ; breaker: 1,0 ] --> 0 0,05919862 0,02996212 0,07085359 0,2735965 0,1735179 0,3734767 
Absolute Error Mean: 2,402538

[ p ;  jungle8 ; breaker: 1,0 ] --> 0,2 0,5 0,76 1,37 1,93 2,24 2,72 2,93 
[ b ;  jungle8 ; breaker: 1,0 ] --> 0,2 4,583897 4,866961 5,171848 5,402806 5,91132 6,270344 6,731986 6,96243 
[ e ;  jungle8 ; breaker: 1,0 ] --> 0 4,083897 4,106961 3,801848 3,472806 3,67132 3,550344 3,801986 
Absolute Error Mean: 3,311145

[ p ;  jungle8 ; breaker: 1,0 ] --> 0,2 0,5 0,76 1,37 1,93 2,24 2,72 2,93 
[ b ;  jungle8 ; breaker: 1,0 ] --> 0,2 0,5795951 0,860738 1,442898 1,828522 2,189225 2,445008 
[ e ;  jungle8 ; breaker: 1,0 ] --> 0 0,07959509 0,100738 0,07289791 0,1014779 0,05077505 0,274992 
Absolute Error Mean: 0,4513095

[ p ;  jungle8 ; breaker: 1,0 ] --> 0,2 0,5 0,76 1,37 1,93 2,24 2,72 2,93 
[ b ;  jungle8 ; breaker: 1,0 ] --> 0,2 0,5049765 0,7583471 1,221227 1,732455 2,221635 2,477127 
[ e ;  jungle8 ; breaker: 1,0 ] --> 0 0,004976511 0,001652896 0,1487733 0,1975445 0,01836514 0,2428727 
Absolute Error Mean: 0,4430231

[ p ;  jungle8 ; breaker: 1,0 ] --> 0,2 0,5 0,76 1,37 1,93 2,24 2,72 2,93 
[ b ;  jungle8 ; breaker: 1,0 ] --> 0,2 0,5286325 0,782949 1,189386 1,800871 2,285053 2,567972 3,359225 
[ e ;  jungle8 ; breaker: 1,0 ] --> 0 0,02863252 0,02294898 0,1806138 0,1291294 0,04505253 0,1520281 0,4292247 
Absolute Error Mean: 0,1234538

[ p ;  jungle8 ; breaker: 1,0 ] --> 0,2 0,5 0,76 1,37 1,93 2,24 2,72 2,93 
[ b ;  jungle8 ; breaker: 1,0 ] --> 0,2 0,4784452 0,7078809 1,134901 1,617524 2,068587 2,319052 3,826074 
[ e ;  jungle8 ; breaker: 1,0 ] --> 0 0,02155477 0,05211914 0,2350987 0,3124763 0,1714127 0,4009485 0,8960741 
Absolute Error Mean: 0,2612105

[ p ;  jungle8 ; breaker: 1,0 ] --> 0,2 0,5 0,76 1,37 1,93 2,24 2,72 2,93 
[ b ;  jungle8 ; breaker: 1,0 ] --> 0,2 0,5842465 0,8191546 1,279026 1,710754 2,223061 2,481353 3,072217 
[ e ;  jungle8 ; breaker: 1,0 ] --> 0 0,08424646 0,05915457 0,09097397 0,2192463 0,01693892 0,2386475 0,1422164 
Absolute Error Mean: 0,106428

[ p ;  jungle8 ; breaker: 1,0 ] --> 0,2 0,5 0,76 1,37 1,93 2,24 2,72 2,93 
[ b ;  jungle8 ; breaker: 1,0 ] --> 0,2 0,4788304 0,7585691 1,194689 1,757161 1,982082 2,385759 2,589796 
[ e ;  jungle8 ; breaker: 1,0 ] --> 0 0,0211696 0,001430869 0,1753109 0,1728392 0,2579175 0,3342414 0,340204 
Absolute Error Mean: 0,1628892

[ p ;  jungle8 ; breaker: 1,0 ] --> 0,2 0,5 0,76 1,37 1,93 2,24 2,72 2,93 
[ b ;  jungle8 ; breaker: 1,0 ] --> 0,2 0,5027857 0,7605181 1,223015 1,759709 2,040591 2,403657 2,65602 
[ e ;  jungle8 ; breaker: 1,0 ] --> 0 0,002785742 0,0005181432 0,1469854 0,1702912 0,1994095 0,3163433 0,2739799 
Absolute Error Mean: 0,1387891

[ p ;  jungle8 ; breaker: 1,0 ] --> 0,2 0,5 0,76 1,37 1,93 2,24 2,72 2,93 
[ b ;  jungle8 ; breaker: 1,0 ] --> 0,2 0,5091771 0,7662696 1,225481 1,636096 1,941271 2,369497 2,574732 
[ e ;  jungle8 ; breaker: 1,0 ] --> 0 0,009177089 0,006269634 0,1445187 0,2939039 0,2987291 0,350503 0,3552685 
Absolute Error Mean: 0,1822962

[ p ;  jungle4 ; breaker: 1,0 ] --> 0,2 0,5 0,76 1,37 1,93 2,24 2,72 2,93 
