
NEW RESULT

[ p ;  jungle8 ; breaker: 1,0 ] --> 0,2 0,5 0,76 1,37 1,93 2,24 2,72 2,93 
[ b ;  jungle8 ; breaker: 1,0 ] --> 0,2 0,6560888 0,932449 1,311404 1,79286 2,076817 2,811439 3,119672 4,383453 
[ e ;  jungle8 ; breaker: 1,0 ] --> 0 0,1560888 0,1724491 0,0585959 0,1371402 0,1631827 0,09143901 0,1896715 
Absolute Error Mean: 0,1210709

[ p ;  jungle8 ; breaker: 1,0 ] --> 0,2 0,5 0,76 1,37 1,93 2,24 2,72 2,93 
[ b ;  jungle8 ; breaker: 1,0 ] --> 0,2 0,7085239 0,9609662 1,397959 1,954922 2,556832 2,782987 3,060753 
[ e ;  jungle8 ; breaker: 1,0 ] --> 0 0,2085239 0,2009662 0,02795935 0,02492201 0,3168316 0,06298709 0,130753 
Absolute Error Mean: 0,1216179

[ p ;  jungle8 ; breaker: 1,0 ] --> 0,2 0,5 0,76 1,37 1,93 2,24 2,72 2,93 
[ b ;  jungle8 ; breaker: 1,0 ] --> 0,2 0,5531442 0,8560764 1,407274 2,013882 2,317525 2,750591 2,951836 
[ e ;  jungle8 ; breaker: 1,0 ] --> 0 0,05314416 0,09607637 0,03727448 0,08388174 0,07752514 0,03059125 0,02183604 
Absolute Error Mean: 0,05004115

[ p ;  jungle8 ; breaker: 1,0 ] --> 0,2 0,5 0,76 1,37 1,93 2,24 2,72 2,93 
[ b ;  jungle8 ; breaker: 1,0 ] --> 0,2 0,528399 0,7862021 1,219877 1,344816 2,085151 2,41762 3,012196 
[ e ;  jungle8 ; breaker: 1,0 ] --> 0 0,02839899 0,02620208 0,1501231 0,5851836 0,1548491 0,3023798 0,08219624 
Absolute Error Mean: 0,1661666

[ p ;  jungle8 ; breaker: 1,0 ] --> 0,2 0,5 0,76 1,37 1,93 2,24 2,72 2,93 
[ b ;  jungle8 ; breaker: 1,0 ] --> 0,2 0,5077845 0,7886928 1,271719 1,963723 2,187602 2,611281 2,813063 
[ e ;  jungle8 ; breaker: 1,0 ] --> 0 0,007784486 0,02869284 0,09828067 0,03372335 0,0523982 0,1087191 0,1169372 
Absolute Error Mean: 0,05581698

[ p ;  jungle8 ; breaker: 1,0 ] --> 0,2 0,5 0,76 1,37 1,93 2,24 2,72 2,93 
[ b ;  jungle8 ; breaker: 1,0 ] --> 0,2 0,504038 0,7570356 1,289317 1,895247 2,120064 2,549544 2,801392 
[ e ;  jungle8 ; breaker: 1,0 ] --> 0 0,004037976 0,002964377 0,08068299 0,0347532 0,119936 0,1704557 0,1286082 
Absolute Error Mean: 0,06767981

[ p ;  jungle8 ; breaker: 1,0 ] --> 0,2 0,5 0,76 1,37 1,93 2,24 2,72 2,93 
[ b ;  jungle8 ; breaker: 1,0 ] --> 0,2 0,480549 0,7593797 1,194865 1,77719 2,055386 2,48689 2,691824 
[ e ;  jungle8 ; breaker: 1,0 ] --> 0 0,01945102 0,0006203055 0,175135 0,1528097 0,1846137 0,2331102 0,2381759 
Absolute Error Mean: 0,1254895

[ p ;  jungle8 ; breaker: 1,0 ] --> 0,2 0,5 0,76 1,37 1,93 2,24 2,72 2,93 
[ b ;  jungle8 ; breaker: 1,0 ] --> 0,2 0,4544892 0,7561189 1,307512 1,966729 2,241318 2,672723 2,901467 
[ e ;  jungle8 ; breaker: 1,0 ] --> 0 0,04551077 0,003881097 0,06248808 0,03672886 0,001317978 0,04727721 0,02853274 
Absolute Error Mean: 0,02821709

[ p ;  jungle8 ; breaker: 1,0 ] --> 0,2 0,5 0,76 1,37 1,93 2,24 2,72 2,93 
[ b ;  jungle8 ; breaker: 1,0 ] --> 0,2 0,5080854 0,7677522 1,301144 1,912561 2,168113 2,523952 2,877177 
[ e ;  jungle8 ; breaker: 1,0 ] --> 0 0,00808543 0,00775224 0,06885636 0,01743889 0,07188749 0,196048 0,05282354 
Absolute Error Mean: 0,0528615

[ p ;  jungle8 ; breaker: 1,0 ] --> 0,2 0,5 0,76 1,37 1,93 2,24 2,72 2,93 
[ b ;  jungle8 ; breaker: 1,0 ] --> 0,2 0,531902 0,7879365 1,244229 1,779947 2,037695 2,41927 2,621417 
[ e ;  jungle8 ; breaker: 1,0 ] --> 0 0,03190196 0,02793652 0,1257708 0,1500531 0,2023048 0,3007302 0,3085833 
Absolute Error Mean: 0,1434101

[ p ;  jungle16 ; breaker: 1,0 ] --> 0,2 0,5 0,76 1,37 1,93 2,24 2,72 2,93 
[ s ;  jungle16 ; breaker: 1,0 ] --> 0,2 0,5315203 0,94146 1,678709 2,373311 2,862398 3,375026 3,603682 4,139588 4,622345 5,076107 5,610325 6,144051 6,549092 6,97501 7,256787 
[ e ;  jungle16 ; breaker: 1,0 ] --> 0 0,03152031 0,18146 0,3087093 0,4433111 0,6223984 0,6550262 0,6736815 
Absolute Error Mean: 0,3645133

[ p ;  jungle16 ; breaker: 1,0 ] --> 0,2 0,5 0,76 1,37 1,93 2,24 2,72 2,93 3,2 3,51 3,78 4,08 4,57 4,9 5,19 5,3 
[ s ;  jungle16 ; breaker: 1,0 ] --> 0,2 0,5035715 0,8866158 1,442129 2,024911 2,302759 2,63803 2,917731 3,425248 3,777312 4,30062 4,70053 5,176722 5,528771 5,983296 6,185071 
[ e ;  jungle16 ; breaker: 1,0 ] --> 0 0,00357151 0,1266158 0,07212877 0,09491098 0,06275892 0,08196998 0,0122695 0,2252479 0,2673118 0,5206201 0,6205297 0,6067214 0,6287708 0,7932959 0,8850708 
Absolute Error Mean: 0,3126121

[ p ;  jungle16 ; breaker: 1,0 ] --> 0,2 0,5 0,76 1,37 1,93 2,24 2,72 2,93 3,2 3,51 3,78 4,08 4,57 4,9 5,19 5,3 
[ s ;  jungle16 ; breaker: 1,0 ] --> 0,2 0,4522405 0,7302936 1,129766 1,730515 2,033767 2,313522 2,590853 2,818239 3,097057 3,426968 3,711118 4,173806 4,478889 4,810142 5,01324 
[ e ;  jungle16 ; breaker: 1,0 ] --> 0 0,0477595 0,02970642 0,2402344 0,1994848 0,2062335 0,4064779 0,3391471 0,3817611 0,4129431 0,3530316 0,3688824 0,3961945 0,4211116 0,3798585 0,2867599 
Absolute Error Mean: 0,2793491

[ p ;  jungle16 ; breaker: 1,0 ] --> 0,2 0,5 0,76 1,37 1,93 2,24 2,72 2,93 3,2 3,51 3,78 4,08 4,57 4,9 5,19 5,3 
[ s ;  jungle16 ; breaker: 1,0 ] --> 0,2 0,5970505 1,104261 1,531366 2,039198 2,639559 2,965886 3,268775 3,443827 3,872713 4,147913 4,423929 4,70122 5,030452 5,257368 5,559255 5,76369 
[ e ;  jungle16 ; breaker: 1,0 ] --> 0 0,09705055 0,3442607 0,1613656 0,1091985 0,3995593 0,2458863 0,3387744 0,2438266 0,3627131 0,367913 0,3439293 0,1312199 0,1304522 0,06736803 0,2592545 
Absolute Error Mean: 0,2251732

[ p ;  jungle16 ; breaker: 1,0 ] --> 0,2 0,5 0,76 1,37 1,93 2,24 2,72 2,93 3,2 3,51 3,78 4,08 4,57 4,9 5,19 5,3 
[ s ;  jungle16 ; breaker: 1,0 ] --> 0,2 0,631965 0,9587975 1,516378 2,076937 2,431059 2,737559 3,269335 3,67891 3,938458 4,168476 4,499885 4,754909 4,957898 5,136987 5,647799 
[ e ;  jungle16 ; breaker: 1,0 ] --> 0 0,131965 0,1987975 0,146378 0,1469368 0,1910594 0,01755881 0,3393352 0,4789104 0,428458 0,3884761 0,4198852 0,1849084 0,05789804 0,05301285 0,3477988 
Absolute Error Mean: 0,2207112

[ p ;  jungle16 ; breaker: 1,0 ] --> 0,2 0,5 0,76 1,37 1,93 2,24 2,72 2,93 3,2 3,51 3,78 4,08 4,57 4,9 5,19 5,3 
[ s ;  jungle16 ; breaker: 1,0 ] --> 0,2 0,4294454 0,6820738 1,140919 1,703149 2,007013 2,286988 2,471561 2,877498 3,183788 3,44095 3,74583 4,054373 4,330974 4,609815 4,763407 
[ e ;  jungle16 ; breaker: 1,0 ] --> 0 0,07055458 0,07792622 0,2290807 0,2268511 0,2329867 0,4330125 0,4584386 0,3225017 0,3262119 0,3390503 0,3341701 0,5156274 0,569026 0,5801849 0,536593 
Absolute Error Mean: 0,3282635

[ p ;  jungle16 ; breaker: 1,0 ] --> 0,2 0,5 0,76 1,37 1,93 2,24 2,72 2,93 3,2 3,51 3,78 4,08 4,57 4,9 5,19 5,3 
[ s ;  jungle16 ; breaker: 1,0 ] --> 0,2 0,4037934 0,6581364 1,088236 1,67058 1,999425 2,285568 2,465165 2,973527 3,254403 3,482618 3,78881 4,04165 4,344975 4,596059 4,773594 
[ e ;  jungle16 ; breaker: 1,0 ] --> 0 0,09620661 0,1018636 0,281764 0,2594202 0,240575 0,4344323 0,4648352 0,2264731 0,2555969 0,2973816 0,2911904 0,5283504 0,5550246 0,5939412 0,5264063 
Absolute Error Mean: 0,3220913

[ p ;  jungle16 ; breaker: 1,0 ] --> 0,2 0,5 0,76 1,37 1,93 2,24 2,72 2,93 3,2 3,51 3,78 4,08 4,57 4,9 5,19 5,3 
[ s ;  jungle16 ; breaker: 1,0 ] --> 0,2 0,4023239 0,6543943 1,118347 1,681904 2,059531 2,411685 2,641881 3,025858 3,306416 3,537146 3,843914 4,10122 4,410479 4,689445 4,868286 
[ e ;  jungle16 ; breaker: 1,0 ] --> 0 0,09767607 0,1056057 0,2516534 0,2480961 0,1804686 0,3083153 0,2881193 0,1741421 0,2035837 0,2428544 0,2360857 0,4687805 0,489521 0,5005555 0,4317141 
Absolute Error Mean: 0,2641982

[ p ;  jungle16 ; breaker: 1,0 ] --> 0,2 0,5 0,76 1,37 1,93 2,24 2,72 2,93 3,2 3,51 3,78 4,08 4,57 4,9 5,19 5,3 
[ s ;  jungle16 ; breaker: 1,0 ] --> 0,2 0,7152014 0,9435018 1,480533 2,068717 2,371392 2,697436 2,898442 3,353219 3,656099 3,884305 4,217219 4,445372 4,674588 4,951703 5,130716 
[ e ;  jungle16 ; breaker: 1,0 ] --> 0 0,2152014 0,1835018 0,1105334 0,1387173 0,1313922 0,0225637 0,03155804 0,1532185 0,1460986 0,1043055 0,1372194 0,1246281 0,2254119 0,238297 0,1692843 
Absolute Error Mean: 0,1332457

[ p ;  jungle16 ; breaker: 1,0 ] --> 0,2 0,5 0,76 1,37 1,93 2,24 2,72 2,93 3,2 3,51 3,78 4,08 4,57 4,9 5,19 5,3 
[ s ;  jungle16 ; breaker: 1,0 ] --> 0,2 0,5814884 0,9871494 1,599882 2,208747 2,539923 2,866741 3,120298 3,475107 3,778375 4,056844 4,362357 4,642073 4,943846 5,199323 5,402279 
[ e ;  jungle16 ; breaker: 1,0 ] --> 0 0,08148837 0,2271494 0,2298822 0,2787467 0,2999229 0,1467412 0,1902978 0,2751067 0,2683752 0,2768438 0,2823567 0,07207298 0,04384565 0,009322643 0,1022792 
Absolute Error Mean: 0,174027

[ p ;  jungle16 ; breaker: 1,0 ] --> 0,2 0,5 0,76 1,37 1,93 2,24 2,72 2,93 3,2 3,51 3,78 4,08 4,57 4,9 5,19 5,3 
[ b ;  jungle16 ; breaker: 1,0 ] --> 0,2 0,480862 0,7086774 1,06141 1,314597 1,517522 1,726591 2,210667 2,570709 2,852762 3,642801 3,999078 4,257099 4,514957 4,796083 6,294439 
[ e ;  jungle16 ; breaker: 1,0 ] --> 0 0,01913798 0,05132258 0,3085904 0,6154025 0,7224784 0,993409 0,7193334 0,6292913 0,6572378 0,1371989 0,08092213 0,312901 0,3850431 0,3939171 0,9944391 
Absolute Error Mean: 0,4387891

[ p ;  jungle16 ; breaker: 1,0 ] --> 0,2 0,5 0,76 1,37 1,93 2,24 2,72 2,93 3,2 3,51 3,78 4,08 4,57 4,9 5,19 5,3 
[ b ;  jungle16 ; breaker: 1,0 ] --> 0,2 0,4522933 0,7301229 1,288481 1,816277 2,068441 2,493557 2,721643 2,94802 3,450795 4,004609 4,230937 4,407047 4,584363 5,069283 5,348831 
[ e ;  jungle16 ; breaker: 1,0 ] --> 0 0,04770669 0,02987707 0,08151877 0,1137233 0,1715589 0,2264428 0,2083566 0,2519805 0,05920458 0,2246091 0,1509366 0,1629529 0,3156366 0,120717 0,04883051 
Absolute Error Mean: 0,1383783

[ p ;  jungle16 ; breaker: 1,0 ] --> 0,2 0,5 0,76 1,37 1,93 2,24 2,72 2,93 3,2 3,51 3,78 4,08 4,57 4,9 5,19 5,3 
[ b ;  jungle16 ; breaker: 1,0 ] --> 0,2 6,464199 6,722208 6,98059 7,574255 8,368855 8,626635 8,93466 9,544826 9,750463 9,931191 10,57732 11,06323 11,29423 11,75346 12,18946 
[ e ;  jungle16 ; breaker: 1,0 ] --> 0 5,964199 5,962209 5,61059 5,644255 6,128856 5,906634 6,00466 6,344826 6,240463 6,151192 6,497316 6,493226 6,394234 6,563461 6,889462 
Absolute Error Mean: 5,799724

[ p ;  jungle16 ; breaker: 1,0 ] --> 0,2 0,5 0,76 1,37 1,93 2,24 2,72 2,93 3,2 3,51 3,78 4,08 4,57 4,9 5,19 5,3 
[ b ;  jungle16 ; breaker: 1,0 ] --> 0,2 0,4552659 0,7089504 1,273195 1,827657 2,106027 2,311314 2,94383 3,325345 3,60438 3,834101 4,217205 4,548463 4,952746 5,412696 5,590998 
[ e ;  jungle16 ; breaker: 1,0 ] --> 0 0,04473406 0,05104959 0,09680486 0,1023433 0,1339729 0,4086864 0,01383018 0,125345 0,09438014 0,05410075 0,1372051 0,02153683 0,05274582 0,2226963 0,290998 
Absolute Error Mean: 0,1156518

[ p ;  jungle16 ; breaker: 1,0 ] --> 0,2 0,5 0,76 1,37 1,93 2,24 2,72 2,93 3,2 3,51 3,78 4,08 4,57 4,9 5,19 5,3 
[ b ;  jungle16 ; breaker: 1,0 ] --> 0,2 4,855444 5,137752 5,700489 6,338168 6,617624 6,972812 7,611084 7,814066 7,991015 8,572982 9,206608 9,58909 9,972351 11,0707 11,27637 
[ e ;  jungle16 ; breaker: 1,0 ] --> 0 4,355444 4,377752 4,330489 4,408168 4,377624 4,252811 4,681085 4,614066 4,481015 4,792982 5,126608 5,01909 5,072351 5,880697 5,976369 
Absolute Error Mean: 4,484159

[ p ;  jungle16 ; breaker: 1,0 ] --> 0,2 0,5 0,76 1,37 1,93 2,24 2,72 2,93 3,2 3,51 3,78 4,08 4,57 4,9 5,19 5,3 
[ b ;  jungle16 ; breaker: 1,0 ] --> 0,2 0,4375468 0,6936873 0,8988347 1,421697 1,67909 1,909209 2,144137 2,784404 3,041106 3,299576 3,50477 3,786714 4,072223 4,610098 4,97252 
[ e ;  jungle16 ; breaker: 1,0 ] --> 0 0,06245315 0,06631273 0,4711653 0,5083034 0,5609097 0,8107907 0,7858634 0,4155965 0,4688942 0,4804237 0,5752296 0,7832859 0,8277769 0,5799017 0,3274798 
Absolute Error Mean: 0,4827742

[ p ;  jungle16 ; breaker: 1,0 ] --> 0,2 0,5 0,76 1,37 1,93 2,24 2,72 2,93 3,2 3,51 3,78 4,08 4,57 4,9 5,19 5,3 
[ b ;  jungle16 ; breaker: 1,0 ] --> 0,2 0,4549494 0,7347541 1,216975 1,809286 2,088337 2,340317 2,56776 2,775561 3,058489 3,338731 4,266158 4,574465 4,830981 5,034441 5,441898 
[ e ;  jungle16 ; breaker: 1,0 ] --> 0 0,04505059 0,02524585 0,1530252 0,1207139 0,1516626 0,3796835 0,3622398 0,4244394 0,4515109 0,4412694 0,1861582 0,004464626 0,06901884 0,1555591 0,1418977 
Absolute Error Mean: 0,1944962

[ p ;  jungle16 ; breaker: 1,0 ] --> 0,2 0,5 0,76 1,37 1,93 2,24 2,72 2,93 3,2 3,51 3,78 4,08 4,57 4,9 5,19 5,3 
[ b ;  jungle16 ; breaker: 1,0 ] --> 0,2 0,4562773 0,7144679 1,256384 1,868988 2,127564 2,436863 2,820052 3,355253 3,560331 3,761006 3,988503 4,319172 4,570252 4,775389 5,306233 
[ e ;  jungle16 ; breaker: 1,0 ] --> 0 0,04372272 0,04553205 0,1136163 0,06101167 0,1124356 0,2831366 0,1099477 0,1552529 0,05033064 0,01899409 0,09149718 0,2508278 0,3297482 0,4146109 0,006233215 
Absolute Error Mean: 0,1304311

[ p ;  jungle16 ; breaker: 1,0 ] --> 0,2 0,5 0,76 1,37 1,93 2,24 2,72 2,93 3,2 3,51 3,78 4,08 4,57 4,9 5,19 5,3 
[ b ;  jungle16 ; breaker: 1,0 ] --> 0,2 0,4548247 0,6845487 1,191173 1,832184 2,109437 2,389365 2,948878 3,20399 3,381483 3,558303 3,761716 3,995207 4,482125 5,137935 5,340365 
[ e ;  jungle16 ; breaker: 1,0 ] --> 0 0,04517531 0,07545125 0,1788272 0,09781635 0,1305633 0,3306346 0,01887798 0,003989697 0,1285169 0,2216969 0,3182836 0,5747929 0,4178748 0,0520649 0,04036474 
Absolute Error Mean: 0,1646831

[ p ;  jungle16 ; breaker: 1,0 ] --> 0,2 0,5 0,76 1,37 1,93 2,24 2,72 2,93 3,2 3,51 3,78 4,08 4,57 4,9 5,19 5,3 
[ b ;  jungle16 ; breaker: 1,0 ] --> 0,2 0,4313468 0,6339791 0,8362636 1,426605 1,883289 2,187771 2,464279 3,024447 3,2809 3,482048 3,736903 3,967498 4,470853 4,676128 4,828407 5,003953 
[ e ;  jungle16 ; breaker: 1,0 ] --> 0 0,0686532 0,1260209 0,5337364 0,5033947 0,3567114 0,5322292 0,4657209 0,1755531 0,2291005 0,2979519 0,3430972 0,6025019 0,4291468 0,5138721 0,4715934 
Absolute Error Mean: 0,3530802

[ p ;  jungle26 ; breaker: 1,0 ] --> 0,2 0,5 0,76 1,37 1,93 2,24 2,72 2,93 3,2 3,51 3,78 4,08 4,57 4,9 5,19 5,3 
[ b ;  jungle26 ; breaker: 1,0 ] --> 0,2 0,4554943 0,7365879 1,242254 1,493419 1,669226 2,027267 2,604861 3,012959 3,268301 3,44826 3,705868 4,293212 4,598243 4,874115 5,077496 5,279246 5,787364 6,170043 6,425843 6,939144 7,222669 7,478086 7,728899 8,062353 8,392726 
[ e ;  jungle26 ; breaker: 1,0 ] --> 0 0,04450566 0,02341205 0,1277457 0,4365811 0,5707737 0,692733 0,325139 0,1870408 0,2416992 0,3317399 0,3741314 0,2767878 0,3017573 0,3158846 0,2225046 
Absolute Error Mean: 0,2795272

[ p ;  jungle26 ; breaker: 1,0 ] --> 0,2 0,5 0,76 1,37 1,93 2,24 2,72 2,93 3,2 3,51 3,78 4,08 4,57 4,9 5,19 5,3 5,92 6,1 6,37 6,76 7,09 7,24 7,7 7,8 8,24 8,5 
[ b ;  jungle26 ; breaker: 1,0 ] --> 0,2 0,5038767 0,7539975 1,307691 1,864988 2,144187 2,749424 2,999308 3,226515 3,504884 3,783811 4,414571 5,192995 5,447009 5,654311 5,86035 6,068335 6,579538 7,292428 7,519408 7,822261 8,20067 9,038971 9,501941 9,985101 10,16359 
[ e ;  jungle26 ; breaker: 1,0 ] --> 0 0,003876686 0,006002486 0,0623095 0,06501186 0,09581327 0,02942419 0,0693078 0,02651525 0,005115509 0,003811121 0,3345709 0,6229944 0,547009 0,4643111 0,5603495 0,148335 0,4795384 0,9224281 0,7594075 0,7322612 0,9606705 1,338971 1,701941 1,745101 1,663589 
Absolute Error Mean: 0,5134102

[ p ;  jungle26 ; breaker: 1,0 ] --> 0,2 0,5 0,76 1,37 1,93 2,24 2,72 2,93 3,2 3,51 3,78 4,08 4,57 4,9 5,19 5,3 5,92 6,1 6,37 6,76 7,09 7,24 7,7 7,8 8,24 8,5 
[ b ;  jungle26 ; breaker: 1,0 ] --> 0,2 0,4781564 0,7057068 1,312242 1,922107 2,204051 2,971077 3,276476 3,506114 3,733942 3,984569 4,265065 4,617026 5,804656 6,157265 6,412838 6,587945 7,199512 7,940762 8,120064 8,322902 8,550039 9,260324 9,951416 10,15647 10,33635 
[ e ;  jungle26 ; breaker: 1,0 ] --> 0 0,02184355 0,05429322 0,05775785 0,007892728 0,03594923 0,2510774 0,3464763 0,3061142 0,2239423 0,2045691 0,1850648 0,04702616 0,9046559 0,9672647 1,112838 0,6679454 1,099512 1,570762 1,360064 1,232902 1,31004 1,560324 2,151416 1,916471 1,836354 
Absolute Error Mean: 0,747406

[ p ;  jungle26 ; breaker: 1,0 ] --> 0,2 0,5 0,76 1,37 1,93 2,24 2,72 2,93 3,2 3,51 3,78 4,08 4,57 4,9 5,19 5,3 5,92 6,1 6,37 6,76 7,09 7,24 7,7 7,8 8,24 8,5 
[ b ;  jungle26 ; breaker: 1,0 ] --> 0,2 0,4562446 0,7108815 1,452212 2,158499 2,459542 3,258679 3,485805 3,68886 3,91653 4,139912 4,472328 5,217207 5,726447 5,984375 6,187543 6,72517 6,956536 7,134816 7,364084 8,208069 8,433443 8,636852 8,818359 9,072277 9,380369 10,04533 
[ e ;  jungle26 ; breaker: 1,0 ] --> 0 0,04375538 0,04911852 0,08221197 0,2284986 0,2195415 0,5386794 0,555805 0,4888604 0,4065301 0,3599122 0,3923278 0,6472068 0,8264465 0,7943749 0,8875427 0,8051701 0,8565364 0,7648158 0,604084 1,118069 1,193443 0,9368525 1,018359 0,8322773 0,8803692 
Absolute Error Mean: 0,597338

[ p ;  jungle26 ; breaker: 1,0 ] --> 0,2 0,5 0,76 1,37 1,93 2,24 2,72 2,93 3,2 3,51 3,78 4,08 4,57 4,9 5,19 5,3 5,92 6,1 6,37 6,76 7,09 7,24 7,7 7,8 8,24 8,5 
[ b ;  jungle26 ; breaker: 1,0 ] --> 0,2 0,4322399 0,6696371 1,233994 1,925759 2,156485 2,772758 3,031681 3,236988 3,468232 3,723326 4,126183 4,835699 5,160575 5,414202 5,719812 6,458903 6,738304 6,996687 7,251797 7,994514 8,224865 8,430122 8,634959 8,894693 9,124934 
[ e ;  jungle26 ; breaker: 1,0 ] --> 0 0,06776008 0,09036285 0,1360056 0,00424087 0,08351493 0,05275846 0,1016812 0,03698826 0,0417676 0,05667353 0,04618263 0,2656989 0,2605753 0,2242017 0,4198117 0,5389032 0,6383042 0,6266875 0,4917965 0,9045138 0,9848652 0,7301226 0,834959 0,6546936 0,6249342 
Absolute Error Mean: 0,3430001

[ p ;  jungle26 ; breaker: 1,0 ] --> 0,2 0,5 0,76 1,37 1,93 2,24 2,72 2,93 3,2 3,51 3,78 4,08 4,57 4,9 5,19 5,3 5,92 6,1 6,37 6,76 7,09 7,24 7,7 7,8 8,24 8,5 
[ b ;  jungle26 ; breaker: 1,0 ] --> 0,2 0,7865899 1,015129 1,546855 2,213538 2,49212 3,28256 3,514708 3,746457 3,976487 4,23748 5,161388 5,447176 5,680904 6,295617 6,529357 6,735578 6,941799 7,146672 7,818271 8,052029 8,261671 8,44073 8,619413 9,210279 9,44173 
[ e ;  jungle26 ; breaker: 1,0 ] --> 0 0,2865899 0,2551292 0,1768552 0,2835385 0,25212 0,5625603 0,5847075 0,5464571 0,4664874 0,4574802 1,081388 0,8771758 0,7809043 1,105617 1,229357 0,8155775 0,8417993 0,7766719 1,05827 0,9620285 1,021671 0,7407303 0,8194132 0,9702787 0,9417295 
Absolute Error Mean: 0,6882515

[ p ;  jungle26 ; breaker: 1,0 ] --> 0,2 0,5 0,76 1,37 1,93 2,24 2,72 2,93 3,2 3,51 3,78 4,08 4,57 4,9 5,19 5,3 5,92 6,1 6,37 6,76 7,09 7,24 7,7 7,8 8,24 8,5 
[ b ;  jungle26 ; breaker: 1,0 ] --> 0,2 0,4270027 0,6272422 1,279179 2,064241 2,344649 3,101693 3,328825 3,528341 3,727961 3,930261 4,207696 5,364202 5,574562 5,778434 6,568758 6,798469 6,975573 7,178503 7,427682 8,08191 8,308041 8,533901 9,040001 9,237741 9,413087 
[ e ;  jungle26 ; breaker: 1,0 ] --> 0 0,07299727 0,1327578 0,09082115 0,1342415 0,1046493 0,3816929 0,3988249 0,328341 0,2179613 0,1502614 0,127696 0,7942023 0,6745615 0,5884337 1,268758 0,878469 0,8755727 0,8085032 0,6676817 0,99191 1,068041 0,8339014 1,240001 0,9977417 0,9130869 
Absolute Error Mean: 0,5669657

[ p ;  jungle26 ; breaker: 1,0 ] --> 0,2 0,5 0,76 1,37 1,93 2,24 2,72 2,93 3,2 3,51 3,78 4,08 4,57 4,9 5,19 5,3 5,92 6,1 6,37 6,76 7,09 7,24 7,7 7,8 8,24 8,5 
[ b ;  jungle26 ; breaker: 1,0 ] --> 0,2 0,4029104 0,6079107 1,121096 1,882174 2,107881 2,862765 3,119287 3,347333 3,597787 3,950919 4,757954 5,009913 5,237274 5,470365 6,063095 6,300151 6,481536 7,052749 7,234834 7,417689 7,571879 7,723009 8,408627 8,667477 8,922606 
[ e ;  jungle26 ; breaker: 1,0 ] --> 0 0,09708962 0,1520893 0,2489041 0,04782617 0,1321187 0,142765 0,1892874 0,1473327 0,08778715 0,1709192 0,6779537 0,4399133 0,3372741 0,2803645 0,7630944 0,3801508 0,3815365 0,6827488 0,474834 0,3276892 0,3318791 0,02300882 0,6086264 0,4274769 0,4226055 
Absolute Error Mean: 0,3067414

[ p ;  jungle26 ; breaker: 1,0 ] --> 0,2 0,5 0,76 1,37 1,93 2,24 2,72 2,93 3,2 3,51 3,78 4,08 4,57 4,9 5,19 5,3 5,92 6,1 6,37 6,76 7,09 7,24 7,7 7,8 8,24 8,5 
[ b ;  jungle26 ; breaker: 1,0 ] --> 0,2 1,099111 1,332109 1,947615 2,565619 2,79524 3,412214 3,646761 3,853947 4,060171 4,266103 4,93841 5,143457 5,325513 5,50575 6,075434 6,308425 6,485547 6,640288 7,128455 7,516653 7,697364 7,877801 8,006804 8,51814 8,827415 
[ e ;  jungle26 ; breaker: 1,0 ] --> 0 0,5991108 0,572109 0,5776145 0,6356193 0,5552397 0,6922143 0,7167614 0,6539471 0,5501707 0,4861033 0,8584104 0,5734572 0,4255128 0,3157496 0,7754335 0,3884254 0,3855472 0,270288 0,3684545 0,4266529 0,4573641 0,1778016 0,2068033 0,2781401 0,3274155 
Absolute Error Mean: 0,4720903

[ p ;  jungle26 ; breaker: 1,0 ] --> 0,2 0,5 0,76 1,37 1,93 2,24 2,72 2,93 3,2 3,51 3,78 4,08 4,57 4,9 5,19 5,3 5,92 6,1 6,37 6,76 7,09 7,24 7,7 7,8 8,24 8,5 
[ b ;  jungle26 ; breaker: 1,0 ] --> 0,2 0,4328384 0,6361088 1,348097 1,907197 2,160971 2,841515 3,095748 3,300258 3,528904 3,78398 4,627624 4,833068 5,062772 5,319739 6,035429 6,267115 6,468889 6,673512 7,236874 7,544894 7,750331 7,95555 8,483501 8,815498 9,121568 
[ e ;  jungle26 ; breaker: 1,0 ] --> 0 0,06716162 0,1238912 0,0219034 0,02280247 0,07902932 0,121515 0,1657476 0,1002584 0,01890373 0,00398016 0,5476236 0,2630677 0,1627717 0,1297393 0,7354283 0,3471146 0,3688889 0,3035126 0,4768739 0,4548941 0,5103316 0,2555504 0,6835012 0,5754986 0,6215677 
Absolute Error Mean: 0,2754445

[ p ;  jungle8 ; breaker: 1,0 ] --> 0,2 0,5 0,76 1,37 1,93 2,24 2,72 2,93 3,2 3,51 3,78 4,08 4,57 4,9 5,19 5,3 5,92 6,1 6,37 6,76 7,09 7,24 7,7 7,8 8,24 8,5 
[ s ;  jungle8 ; breaker: 1,0 ] --> 0,2 0,5547383 0,7612517 1,315436 1,916217 2,199778 2,475839 2,805318 
[ e ;  jungle8 ; breaker: 1,0 ] --> 0 0,05473834 0,001251757 0,05456424 0,01378286 0,04022241 0,2441607 0,1246819 
Absolute Error Mean: 4,107054

[ p ;  jungle8 ; breaker: 1,0 ] --> 0,2 0,5 0,76 1,37 1,93 2,24 2,72 2,93 
[ s ;  jungle8 ; breaker: 1,0 ] --> 0,2 0,427658 0,76437 1,246187 1,775238 2,45803 2,765495 3,040434 3,291128 
[ e ;  jungle8 ; breaker: 1,0 ] --> 0 0,07234201 0,004370034 0,1238132 0,1547624 0,2180295 0,04549456 0,1104341 
Absolute Error Mean: 0,09115571

[ p ;  jungle8 ; breaker: 1,0 ] --> 0,2 0,5 0,76 1,37 1,93 2,24 2,72 2,93 
[ s ;  jungle8 ; breaker: 1,0 ] --> 0,2 0,523855 0,8251172 1,398937 1,950974 2,227103 2,505485 2,657499 
[ e ;  jungle8 ; breaker: 1,0 ] --> 0 0,02385497 0,06511724 0,02893722 0,0209744 0,01289725 0,2145152 0,2725012 
Absolute Error Mean: 0,07984969

[ p ;  jungle8 ; breaker: 1,0 ] --> 0,2 0,5 0,76 1,37 1,93 2,24 2,72 2,93 
[ s ;  jungle8 ; breaker: 1,0 ] --> 0,2 0,4310477 0,6808268 1,210356 1,766061 2,071181 2,347428 2,525105 
[ e ;  jungle8 ; breaker: 1,0 ] --> 0 0,06895229 0,07917321 0,1596444 0,1639392 0,1688194 0,3725722 0,4048948 
Absolute Error Mean: 0,1772494

[ p ;  jungle8 ; breaker: 1,0 ] --> 0,2 0,5 0,76 1,37 1,93 2,24 2,72 2,93 
[ s ;  jungle8 ; breaker: 1,0 ] --> 0,2 0,5020762 0,9283821 1,281167 1,589323 2,646754 2,898782 3,149791 3,576206 
[ e ;  jungle8 ; breaker: 1,0 ] --> 0 0,002076209 0,1683821 0,08883333 0,3406769 0,4067543 0,1787815 0,2197905 
Absolute Error Mean: 0,1756618

[ p ;  jungle8 ; breaker: 1,0 ] --> 0,2 0,5 0,76 1,37 1,93 2,24 2,72 2,93 
[ s ;  jungle8 ; breaker: 1,0 ] --> 0,2 0,5528635 0,9333008 1,613139 2,322763 2,598035 2,92379 3,248459 
[ e ;  jungle8 ; breaker: 1,0 ] --> 0 0,05286348 0,1733008 0,2431393 0,3927635 0,3580353 0,2037902 0,3184588 
Absolute Error Mean: 0,2177939

[ p ;  jungle8 ; breaker: 1,0 ] --> 0,2 0,5 0,76 1,37 1,93 2,24 2,72 2,93 
[ s ;  jungle8 ; breaker: 1,0 ] --> 0,2 1,807247 2,061038 2,315777 2,999917 3,279925 3,560398 3,81321 
[ e ;  jungle8 ; breaker: 1,0 ] --> 0 1,307247 1,301038 0,9457768 1,069917 1,039925 0,8403983 0,8832097 
Absolute Error Mean: 0,923439

[ p ;  jungle8 ; breaker: 1,0 ] --> 0,2 0,5 0,76 1,37 1,93 2,24 2,72 2,93 
[ s ;  jungle8 ; breaker: 1,0 ] --> 0,2 0,6555504 1,09001 1,47023 1,747065 2,824362 3,071581 3,321559 3,792665 
[ e ;  jungle8 ; breaker: 1,0 ] --> 0 0,1555504 0,3300101 0,1002303 0,1829349 0,5843616 0,3515811 0,3915586 
Absolute Error Mean: 0,2620284

[ p ;  jungle8 ; breaker: 1,0 ] --> 0,2 0,5 0,76 1,37 1,93 2,24 2,72 2,93 
[ s ;  jungle8 ; breaker: 1,0 ] --> 0,2 0,4288896 0,8800522 1,284167 1,513576 1,999873 2,20415 2,355265 
[ e ;  jungle8 ; breaker: 1,0 ] --> 0 0,07111037 0,1200522 0,08583295 0,4164236 0,2401272 0,5158496 0,5747352 
Absolute Error Mean: 0,2530164

[ p ;  jungle8 ; breaker: 1,0 ] --> 0,2 0,5 0,76 1,37 1,93 2,24 2,72 2,93 
[ s ;  jungle8 ; breaker: 1,0 ] --> 0,2 0,5082302 0,8112571 1,421551 2,031893 2,332477 2,561692 2,794016 
[ e ;  jungle8 ; breaker: 1,0 ] --> 0 0,008230209 0,05125713 0,05155075 0,1018928 0,09247732 0,1583076 0,1359839 
Absolute Error Mean: 0,07496247

[ p ;  jungle26 ; breaker: 1,0 ] --> 0,2 0,5 0,76 1,37 1,93 2,24 2,72 2,93 
[ s ;  jungle26 ; breaker: 1,0 ] --> 0,2 0,4817265 0,8678814 1,521817 2,157959 2,462458 2,766491 3,020775 3,528483 3,931442 4,403444 4,678517 5,053681 5,478764 5,954031 6,181013 6,689354 7,138212 7,619311 8,045556 8,299536 8,577493 9,158984 9,614938 10,04549 10,45097 
[ e ;  jungle26 ; breaker: 1,0 ] --> 0 0,0182735 0,1078814 0,1518171 0,2279588 0,2224584 0,04649115 0,09077454 
Absolute Error Mean: 0,1082069

[ p ;  jungle26 ; breaker: 1,0 ] --> 0,2 0,5 0,76 1,37 1,93 2,24 2,72 2,93 3,2 3,51 3,78 4,08 4,57 4,9 5,19 5,3 5,92 6,1 6,37 6,76 7,09 7,24 7,7 7,8 8,24 8,5 
[ s ;  jungle26 ; breaker: 1,0 ] --> 0,2 0,4780115 0,6819123 1,143318 1,523273 1,826561 2,053973 2,208386 2,66942 2,97339 3,225577 3,556759 3,809643 4,06436 4,267743 4,444814 4,953023 5,35589 5,786041 6,119193 6,34943 6,654366 6,90857 7,163767 7,441169 7,717647 
[ e ;  jungle26 ; breaker: 1,0 ] --> 0 0,02198854 0,07808769 0,2266817 0,4067268 0,4134386 0,6660271 0,7216136 0,53058 0,5366101 0,5544226 0,5232408 0,7603576 0,8356404 0,9222574 0,8551865 0,9669771 0,7441101 0,5839586 0,6408072 0,7405701 0,5856338 0,79143 0,6362333 0,7988305 0,7823529 
Absolute Error Mean: 0,5893755

[ p ;  jungle26 ; breaker: 1,0 ] --> 0,2 0,5 0,76 1,37 1,93 2,24 2,72 2,93 3,2 3,51 3,78 4,08 4,57 4,9 5,19 5,3 5,92 6,1 6,37 6,76 7,09 7,24 7,7 7,8 8,24 8,5 
[ s ;  jungle26 ; breaker: 1,0 ] --> 0,2 0,6052939 1,012217 1,547109 2,131121 2,458061 2,78928 3,068037 3,523137 3,826111 4,081317 4,333036 4,562591 4,814477 5,017414 5,172711 5,630764 5,858264 6,283995 6,68835 6,943751 7,248816 7,654349 7,959959 8,24135 8,471416 
[ e ;  jungle26 ; breaker: 1,0 ] --> 0 0,1052939 0,2522168 0,1771085 0,2011212 0,2180607 0,06928015 0,1380372 0,3231368 0,3161106 0,301317 0,2530365 0,007409573 0,08552265 0,172586 0,1272893 0,2892365 0,2417359 0,08600473 0,07165051 0,1462493 0,008815765 0,04565048 0,1599584 0,001350403 0,02858353 
Absolute Error Mean: 0,1471832

[ p ;  jungle26 ; breaker: 1,0 ] --> 0,2 0,5 0,76 1,37 1,93 2,24 2,72 2,93 3,2 3,51 3,78 4,08 4,57 4,9 5,19 5,3 5,92 6,1 6,37 6,76 7,09 7,24 7,7 7,8 8,24 8,5 
[ s ;  jungle26 ; breaker: 1,0 ] --> 0,2 0,4304419 0,6584135 1,244597 1,677464 1,960737 2,215808 2,495234 2,931016 3,163117 3,370285 3,680236 3,935946 4,195324 4,41995 4,622127 5,100365 5,503001 5,783879 6,114425 6,46842 6,723653 6,975093 7,255131 7,581994 7,833694 
[ e ;  jungle26 ; breaker: 1,0 ] --> 0 0,06955808 0,1015865 0,1254027 0,2525357 0,2792631 0,5041919 0,4347658 0,2689836 0,3468833 0,4097152 0,3997638 0,6340542 0,7046762 0,77005 0,6778731 0,8196354 0,5969987 0,5861206 0,6455755 0,6215801 0,5163465 0,7249069 0,5448694 0,6580062 0,6663065 
Absolute Error Mean: 0,4753711

[ p ;  jungle26 ; breaker: 1,0 ] --> 0,2 0,5 0,76 1,37 1,93 2,24 2,72 2,93 3,2 3,51 3,78 4,08 4,57 4,9 5,19 5,3 5,92 6,1 6,37 6,76 7,09 7,24 7,7 7,8 8,24 8,5 
[ s ;  jungle26 ; breaker: 1,0 ] --> 0,2 0,4554223 0,6799304 0,906233 1,566611 1,975638 2,305849 2,561465 2,996673 3,273549 3,501389 3,780289 4,006749 4,259638 4,539697 4,791662 4,945596 5,598968 6,005702 6,434077 6,739257 6,917361 7,470532 7,748303 8,07937 8,333478 
[ e ;  jungle26 ; breaker: 1,0 ] --> 0 0,04457766 0,08006954 0,463767 0,3633894 0,2643622 0,4141512 0,3685355 0,2033269 0,2364507 0,2786109 0,2997108 0,5632515 0,6403623 0,6503029 0,5083385 0,9744039 0,5010324 0,3642974 0,3259234 0,3507433 0,322639 0,2294674 0,05169678 0,1606302 0,166522 
Absolute Error Mean: 0,3394832

[ p ;  jungle26 ; breaker: 1,0 ] --> 0,2 0,5 0,76 1,37 1,93 2,24 2,72 2,93 3,2 3,51 3,78 4,08 4,57 4,9 5,19 5,3 5,92 6,1 6,37 6,76 7,09 7,24 7,7 7,8 8,24 8,5 
[ s ;  jungle26 ; breaker: 1,0 ] --> 0,2 0,5116431 0,9189708 1,374557 1,936941 2,215999 2,494977 2,671986 3,182114 3,485833 3,762694 4,019351 4,276568 4,480494 4,736665 4,91768 5,580954 6,039748 6,369625 6,701782 6,98415 7,188751 7,368725 7,647717 7,925973 8,152085 8,332285 
[ e ;  jungle26 ; breaker: 1,0 ] --> 0 0,01164311 0,1589708 0,004557014 0,006940603 0,02400136 0,2250233 0,2580137 0,01788616 0,02416658 0,01730585 0,06064939 0,2934318 0,4195056 0,4533353 0,3823199 0,3390465 0,06025171 0,000374794 0,058218 0,1058502 0,05124855 0,331275 0,1522837 0,3140264 0,3479147 
Absolute Error Mean: 0,1583938

[ p ;  jungle26 ; breaker: 1,0 ] --> 0,2 0,5 0,76 1,37 1,93 2,24 2,72 2,93 3,2 3,51 3,78 4,08 4,57 4,9 5,19 5,3 5,92 6,1 6,37 6,76 7,09 7,24 7,7 7,8 8,24 8,5 
[ s ;  jungle26 ; breaker: 1,0 ] --> 0,2 0,5346768 0,7880767 1,363081 1,819385 2,021184 2,220552 2,780589 3,158603 3,33844 3,563636 3,840589 4,095022 4,274624 4,428972 4,983912 5,463979 5,766035 6,044279 6,32115 6,624111 6,854575 7,009357 7,367495 7,599473 7,804627 7,982762 
[ e ;  jungle26 ; breaker: 1,0 ] --> 0 0,03467679 0,02807671 0,00691855 0,1106147 0,218816 0,4994481 0,1494114 0,04139709 0,1715596 0,2163637 0,2394111 0,474978 0,6253762 0,7610278 0,3160882 0,4560208 0,3339648 0,3257208 0,4388504 0,465889 0,3854251 0,6906424 0,4325056 0,6405263 0,6953731 
Absolute Error Mean: 0,3368878

[ p ;  jungle26 ; breaker: 1,0 ] --> 0,2 0,5 0,76 1,37 1,93 2,24 2,72 2,93 3,2 3,51 3,78 4,08 4,57 4,9 5,19 5,3 5,92 6,1 6,37 6,76 7,09 7,24 7,7 7,8 8,24 8,5 
[ s ;  jungle26 ; breaker: 1,0 ] --> 0,2 0,4259252 0,6019175 1,08346 1,538778 1,768698 1,948361 2,455341 2,914787 3,120156 3,349997 3,553824 3,761021 4,062667 4,316628 4,647991 5,283261 5,564137 5,795749 6,026115 6,257176 6,512406 6,793489 7,074975 7,379943 7,633612 
[ e ;  jungle26 ; breaker: 1,0 ] --> 0 0,07407477 0,1580825 0,2865404 0,3912224 0,471302 0,7716391 0,4746594 0,2852128 0,3898442 0,4300029 0,526176 0,8089793 0,8373327 0,8733726 0,6520095 0,6367388 0,5358634 0,5742512 0,7338853 0,8328238 0,7275934 0,9065108 0,7250257 0,8600569 0,8663883 
Absolute Error Mean: 0,5703687

[ p ;  jungle26 ; breaker: 1,0 ] --> 0,2 0,5 0,76 1,37 1,93 2,24 2,72 2,93 3,2 3,51 3,78 4,08 4,57 4,9 5,19 5,3 5,92 6,1 6,37 6,76 7,09 7,24 7,7 7,8 8,24 8,5 
[ s ;  jungle26 ; breaker: 1,0 ] --> 0,2 0,6006903 0,8992245 1,40383 1,957018 2,257172 2,532089 2,733826 3,265649 3,516593 3,744538 4,049624 4,331966 4,612401 4,838886 5,070337 5,602981 5,932768 6,233597 6,539287 6,792036 6,973224 7,35214 7,756225 8,084759 8,36474 
[ e ;  jungle26 ; breaker: 1,0 ] --> 0 0,1006903 0,1392245 0,03382993 0,02701807 0,01717186 0,1879115 0,1961737 0,06564927 0,006593227 0,03546166 0,03037596 0,2380342 0,2875991 0,3511138 0,2296634 0,3170195 0,1672316 0,1364026 0,2207136 0,2979641 0,2667756 0,3478594 0,04377556 0,155241 0,1352596 
Absolute Error Mean: 0,1551828

[ p ;  jungle26 ; breaker: 1,0 ] --> 0,2 0,5 0,76 1,37 1,93 2,24 2,72 2,93 3,2 3,51 3,78 4,08 4,57 4,9 5,19 5,3 5,92 6,1 6,37 6,76 7,09 7,24 7,7 7,8 8,24 8,5 
[ s ;  jungle26 ; breaker: 1,0 ] --> 0,2 0,4342172 1,041186 1,292056 1,491487 2,2456 2,498333 2,778907 3,029595 3,535592 3,839475 4,093149 4,377197 4,630526 4,938198 5,218979 5,44802 6,083641 6,36276 6,616049 6,865519 7,145164 7,42676 7,728305 8,035155 8,268992 8,526937 
[ e ;  jungle26 ; breaker: 1,0 ] --> 0 0,06578279 0,2811861 0,07794404 0,4385126 0,005600214 0,2216671 0,1510928 0,1704049 0,02559185 0,05947471 0,01314878 0,1928034 0,269474 0,2518024 0,08102131 0,4719806 0,01635885 0,007240295 0,1439514 0,2244816 0,09483528 0,2732401 0,07169485 0,2048445 0,2310076 
Absolute Error Mean: 0,1555824

[ p ;  jungle8 ; breaker: 1,0 ] --> 0,2 0,5 0,76 1,37 1,93 2,24 2,72 2,93 3,2 3,51 3,78 4,08 4,57 4,9 5,19 5,3 5,92 6,1 6,37 6,76 7,09 7,24 7,7 7,8 8,24 8,5 
