b;0;0,1560888;0,1724491;0,0585959;0,1371402;0,1631827;0,09143901;0,1896715;
b;0;0,2085239;0,2009662;0,02795935;0,02492201;0,3168316;0,06298709;0,130753;
b;0;0,05314416;0,09607637;0,03727448;0,08388174;0,07752514;0,03059125;0,02183604;
b;0;0,02839899;0,02620208;0,1501231;0,5851836;0,1548491;0,3023798;0,08219624;
b;0;0,007784486;0,02869284;0,09828067;0,03372335;0,0523982;0,1087191;0,1169372;
b;0;0,004037976;0,002964377;0,08068299;0,0347532;0,119936;0,1704557;0,1286082;
b;0;0,01945102;0,0006203055;0,175135;0,1528097;0,1846137;0,2331102;0,2381759;
b;0;0,04551077;0,003881097;0,06248808;0,03672886;0,001317978;0,04727721;0,02853274;
b;0;0,00808543;0,00775224;0,06885636;0,01743889;0,07188749;0,196048;0,05282354;
b;0;0,03190196;0,02793652;0,1257708;0,1500531;0,2023048;0,3007302;0,3085833;
s;0;0,03152031;0,18146;0,3087093;0,4433111;0,6223984;0,6550262;0,6736815;
s;0;0,00357151;0,1266158;0,07212877;0,09491098;0,06275892;0,08196998;0,0122695;0,2252479;0,2673118;0,5206201;0,6205297;0,6067214;0,6287708;0,7932959;0,8850708;
s;0;0,0477595;0,02970642;0,2402344;0,1994848;0,2062335;0,4064779;0,3391471;0,3817611;0,4129431;0,3530316;0,3688824;0,3961945;0,4211116;0,3798585;0,2867599;
s;0;0,09705055;0,3442607;0,1613656;0,1091985;0,3995593;0,2458863;0,3387744;0,2438266;0,3627131;0,367913;0,3439293;0,1312199;0,1304522;0,06736803;0,2592545;
s;0;0,131965;0,1987975;0,146378;0,1469368;0,1910594;0,01755881;0,3393352;0,4789104;0,428458;0,3884761;0,4198852;0,1849084;0,05789804;0,05301285;0,3477988;
s;0;0,07055458;0,07792622;0,2290807;0,2268511;0,2329867;0,4330125;0,4584386;0,3225017;0,3262119;0,3390503;0,3341701;0,5156274;0,569026;0,5801849;0,536593;
s;0;0,09620661;0,1018636;0,281764;0,2594202;0,240575;0,4344323;0,4648352;0,2264731;0,2555969;0,2973816;0,2911904;0,5283504;0,5550246;0,5939412;0,5264063;
s;0;0,09767607;0,1056057;0,2516534;0,2480961;0,1804686;0,3083153;0,2881193;0,1741421;0,2035837;0,2428544;0,2360857;0,4687805;0,489521;0,5005555;0,4317141;
s;0;0,2152014;0,1835018;0,1105334;0,1387173;0,1313922;0,0225637;0,03155804;0,1532185;0,1460986;0,1043055;0,1372194;0,1246281;0,2254119;0,238297;0,1692843;
s;0;0,08148837;0,2271494;0,2298822;0,2787467;0,2999229;0,1467412;0,1902978;0,2751067;0,2683752;0,2768438;0,2823567;0,07207298;0,04384565;0,009322643;0,1022792;
b;0;0,01913798;0,05132258;0,3085904;0,6154025;0,7224784;0,993409;0,7193334;0,6292913;0,6572378;0,1371989;0,08092213;0,312901;0,3850431;0,3939171;0,9944391;
b;0;0,04770669;0,02987707;0,08151877;0,1137233;0,1715589;0,2264428;0,2083566;0,2519805;0,05920458;0,2246091;0,1509366;0,1629529;0,3156366;0,120717;0,04883051;
b;0;5,964199;5,962209;5,61059;5,644255;6,128856;5,906634;6,00466;6,344826;6,240463;6,151192;6,497316;6,493226;6,394234;6,563461;6,889462;
b;0;0,04473406;0,05104959;0,09680486;0,1023433;0,1339729;0,4086864;0,01383018;0,125345;0,09438014;0,05410075;0,1372051;0,02153683;0,05274582;0,2226963;0,290998;
b;0;4,355444;4,377752;4,330489;4,408168;4,377624;4,252811;4,681085;4,614066;4,481015;4,792982;5,126608;5,01909;5,072351;5,880697;5,976369;
b;0;0,06245315;0,06631273;0,4711653;0,5083034;0,5609097;0,8107907;0,7858634;0,4155965;0,4688942;0,4804237;0,5752296;0,7832859;0,8277769;0,5799017;0,3274798;
b;0;0,04505059;0,02524585;0,1530252;0,1207139;0,1516626;0,3796835;0,3622398;0,4244394;0,4515109;0,4412694;0,1861582;0,004464626;0,06901884;0,1555591;0,1418977;
b;0;0,04372272;0,04553205;0,1136163;0,06101167;0,1124356;0,2831366;0,1099477;0,1552529;0,05033064;0,01899409;0,09149718;0,2508278;0,3297482;0,4146109;0,006233215;
b;0;0,04517531;0,07545125;0,1788272;0,09781635;0,1305633;0,3306346;0,01887798;0,003989697;0,1285169;0,2216969;0,3182836;0,5747929;0,4178748;0,0520649;0,04036474;
b;0;0,0686532;0,1260209;0,5337364;0,5033947;0,3567114;0,5322292;0,4657209;0,1755531;0,2291005;0,2979519;0,3430972;0,6025019;0,4291468;0,5138721;0,4715934;
b;0;0,04450566;0,02341205;0,1277457;0,4365811;0,5707737;0,692733;0,325139;0,1870408;0,2416992;0,3317399;0,3741314;0,2767878;0,3017573;0,3158846;0,2225046;
b;0;0,003876686;0,006002486;0,0623095;0,06501186;0,09581327;0,02942419;0,0693078;0,02651525;0,005115509;0,003811121;0,3345709;0,6229944;0,547009;0,4643111;0,5603495;0,148335;0,4795384;0,9224281;0,7594075;0,7322612;0,9606705;1,338971;1,701941;1,745101;1,663589;
b;0;0,02184355;0,05429322;0,05775785;0,007892728;0,03594923;0,2510774;0,3464763;0,3061142;0,2239423;0,2045691;0,1850648;0,04702616;0,9046559;0,9672647;1,112838;0,6679454;1,099512;1,570762;1,360064;1,232902;1,31004;1,560324;2,151416;1,916471;1,836354;
b;0;0,04375538;0,04911852;0,08221197;0,2284986;0,2195415;0,5386794;0,555805;0,4888604;0,4065301;0,3599122;0,3923278;0,6472068;0,8264465;0,7943749;0,8875427;0,8051701;0,8565364;0,7648158;0,604084;1,118069;1,193443;0,9368525;1,018359;0,8322773;0,8803692;
b;0;0,06776008;0,09036285;0,1360056;0,00424087;0,08351493;0,05275846;0,1016812;0,03698826;0,0417676;0,05667353;0,04618263;0,2656989;0,2605753;0,2242017;0,4198117;0,5389032;0,6383042;0,6266875;0,4917965;0,9045138;0,9848652;0,7301226;0,834959;0,6546936;0,6249342;
b;0;0,2865899;0,2551292;0,1768552;0,2835385;0,25212;0,5625603;0,5847075;0,5464571;0,4664874;0,4574802;1,081388;0,8771758;0,7809043;1,105617;1,229357;0,8155775;0,8417993;0,7766719;1,05827;0,9620285;1,021671;0,7407303;0,8194132;0,9702787;0,9417295;
b;0;0,07299727;0,1327578;0,09082115;0,1342415;0,1046493;0,3816929;0,3988249;0,328341;0,2179613;0,1502614;0,127696;0,7942023;0,6745615;0,5884337;1,268758;0,878469;0,8755727;0,8085032;0,6676817;0,99191;1,068041;0,8339014;1,240001;0,9977417;0,9130869;
b;0;0,09708962;0,1520893;0,2489041;0,04782617;0,1321187;0,142765;0,1892874;0,1473327;0,08778715;0,1709192;0,6779537;0,4399133;0,3372741;0,2803645;0,7630944;0,3801508;0,3815365;0,6827488;0,474834;0,3276892;0,3318791;0,02300882;0,6086264;0,4274769;0,4226055;
b;0;0,5991108;0,572109;0,5776145;0,6356193;0,5552397;0,6922143;0,7167614;0,6539471;0,5501707;0,4861033;0,8584104;0,5734572;0,4255128;0,3157496;0,7754335;0,3884254;0,3855472;0,270288;0,3684545;0,4266529;0,4573641;0,1778016;0,2068033;0,2781401;0,3274155;
b;0;0,06716162;0,1238912;0,0219034;0,02280247;0,07902932;0,121515;0,1657476;0,1002584;0,01890373;0,00398016;0,5476236;0,2630677;0,1627717;0,1297393;0,7354283;0,3471146;0,3688889;0,3035126;0,4768739;0,4548941;0,5103316;0,2555504;0,6835012;0,5754986;0,6215677;
s;0;0,05473834;0,001251757;0,05456424;0,01378286;0,04022241;0,2441607;0,1246819;
s;0;0,07234201;0,004370034;0,1238132;0,1547624;0,2180295;0,04549456;0,1104341;
s;0;0,02385497;0,06511724;0,02893722;0,0209744;0,01289725;0,2145152;0,2725012;
s;0;0,06895229;0,07917321;0,1596444;0,1639392;0,1688194;0,3725722;0,4048948;
s;0;0,002076209;0,1683821;0,08883333;0,3406769;0,4067543;0,1787815;0,2197905;
s;0;0,05286348;0,1733008;0,2431393;0,3927635;0,3580353;0,2037902;0,3184588;
s;0;1,307247;1,301038;0,9457768;1,069917;1,039925;0,8403983;0,8832097;
s;0;0,1555504;0,3300101;0,1002303;0,1829349;0,5843616;0,3515811;0,3915586;
s;0;0,07111037;0,1200522;0,08583295;0,4164236;0,2401272;0,5158496;0,5747352;
s;0;0,008230209;0,05125713;0,05155075;0,1018928;0,09247732;0,1583076;0,1359839;
s;0;0,0182735;0,1078814;0,1518171;0,2279588;0,2224584;0,04649115;0,09077454;
s;0;0,02198854;0,07808769;0,2266817;0,4067268;0,4134386;0,6660271;0,7216136;0,53058;0,5366101;0,5544226;0,5232408;0,7603576;0,8356404;0,9222574;0,8551865;0,9669771;0,7441101;0,5839586;0,6408072;0,7405701;0,5856338;0,79143;0,6362333;0,7988305;0,7823529;
s;0;0,1052939;0,2522168;0,1771085;0,2011212;0,2180607;0,06928015;0,1380372;0,3231368;0,3161106;0,301317;0,2530365;0,007409573;0,08552265;0,172586;0,1272893;0,2892365;0,2417359;0,08600473;0,07165051;0,1462493;0,008815765;0,04565048;0,1599584;0,001350403;0,02858353;
s;0;0,06955808;0,1015865;0,1254027;0,2525357;0,2792631;0,5041919;0,4347658;0,2689836;0,3468833;0,4097152;0,3997638;0,6340542;0,7046762;0,77005;0,6778731;0,8196354;0,5969987;0,5861206;0,6455755;0,6215801;0,5163465;0,7249069;0,5448694;0,6580062;0,6663065;
s;0;0,04457766;0,08006954;0,463767;0,3633894;0,2643622;0,4141512;0,3685355;0,2033269;0,2364507;0,2786109;0,2997108;0,5632515;0,6403623;0,6503029;0,5083385;0,9744039;0,5010324;0,3642974;0,3259234;0,3507433;0,322639;0,2294674;0,05169678;0,1606302;0,166522;
s;0;0,01164311;0,1589708;0,004557014;0,006940603;0,02400136;0,2250233;0,2580137;0,01788616;0,02416658;0,01730585;0,06064939;0,2934318;0,4195056;0,4533353;0,3823199;0,3390465;0,06025171;0,000374794;0,058218;0,1058502;0,05124855;0,331275;0,1522837;0,3140264;0,3479147;
s;0;0,03467679;0,02807671;0,00691855;0,1106147;0,218816;0,4994481;0,1494114;0,04139709;0,1715596;0,2163637;0,2394111;0,474978;0,6253762;0,7610278;0,3160882;0,4560208;0,3339648;0,3257208;0,4388504;0,465889;0,3854251;0,6906424;0,4325056;0,6405263;0,6953731;
s;0;0,07407477;0,1580825;0,2865404;0,3912224;0,471302;0,7716391;0,4746594;0,2852128;0,3898442;0,4300029;0,526176;0,8089793;0,8373327;0,8733726;0,6520095;0,6367388;0,5358634;0,5742512;0,7338853;0,8328238;0,7275934;0,9065108;0,7250257;0,8600569;0,8663883;
s;0;0,1006903;0,1392245;0,03382993;0,02701807;0,01717186;0,1879115;0,1961737;0,06564927;0,006593227;0,03546166;0,03037596;0,2380342;0,2875991;0,3511138;0,2296634;0,3170195;0,1672316;0,1364026;0,2207136;0,2979641;0,2667756;0,3478594;0,04377556;0,155241;0,1352596;
s;0;0,06578279;0,2811861;0,07794404;0,4385126;0,005600214;0,2216671;0,1510928;0,1704049;0,02559185;0,05947471;0,01314878;0,1928034;0,269474;0,2518024;0,08102131;0,4719806;0,01635885;0,007240295;0,1439514;0,2244816;0,09483528;0,2732401;0,07169485;0,2048445;0,2310076;
