
NEW RESULT

[ p ;  jungle8 ; breaker: 1,0 ] --> 0,2 0,5 0,76 1,37 1,93 2,24 2,72 2,93 
[ b ;  jungle8 ; breaker: 1,0 ] --> 0,2 2,711092 3,245085 3,524571 4,259095 4,872678 5,150709 5,328562 8,147893 8,425248 
[ e ;  jungle8 ; breaker: 1,0 ] --> 0 2,211092 2,485085 2,154571 2,329095 2,632678 2,430709 2,398562 
Absolute Error Mean: 2,080224

[ p ;  jungle8 ; breaker: 1,0 ] --> 0,2 0,5 0,76 1,37 1,93 2,24 2,72 2,93 
[ b ;  jungle8 ; breaker: 1,0 ] --> 0,2 0,7840042 1,03948 1,571149 2,227772 2,531036 3,00833 3,339086 
[ e ;  jungle8 ; breaker: 1,0 ] --> 0 0,2840042 0,2794801 0,2011495 0,2977718 0,2910361 0,2883301 0,4090862 
Absolute Error Mean: 0,2563573

[ p ;  jungle8 ; breaker: 1,0 ] --> 0,2 0,5 0,76 1,37 1,93 2,24 2,72 2,93 
[ b ;  jungle8 ; breaker: 1,0 ] --> 0,2 0,7112082 0,9647841 1,670908 2,351874 2,629299 3,136808 3,466712 
[ e ;  jungle8 ; breaker: 1,0 ] --> 0 0,2112082 0,2047842 0,3009077 0,4218742 0,3892992 0,4168077 0,5367124 
Absolute Error Mean: 0,3101992

[ p ;  jungle8 ; breaker: 1,0 ] --> 0,2 0,5 0,76 1,37 1,93 2,24 2,72 2,93 
[ b ;  jungle8 ; breaker: 1,0 ] --> 0,2 0,6891859 0,9482019 1,826296 2,411684 2,692694 3,325585 3,581484 
[ e ;  jungle8 ; breaker: 1,0 ] --> 0 0,1891859 0,1882019 0,4562962 0,4816841 0,4526939 0,6055851 0,6514843 
Absolute Error Mean: 0,3781414

[ p ;  jungle8 ; breaker: 1,0 ] --> 0,2 0,5 0,76 1,37 1,93 2,24 2,72 2,93 
[ b ;  jungle8 ; breaker: 1,0 ] --> 0,2 0,6047491 0,8575045 1,46812 2,023026 2,327205 2,812163 3,095694 
[ e ;  jungle8 ; breaker: 1,0 ] --> 0 0,1047491 0,09750456 0,0981195 0,09302628 0,08720541 0,09216261 0,1656942 
Absolute Error Mean: 0,09230771

[ p ;  jungle8 ; breaker: 1,0 ] --> 0,2 0,5 0,76 1,37 1,93 2,24 2,72 2,93 
[ b ;  jungle8 ; breaker: 1,0 ] --> 0,2 0,7320507 0,983956 1,661092 2,291519 2,518462 3,176153 3,376131 
[ e ;  jungle8 ; breaker: 1,0 ] --> 0 0,2320507 0,223956 0,2910918 0,3615195 0,2784619 0,4561527 0,4461308 
Absolute Error Mean: 0,2861704

[ p ;  jungle8 ; breaker: 1,0 ] --> 0,2 0,5 0,76 1,37 1,93 2,24 2,72 2,93 
[ b ;  jungle8 ; breaker: 1,0 ] --> 0,2 4,712894 5,16608 5,475226 6,26027 6,801277 7,029404 7,569594 7,825816 
[ e ;  jungle8 ; breaker: 1,0 ] --> 0 4,212894 4,40608 4,105227 4,33027 4,561276 4,309403 4,639594 
Absolute Error Mean: 3,820593

[ p ;  jungle8 ; breaker: 1,0 ] --> 0,2 0,5 0,76 1,37 1,93 2,24 2,72 2,93 
[ b ;  jungle8 ; breaker: 1,0 ] --> 0,2 0,6643341 0,9218142 1,659795 2,16503 2,392016 2,972539 3,125435 
[ e ;  jungle8 ; breaker: 1,0 ] --> 0 0,1643341 0,1618142 0,2897949 0,2350303 0,1520164 0,2525387 0,1954346 
Absolute Error Mean: 0,1813704

[ p ;  jungle8 ; breaker: 1,0 ] --> 0,2 0,5 0,76 1,37 1,93 2,24 2,72 2,93 
[ b ;  jungle8 ; breaker: 1,0 ] --> 0,2 0,6801706 0,9119914 1,707996 2,353441 2,606722 3,116141 3,317969 
[ e ;  jungle8 ; breaker: 1,0 ] --> 0 0,1801706 0,1519914 0,3379959 0,4234411 0,3667219 0,3961406 0,387969 
Absolute Error Mean: 0,2805538

[ p ;  jungle8 ; breaker: 1,0 ] --> 0,2 0,5 0,76 1,37 1,93 2,24 2,72 2,93 
[ b ;  jungle8 ; breaker: 1,0 ] --> 0,2 0,5820057 0,8415728 1,53433 2,143443 2,373308 2,904826 3,082721 
[ e ;  jungle8 ; breaker: 1,0 ] --> 0 0,08200574 0,08157283 0,16433 0,2134434 0,1333082 0,1848264 0,1527212 
Absolute Error Mean: 0,126526

[ p ;  jungle16 ; breaker: 1,0 ] --> 0,2 0,5 0,76 1,37 1,93 2,24 2,72 2,93 
[ s ;  jungle16 ; breaker: 1,0 ] --> 0,2 0,5308671 0,9427657 1,69799 2,456929 2,788659 3,147414 3,39981 3,936475 4,394202 4,826775 5,258027 5,591502 5,897753 6,152421 6,430254 6,633512 
[ e ;  jungle16 ; breaker: 1,0 ] --> 0 0,0308671 0,1827657 0,3279896 0,5269295 0,5486588 0,4274142 0,4698102 
Absolute Error Mean: 0,3143044

[ p ;  jungle16 ; breaker: 1,0 ] --> 0,2 0,5 0,76 1,37 1,93 2,24 2,72 2,93 3,2 3,51 3,78 4,08 4,57 4,9 5,19 5,3 
[ s ;  jungle16 ; breaker: 1,0 ] --> 0,2 0,5823704 0,9125133 1,62297 2,336102 2,644806 3,02508 3,308297 3,510709 3,845654 4,152297 4,485198 4,798951 5,085663 5,362274 5,652704 5,809811 
[ e ;  jungle16 ; breaker: 1,0 ] --> 0 0,0823704 0,1525133 0,2529702 0,4061023 0,4048057 0,3050797 0,3782966 0,310709 0,3356535 0,372297 0,4051986 0,228951 0,1856632 0,1722736 0,3527036 
Absolute Error Mean: 0,2715992

[ p ;  jungle16 ; breaker: 1,0 ] --> 0,2 0,5 0,76 1,37 1,93 2,24 2,72 2,93 3,2 3,51 3,78 4,08 4,57 4,9 5,19 5,3 
[ s ;  jungle16 ; breaker: 1,0 ] --> 0,2 0,6053196 1,313418 1,491383 4,539774 4,793005 5,3004 5,533889 6,03915 6,419769 6,900039 7,405588 7,935449 8,370483 8,805986 9,011626 
[ e ;  jungle16 ; breaker: 1,0 ] --> 0 0,1053196 0,5534179 0,1213834 2,609775 2,553005 2,5804 2,603889 2,83915 2,909769 3,120039 3,325588 3,365449 3,470483 3,615986 3,711626 
Absolute Error Mean: 2,34283

[ p ;  jungle16 ; breaker: 1,0 ] --> 0,2 0,5 0,76 1,37 1,93 2,24 2,72 2,93 3,2 3,51 3,78 4,08 4,57 4,9 5,19 5,3 
[ s ;  jungle16 ; breaker: 1,0 ] --> 0,2 0,6130409 1,027715 1,720915 2,410633 2,765287 3,099867 3,354698 3,487159 3,872058 4,181022 4,485069 4,817815 5,09868 5,375857 5,632483 5,786886 
[ e ;  jungle16 ; breaker: 1,0 ] --> 0 0,1130409 0,2677152 0,3509153 0,4806329 0,5252874 0,3798671 0,4246984 0,2871594 0,3620582 0,4010222 0,4050689 0,2478151 0,1986799 0,1858573 0,3324823 
Absolute Error Mean: 0,3101438

[ p ;  jungle16 ; breaker: 1,0 ] --> 0,2 0,5 0,76 1,37 1,93 2,24 2,72 2,93 3,2 3,51 3,78 4,08 4,57 4,9 5,19 5,3 
[ s ;  jungle16 ; breaker: 1,0 ] --> 0,2 0,7904549 1,257453 1,829227 2,519984 2,902281 3,258657 3,541603 3,696334 4,079898 4,414739 4,777225 5,112599 5,417367 5,672454 5,953898 6,157094 
[ e ;  jungle16 ; breaker: 1,0 ] --> 0 0,2904549 0,4974532 0,4592272 0,5899845 0,6622813 0,5386572 0,6116033 0,4963341 0,5698984 0,6347392 0,6972256 0,5425992 0,5173669 0,4824543 0,6538978 
Absolute Error Mean: 0,5152611

[ p ;  jungle16 ; breaker: 1,0 ] --> 0,2 0,5 0,76 1,37 1,93 2,24 2,72 2,93 3,2 3,51 3,78 4,08 4,57 4,9 5,19 5,3 
[ s ;  jungle16 ; breaker: 1,0 ] --> 0,2 0,6041586 0,9822941 1,564534 2,218437 2,495451 2,802252 3,103576 3,254682 3,614976 3,899216 4,25819 4,540271 4,796778 5,075169 5,326709 5,503186 
[ e ;  jungle16 ; breaker: 1,0 ] --> 0 0,1041586 0,2222942 0,1945342 0,2884372 0,2554514 0,08225226 0,1735759 0,05468202 0,1049757 0,1192164 0,1781902 0,02972937 0,1032219 0,114831 0,02670908 
Absolute Error Mean: 0,1282662

[ p ;  jungle16 ; breaker: 1,0 ] --> 0,2 0,5 0,76 1,37 1,93 2,24 2,72 2,93 3,2 3,51 3,78 4,08 4,57 4,9 5,19 5,3 
[ s ;  jungle16 ; breaker: 1,0 ] --> 0,2 0,6367913 1,052731 1,685068 2,271409 2,630576 2,939828 3,193339 3,345909 3,778728 4,057902 4,384163 4,661171 4,973124 5,230309 5,511322 5,716501 
[ e ;  jungle16 ; breaker: 1,0 ] --> 0 0,1367913 0,2927309 0,3150685 0,3414091 0,3905764 0,2198284 0,263339 0,1459088 0,268728 0,2779019 0,304163 0,09117079 0,07312393 0,04030943 0,2113223 
Absolute Error Mean: 0,2107732

[ p ;  jungle16 ; breaker: 1,0 ] --> 0,2 0,5 0,76 1,37 1,93 2,24 2,72 2,93 3,2 3,51 3,78 4,08 4,57 4,9 5,19 5,3 
[ s ;  jungle16 ; breaker: 1,0 ] --> 0,2 0,6084389 0,9675958 1,581145 2,197621 2,503717 2,811902 3,090519 3,244916 3,578773 3,885251 4,246308 4,526003 4,834963 5,089006 5,319904 5,472867 
[ e ;  jungle16 ; breaker: 1,0 ] --> 0 0,1084389 0,2075958 0,2111453 0,2676207 0,2637169 0,09190202 0,1605191 0,04491615 0,06877327 0,1052508 0,1663084 0,04399729 0,06503725 0,1009941 0,01990366 
Absolute Error Mean: 0,1203825

[ p ;  jungle16 ; breaker: 1,0 ] --> 0,2 0,5 0,76 1,37 1,93 2,24 2,72 2,93 3,2 3,51 3,78 4,08 4,57 4,9 5,19 5,3 
[ s ;  jungle16 ; breaker: 1,0 ] --> 0,2 0,7356476 1,114906 1,744258 2,350219 2,6773 3,004384 3,28275 3,382654 3,785109 4,088521 4,393396 4,698672 5,005113 5,25562 5,534548 5,687482 
[ e ;  jungle16 ; breaker: 1,0 ] --> 0 0,2356476 0,3549064 0,3742576 0,4202186 0,4372997 0,284384 0,3527501 0,1826541 0,2751091 0,308521 0,3133965 0,1286716 0,1051126 0,06561995 0,2345476 
Absolute Error Mean: 0,2545685

[ p ;  jungle16 ; breaker: 1,0 ] --> 0,2 0,5 0,76 1,37 1,93 2,24 2,72 2,93 3,2 3,51 3,78 4,08 4,57 4,9 5,19 5,3 
[ s ;  jungle16 ; breaker: 1,0 ] --> 0,2 0,5016058 0,8539656 1,485193 2,147378 2,50511 2,781183 3,031736 3,181795 3,587584 3,870602 4,228759 4,511738 4,816803 5,072277 5,30113 5,456258 
[ e ;  jungle16 ; breaker: 1,0 ] --> 0 0,001605809 0,09396565 0,1151932 0,2173785 0,2651095 0,06118274 0,1017356 0,01820469 0,07758403 0,09060168 0,1487589 0,05826235 0,08319664 0,1177235 0,001130104 
Absolute Error Mean: 0,09072706

[ p ;  jungle16 ; breaker: 1,0 ] --> 0,2 0,5 0,76 1,37 1,93 2,24 2,72 2,93 3,2 3,51 3,78 4,08 4,57 4,9 5,19 5,3 
[ b ;  jungle16 ; breaker: 1,0 ] --> 0,2 0,3808877 0,840256 1,198482 1,740548 2,482817 2,739659 3,458871 3,638506 3,84286 4,328436 5,078217 5,359272 6,202286 6,563805 6,999088 8,307131 
[ e ;  jungle16 ; breaker: 1,0 ] --> 0 0,1191123 0,08025599 0,1715184 0,1894521 0,2428172 0,01965928 0,5288713 0,4385056 0,33286 0,5484359 0,9982166 0,7892714 1,302286 1,373805 1,699088 
Absolute Error Mean: 0,5521346

[ p ;  jungle16 ; breaker: 1,0 ] --> 0,2 0,5 0,76 1,37 1,93 2,24 2,72 2,93 3,2 3,51 3,78 4,08 4,57 4,9 5,19 5,3 
[ b ;  jungle16 ; breaker: 1,0 ] --> 0,2 0,5332965 0,9957684 1,635322 2,304283 2,533222 2,71637 3,032432 3,948705 4,358461 4,849478 5,626139 5,936145 6,242146 6,575387 7,653878 
[ e ;  jungle16 ; breaker: 1,0 ] --> 0 0,03329653 0,2357684 0,2653223 0,3742834 0,2932217 0,003629684 0,1024315 0,7487054 0,8484609 1,069478 1,546139 1,366145 1,342146 1,385387 2,353878 
Absolute Error Mean: 0,7480183

[ p ;  jungle16 ; breaker: 1,0 ] --> 0,2 0,5 0,76 1,37 1,93 2,24 2,72 2,93 3,2 3,51 3,78 4,08 4,57 4,9 5,19 5,3 
[ b ;  jungle16 ; breaker: 1,0 ] --> 0,2 0,4820878 0,8683409 1,682343 2,417692 2,65289 3,126876 3,648706 4,190704 4,447226 4,804211 5,394577 5,625566 5,879734 6,262033 6,720691 
[ e ;  jungle16 ; breaker: 1,0 ] --> 0 0,01791221 0,1083409 0,3123434 0,487692 0,4128902 0,4068758 0,7187059 0,9907038 0,9372256 1,024211 1,314577 1,055566 0,9797339 1,072033 1,420691 
Absolute Error Mean: 0,7037189

[ p ;  jungle16 ; breaker: 1,0 ] --> 0,2 0,5 0,76 1,37 1,93 2,24 2,72 2,93 3,2 3,51 3,78 4,08 4,57 4,9 5,19 5,3 
[ b ;  jungle16 ; breaker: 1,0 ] --> 0,2 0,6328761 0,9389993 1,573974 2,190215 2,497144 2,806467 2,987866 3,550012 3,960842 4,367844 4,600416 4,85467 5,237688 5,646749 5,827963 
[ e ;  jungle16 ; breaker: 1,0 ] --> 0 0,1328761 0,1789993 0,2039742 0,2602149 0,257144 0,08646727 0,05786562 0,3500123 0,4508419 0,5878441 0,5204163 0,2846699 0,3376875 0,456749 0,5279632 
Absolute Error Mean: 0,2933578

[ p ;  jungle16 ; breaker: 1,0 ] --> 0,2 0,5 0,76 1,37 1,93 2,24 2,72 2,93 3,2 3,51 3,78 4,08 4,57 4,9 5,19 5,3 
[ b ;  jungle16 ; breaker: 1,0 ] --> 0,2 0,5572543 0,8641086 1,52241 2,207476 2,485278 2,816115 2,990717 3,526632 3,930837 4,262093 4,572136 5,004031 5,338444 5,672123 5,928037 
[ e ;  jungle16 ; breaker: 1,0 ] --> 0 0,05725431 0,1041086 0,1524096 0,2774764 0,2452781 0,09611535 0,06071663 0,3266315 0,4208372 0,4820931 0,492136 0,434031 0,4384441 0,4821234 0,628037 
Absolute Error Mean: 0,2936058

[ p ;  jungle16 ; breaker: 1,0 ] --> 0,2 0,5 0,76 1,37 1,93 2,24 2,72 2,93 3,2 3,51 3,78 4,08 4,57 4,9 5,19 5,3 
[ b ;  jungle16 ; breaker: 1,0 ] --> 0,2 0,5497282 0,8574764 1,493374 2,173645 2,401219 2,813092 2,990942 3,45077 3,781323 4,223291 4,427543 4,910427 5,3254 5,76287 5,990819 
[ e ;  jungle16 ; breaker: 1,0 ] --> 0 0,04972816 0,09747636 0,1233743 0,2436453 0,1612189 0,09309196 0,06094193 0,2507703 0,271323 0,4432909 0,3475428 0,3404264 0,4254003 0,5728698 0,6908193 
Absolute Error Mean: 0,260745

[ p ;  jungle16 ; breaker: 1,0 ] --> 0,2 0,5 0,76 1,37 1,93 2,24 2,72 2,93 3,2 3,51 3,78 4,08 4,57 4,9 5,19 5,3 
[ b ;  jungle16 ; breaker: 1,0 ] --> 0,2 0,530985 0,8623286 1,495528 2,131241 2,387997 2,694167 2,873001 3,33116 3,559799 3,816027 4,332075 4,764153 5,144979 5,557041 5,736532 
[ e ;  jungle16 ; breaker: 1,0 ] --> 0 0,030985 0,1023287 0,1255276 0,2012414 0,1479971 0,02583337 0,05699944 0,1311598 0,04979897 0,03602719 0,2520747 0,1941533 0,2449784 0,3670411 0,4365315 
Absolute Error Mean: 0,1501673

[ p ;  jungle16 ; breaker: 1,0 ] --> 0,2 0,5 0,76 1,37 1,93 2,24 2,72 2,93 3,2 3,51 3,78 4,08 4,57 4,9 5,19 5,3 
[ b ;  jungle16 ; breaker: 1,0 ] --> 0,2 0,5885084 0,8703023 1,407658 2,105678 2,385209 2,719832 2,901557 3,335473 3,66853 3,924985 4,237961 4,732164 4,941679 5,325852 5,503551 
[ e ;  jungle16 ; breaker: 1,0 ] --> 0 0,08850843 0,1103023 0,03765845 0,1756777 0,1452088 0,0001680851 0,02844286 0,135473 0,1585302 0,144985 0,1579609 0,1621637 0,04167843 0,1358519 0,2035508 
Absolute Error Mean: 0,107885

[ p ;  jungle16 ; breaker: 1,0 ] --> 0,2 0,5 0,76 1,37 1,93 2,24 2,72 2,93 3,2 3,51 3,78 4,08 4,57 4,9 5,19 5,3 
[ b ;  jungle16 ; breaker: 1,0 ] --> 0,2 0,4855835 0,7957801 1,488747 2,106185 2,336503 2,697349 2,850365 3,213902 3,65499 3,890465 4,069888 4,662485 5,072124 5,481849 5,840031 
[ e ;  jungle16 ; breaker: 1,0 ] --> 0 0,01441649 0,03578013 0,1187474 0,176185 0,09650254 0,02265143 0,07963538 0,01390219 0,14499 0,1104655 0,01011229 0,09248447 0,1721239 0,2918487 0,5400305 
Absolute Error Mean: 0,1199922

[ p ;  jungle16 ; breaker: 1,0 ] --> 0,2 0,5 0,76 1,37 1,93 2,24 2,72 2,93 3,2 3,51 3,78 4,08 4,57 4,9 5,19 5,3 
[ b ;  jungle16 ; breaker: 1,0 ] --> 0,2 0,5051815 0,8072956 1,108353 1,843578 2,129081 2,33483 2,563692 3,230071 3,612321 3,997998 4,255949 4,438582 5,000458 5,387116 5,768858 5,947384 
[ e ;  jungle16 ; breaker: 1,0 ] --> 0 0,005181491 0,04729563 0,2616469 0,08642209 0,1109185 0,3851697 0,3663082 0,03007078 0,1023207 0,2179985 0,1759491 0,1314182 0,1004581 0,1971164 0,4688578 
Absolute Error Mean: 0,1679458

[ p ;  jungle26 ; breaker: 1,0 ] --> 0,2 0,5 0,76 1,37 1,93 2,24 2,72 2,93 3,2 3,51 3,78 4,08 4,57 4,9 5,19 5,3 
[ b ;  jungle26 ; breaker: 1,0 ] --> 0,2 0,5367736 0,8449612 1,539876 2,283886 2,615246 2,953586 3,129817 3,717854 3,981215 4,261772 4,653387 5,06141 5,369326 5,779862 5,933412 6,524512 7,222597 7,606229 7,938312 8,194454 8,447629 9,006137 9,364165 9,618966 9,851215 
[ e ;  jungle26 ; breaker: 1,0 ] --> 0 0,03677356 0,08496118 0,1698759 0,3538862 0,375246 0,2335863 0,1998172 0,5178537 0,4712145 0,4817717 0,5733871 0,4914098 0,469326 0,5898619 0,6334119 
Absolute Error Mean: 0,3551489

[ p ;  jungle26 ; breaker: 1,0 ] --> 0,2 0,5 0,76 1,37 1,93 2,24 2,72 2,93 3,2 3,51 3,78 4,08 4,57 4,9 5,19 5,3 5,92 6,1 6,37 6,76 7,09 7,24 7,7 7,8 8,24 8,5 
[ b ;  jungle26 ; breaker: 1,0 ] --> 0,2 0,6073037 0,9643995 1,555691 2,324583 2,606135 2,935266 3,11169 3,655535 4,059608 4,362395 4,665634 4,816783 5,376823 5,658037 5,936089 6,165594 6,925409 7,332692 7,641547 7,898637 8,179938 8,540632 9,005249 9,440211 9,723392 10,51127 
[ e ;  jungle26 ; breaker: 1,0 ] --> 0 0,1073037 0,2043995 0,1856911 0,3945831 0,3661349 0,2152662 0,1816902 0,4555354 0,5496085 0,5823953 0,5856342 0,2467833 0,4768233 0,4680371 0,6360884 0,2455935 0,8254089 0,9626923 0,881547 0,8086367 0,9399385 0,8406324 1,205249 1,200212 1,223392 
Absolute Error Mean: 0,5688183

[ p ;  jungle26 ; breaker: 1,0 ] --> 0,2 0,5 0,76 1,37 1,93 2,24 2,72 2,93 3,2 3,51 3,78 4,08 4,57 4,9 5,19 5,3 5,92 6,1 6,37 6,76 7,09 7,24 7,7 7,8 8,24 8,5 
[ b ;  jungle26 ; breaker: 1,0 ] --> 0,2 0,5086994 0,8404486 1,376265 2,018853 2,235023 2,567116 2,744786 3,20815 3,639722 3,865927 4,198899 4,42991 4,763003 5,253087 5,693924 5,874415 6,454683 6,764192 7,097364 7,456722 7,789894 8,024106 8,537137 8,919554 9,174598 9,351496 
[ e ;  jungle26 ; breaker: 1,0 ] --> 0 0,008699358 0,08044863 0,006265283 0,088853 0,004977465 0,1528845 0,1852143 0,008150101 0,1297221 0,08592725 0,1188993 0,1400905 0,1369972 0,06308651 0,3939238 0,04558468 0,3546834 0,3941922 0,3373637 0,3667216 0,5498943 0,3241062 0,7371368 0,679554 0,6745977 
Absolute Error Mean: 0,2333836

[ p ;  jungle26 ; breaker: 1,0 ] --> 0,2 0,5 0,76 1,37 1,93 2,24 2,72 2,93 3,2 3,51 3,78 4,08 4,57 4,9 5,19 5,3 5,92 6,1 6,37 6,76 7,09 7,24 7,7 7,8 8,24 8,5 
[ b ;  jungle26 ; breaker: 1,0 ] --> 0,2 0,5535089 0,8568191 1,489962 2,145067 2,471137 2,75125 2,952049 3,560502 3,994841 4,252297 4,535046 4,764709 5,045169 5,484179 5,664043 6,177399 6,384274 6,743486 7,051418 7,356667 7,63668 7,868835 8,229987 8,68976 8,919208 
[ e ;  jungle26 ; breaker: 1,0 ] --> 0 0,05350894 0,0968191 0,119962 0,2150673 0,2311366 0,03125024 0,02204871 0,3605018 0,4848413 0,472297 0,4550457 0,1947093 0,1451688 0,2941785 0,3640428 0,2573986 0,2842736 0,373486 0,2914181 0,2666664 0,3966804 0,1688356 0,429987 0,4497604 0,4192076 
Absolute Error Mean: 0,2645497

[ p ;  jungle26 ; breaker: 1,0 ] --> 0,2 0,5 0,76 1,37 1,93 2,24 2,72 2,93 3,2 3,51 3,78 4,08 4,57 4,9 5,19 5,3 5,92 6,1 6,37 6,76 7,09 7,24 7,7 7,8 8,24 8,5 
[ b ;  jungle26 ; breaker: 1,0 ] --> 0,2 0,5570863 0,8893096 1,427802 2,091967 2,424495 2,756681 2,937879 3,399574 3,60328 3,935399 4,241342 4,602116 5,034174 5,361933 5,54387 6,007946 6,366823 6,646848 6,954735 7,287594 7,622775 8,086088 8,343426 8,727654 8,931518 
[ e ;  jungle26 ; breaker: 1,0 ] --> 0 0,05708635 0,1293096 0,05780232 0,1619667 0,1844947 0,03668118 0,007879019 0,1995742 0,09328008 0,1553988 0,1613421 0,03211546 0,1341743 0,1719327 0,2438703 0,08794546 0,2668228 0,2768483 0,1947351 0,1975942 0,3827753 0,3860884 0,5434256 0,4876537 0,4315176 
Absolute Error Mean: 0,1954736

[ p ;  jungle26 ; breaker: 1,0 ] --> 0,2 0,5 0,76 1,37 1,93 2,24 2,72 2,93 3,2 3,51 3,78 4,08 4,57 4,9 5,19 5,3 5,92 6,1 6,37 6,76 7,09 7,24 7,7 7,8 8,24 8,5 
[ b ;  jungle26 ; breaker: 1,0 ] --> 0,2 0,5624967 0,8697859 1,339199 2,111781 2,370948 2,682881 2,859936 3,431398 3,84273 4,182193 4,418598 4,625786 4,93229 5,453483 5,787349 6,018664 6,62021 7,003071 7,317401 7,584122 7,768423 8,319064 8,71053 9,14848 9,533007 
[ e ;  jungle26 ; breaker: 1,0 ] --> 0 0,06249672 0,1097859 0,0308013 0,1817812 0,1309481 0,03711867 0,07006454 0,2313983 0,3327296 0,4021928 0,3385983 0,05578613 0,03228951 0,263483 0,4873486 0,09866381 0,5202103 0,6330709 0,5574012 0,4941216 0,5284228 0,6190643 0,9105301 0,9084806 1,033007 
Absolute Error Mean: 0,3488383

[ p ;  jungle26 ; breaker: 1,0 ] --> 0,2 0,5 0,76 1,37 1,93 2,24 2,72 2,93 3,2 3,51 3,78 4,08 4,57 4,9 5,19 5,3 5,92 6,1 6,37 6,76 7,09 7,24 7,7 7,8 8,24 8,5 
[ b ;  jungle26 ; breaker: 1,0 ] --> 0,2 0,5613192 0,9218373 1,616898 2,339478 2,724055 3,08682 3,266332 3,827939 4,162116 4,495466 4,776815 5,034891 5,373045 5,785207 5,991839 6,402961 6,791486 7,071899 7,381099 7,692118 7,948865 8,560628 8,945623 9,259249 9,49271 9,905232 
[ e ;  jungle26 ; breaker: 1,0 ] --> 0 0,06131923 0,1618373 0,2468983 0,4094785 0,4840548 0,3668196 0,3363316 0,6279385 0,6521156 0,7154663 0,6968155 0,464891 0,4730449 0,5952072 0,6918387 0,4829607 0,6914859 0,7018991 0,621099 0,6021175 0,7088652 0,8606281 1,145623 1,019249 0,9927101 
Absolute Error Mean: 0,5696421

[ p ;  jungle26 ; breaker: 1,0 ] --> 0,2 0,5 0,76 1,37 1,93 2,24 2,72 2,93 3,2 3,51 3,78 4,08 4,57 4,9 5,19 5,3 5,92 6,1 6,37 6,76 7,09 7,24 7,7 7,8 8,24 8,5 
[ b ;  jungle26 ; breaker: 1,0 ] --> 0,2 0,5063253 0,8616937 1,476917 2,146224 2,429009 2,737268 2,919714 3,257666 3,57168 3,872415 4,271725 4,658258 4,866169 5,278712 5,512129 6,051252 6,334064 6,690103 7,018894 7,222227 7,575272 8,237597 8,517352 8,846437 9,073786 
[ e ;  jungle26 ; breaker: 1,0 ] --> 0 0,006325305 0,1016937 0,1069168 0,2162243 0,1890094 0,0172677 0,01028609 0,05766559 0,06167984 0,09241486 0,1917248 0,08825779 0,03383064 0,08871174 0,2121291 0,1312518 0,2340641 0,3201027 0,2588935 0,1322265 0,3352723 0,5375977 0,7173519 0,6064367 0,5737858 
Absolute Error Mean: 0,2046585

[ p ;  jungle26 ; breaker: 1,0 ] --> 0,2 0,5 0,76 1,37 1,93 2,24 2,72 2,93 3,2 3,51 3,78 4,08 4,57 4,9 5,19 5,3 5,92 6,1 6,37 6,76 7,09 7,24 7,7 7,8 8,24 8,5 
[ b ;  jungle26 ; breaker: 1,0 ] --> 0,2 0,5881483 0,8442472 1,307678 2,029857 2,286355 2,651875 2,833194 3,321585 3,730192 4,086133 4,267891 4,447244 4,781159 5,268447 5,60122 5,805824 6,264182 6,752756 7,162209 7,39425 7,573367 8,192814 8,653353 8,911252 9,427619 
[ e ;  jungle26 ; breaker: 1,0 ] --> 0 0,0881483 0,08424717 0,06232166 0,09985697 0,04635501 0,06812549 0,09680653 0,1215847 0,2201924 0,3061326 0,187891 0,1227565 0,1188412 0,07844734 0,3012195 0,1141763 0,1641822 0,3827558 0,4022088 0,3042502 0,3333673 0,4928141 0,8533525 0,6712523 0,927619 
Absolute Error Mean: 0,2557271

[ p ;  jungle26 ; breaker: 1,0 ] --> 0,2 0,5 0,76 1,37 1,93 2,24 2,72 2,93 3,2 3,51 3,78 4,08 4,57 4,9 5,19 5,3 5,92 6,1 6,37 6,76 7,09 7,24 7,7 7,8 8,24 8,5 
[ b ;  jungle26 ; breaker: 1,0 ] --> 0,2 0,6139914 1,026657 1,667537 2,209424 2,545393 2,85346 3,037953 3,373894 3,732569 4,019097 4,224845 4,427805 4,993415 5,431057 5,6886 5,893194 6,354327 6,611454 6,993568 7,302683 7,687812 7,892019 8,429377 8,688516 9,101809 9,362492 
[ e ;  jungle26 ; breaker: 1,0 ] --> 0 0,1139914 0,2666566 0,2975366 0,2794241 0,305393 0,1334598 0,1079531 0,1738939 0,222569 0,2390974 0,144845 0,1421952 0,09341478 0,2410569 0,3885994 0,02680635 0,2543273 0,2414541 0,2335682 0,2126827 0,4478126 0,1920195 0,6293764 0,4485159 0,6018085 
Absolute Error Mean: 0,247633

[ p ;  jungle8 ; breaker: 1,0 ] --> 0,2 0,5 0,76 1,37 1,93 2,24 2,72 2,93 3,2 3,51 3,78 4,08 4,57 4,9 5,19 5,3 5,92 6,1 6,37 6,76 7,09 7,24 7,7 7,8 8,24 8,5 
[ s ;  jungle8 ; breaker: 1,0 ] --> 0,2 0,5299238 0,7822375 1,415385 1,977923 2,304123 2,635659 2,889199 
[ e ;  jungle8 ; breaker: 1,0 ] --> 0 0,0299238 0,02223748 0,04538488 0,04792285 0,06412315 0,08434081 0,04080129 
Absolute Error Mean: 4,099413

[ p ;  jungle8 ; breaker: 1,0 ] --> 0,2 0,5 0,76 1,37 1,93 2,24 2,72 2,93 
[ s ;  jungle8 ; breaker: 1,0 ] --> 0,2 0,5556418 0,8897972 1,506816 2,14645 2,479146 2,764666 3,048015 3,174754 
[ e ;  jungle8 ; breaker: 1,0 ] --> 0 0,05564183 0,1297972 0,1368161 0,2164501 0,2391462 0,04466605 0,1180146 
Absolute Error Mean: 0,1175665

[ p ;  jungle8 ; breaker: 1,0 ] --> 0,2 0,5 0,76 1,37 1,93 2,24 2,72 2,93 
[ s ;  jungle8 ; breaker: 1,0 ] --> 0,2 0,8086593 1,26842 1,751898 2,36189 2,617893 2,998781 3,253847 
[ e ;  jungle8 ; breaker: 1,0 ] --> 0 0,3086593 0,5084203 0,3818979 0,4318904 0,3778925 0,2787809 0,3238473 
Absolute Error Mean: 0,3264236

[ p ;  jungle8 ; breaker: 1,0 ] --> 0,2 0,5 0,76 1,37 1,93 2,24 2,72 2,93 
[ s ;  jungle8 ; breaker: 1,0 ] --> 0,2 0,560015 0,8662793 1,508196 2,12325 2,486329 2,816225 3,073048 3,202477 
[ e ;  jungle8 ; breaker: 1,0 ] --> 0 0,06001502 0,1062793 0,1381962 0,1932501 0,2463291 0,09622478 0,143048 
Absolute Error Mean: 0,1229178

[ p ;  jungle8 ; breaker: 1,0 ] --> 0,2 0,5 0,76 1,37 1,93 2,24 2,72 2,93 
[ s ;  jungle8 ; breaker: 1,0 ] --> 0,2 0,4034693 0,6587707 0,93928 1,649849 2,077197 2,557135 2,733358 
[ e ;  jungle8 ; breaker: 1,0 ] --> 0 0,09653074 0,1012293 0,43072 0,2801505 0,1628034 0,1628652 0,1966424 
Absolute Error Mean: 0,1788677

[ p ;  jungle8 ; breaker: 1,0 ] --> 0,2 0,5 0,76 1,37 1,93 2,24 2,72 2,93 
[ s ;  jungle8 ; breaker: 1,0 ] --> 0,2 0,6066886 0,9851778 1,567396 2,090668 2,467995 2,797749 3,02631 3,178904 
[ e ;  jungle8 ; breaker: 1,0 ] --> 0 0,1066886 0,2251778 0,1973957 0,1606678 0,2279949 0,07774925 0,09630966 
Absolute Error Mean: 0,136498

[ p ;  jungle8 ; breaker: 1,0 ] --> 0,2 0,5 0,76 1,37 1,93 2,24 2,72 2,93 
[ s ;  jungle8 ; breaker: 1,0 ] --> 0,2 0,5564836 0,8876616 1,451689 1,990332 2,450733 2,655988 2,989889 3,143085 
[ e ;  jungle8 ; breaker: 1,0 ] --> 0 0,05648363 0,1276616 0,08168912 0,06033206 0,2107332 0,06401181 0,05988932 
Absolute Error Mean: 0,08260009

[ p ;  jungle8 ; breaker: 1,0 ] --> 0,2 0,5 0,76 1,37 1,93 2,24 2,72 2,93 
[ s ;  jungle8 ; breaker: 1,0 ] --> 0,2 0,5533501 0,9104084 1,465561 2,079051 2,356906 2,612879 2,894715 3,071861 
[ e ;  jungle8 ; breaker: 1,0 ] --> 0 0,05335009 0,1504084 0,09556067 0,1490508 0,1169059 0,1071208 0,03528523 
Absolute Error Mean: 0,08846024

[ p ;  jungle8 ; breaker: 1,0 ] --> 0,2 0,5 0,76 1,37 1,93 2,24 2,72 2,93 
[ s ;  jungle8 ; breaker: 1,0 ] --> 0,2 0,6077372 0,9103212 1,517197 2,156808 2,509553 2,938586 3,142936 
[ e ;  jungle8 ; breaker: 1,0 ] --> 0 0,1077372 0,1503212 0,1471972 0,2268082 0,2695534 0,218586 0,2129359 
Absolute Error Mean: 0,1666424

[ p ;  jungle8 ; breaker: 1,0 ] --> 0,2 0,5 0,76 1,37 1,93 2,24 2,72 2,93 
[ s ;  jungle8 ; breaker: 1,0 ] --> 0,2 0,5533251 0,8789622 1,505283 2,09033 2,473323 2,928722 3,0799 
[ e ;  jungle8 ; breaker: 1,0 ] --> 0 0,05332512 0,1189622 0,1352828 0,1603299 0,2333231 0,2087216 0,1498995 
Absolute Error Mean: 0,1324805

[ p ;  jungle26 ; breaker: 1,0 ] --> 0,2 0,5 0,76 1,37 1,93 2,24 2,72 2,93 
[ s ;  jungle26 ; breaker: 1,0 ] --> 0,2 0,504113 0,840003 1,407601 2,020103 2,348631 2,629885 2,909798 3,061621 3,392004 3,697441 4,029989 4,361744 4,615193 4,89789 5,153586 5,306788 5,736438 6,039326 6,317297 6,571879 6,878321 7,133113 7,492845 7,747738 8,081349 8,261301 
[ e ;  jungle26 ; breaker: 1,0 ] --> 0 0,004112959 0,08000302 0,03760052 0,09010279 0,1086309 0,09011531 0,02020192 
Absolute Error Mean: 0,05384593

[ p ;  jungle26 ; breaker: 1,0 ] --> 0,2 0,5 0,76 1,37 1,93 2,24 2,72 2,93 3,2 3,51 3,78 4,08 4,57 4,9 5,19 5,3 5,92 6,1 6,37 6,76 7,09 7,24 7,7 7,8 8,24 8,5 
[ s ;  jungle26 ; breaker: 1,0 ] --> 0,2 6,40119 6,753234 7,283523 7,893976 8,196962 8,476163 8,757884 8,888053 9,218082 9,520852 9,878013 10,15465 10,4343 10,68413 10,98595 11,13871 11,53654 11,83794 12,11774 12,39628 12,65038 12,88007 13,23378 13,50926 13,76021 13,90958 
[ e ;  jungle26 ; breaker: 1,0 ] --> 0 5,90119 5,993234 5,913523 5,963976 5,956963 5,756163 5,827884 5,688053 5,708082 5,740852 5,798013 5,584651 5,534297 5,494126 5,685953 5,218709 5,436544 5,46794 5,357737 5,306284 5,410378 5,180068 5,433778 5,269263 5,260213 
Absolute Error Mean: 5,380302

[ p ;  jungle26 ; breaker: 1,0 ] --> 0,2 0,5 0,76 1,37 1,93 2,24 2,72 2,93 3,2 3,51 3,78 4,08 4,57 4,9 5,19 5,3 5,92 6,1 6,37 6,76 7,09 7,24 7,7 7,8 8,24 8,5 
[ s ;  jungle26 ; breaker: 1,0 ] --> 0,2 0,5024925 0,910993 1,448938 2,027077 2,335014 2,687851 2,915352 3,067536 3,474983 3,777533 4,129849 4,407537 4,711683 4,964035 5,239714 5,392962 5,823342 6,12584 6,407653 6,64033 6,924382 7,181693 7,460948 7,791064 8,043269 8,348909 
[ e ;  jungle26 ; breaker: 1,0 ] --> 0 0,002492547 0,150993 0,07893848 0,09707701 0,09501433 0,03214884 0,01464844 0,1324644 0,03501701 0,002467394 0,04984951 0,1624627 0,1883173 0,225965 0,06028605 0,5270386 0,2766581 0,2441602 0,3523469 0,4496703 0,3156176 0,5183067 0,3390517 0,448936 0,4567308 
Absolute Error Mean: 0,2021792

[ p ;  jungle26 ; breaker: 1,0 ] --> 0,2 0,5 0,76 1,37 1,93 2,24 2,72 2,93 3,2 3,51 3,78 4,08 4,57 4,9 5,19 5,3 5,92 6,1 6,37 6,76 7,09 7,24 7,7 7,8 8,24 8,5 
[ s ;  jungle26 ; breaker: 1,0 ] --> 0,2 0,5067759 0,8822403 1,411152 1,948366 2,309053 2,612755 2,895436 3,048339 3,40367 3,708832 4,019721 4,297878 4,60202 4,853987 5,135103 5,311563 5,695099 6,024379 6,306438 6,56141 6,819386 7,075809 7,356683 7,662936 7,894101 8,123434 
[ e ;  jungle26 ; breaker: 1,0 ] --> 0 0,006775856 0,1222403 0,04115248 0,01836586 0,0690527 0,1072454 0,03456378 0,1516609 0,1063304 0,07116795 0,06027937 0,2721224 0,2979798 0,3360133 0,164897 0,6084366 0,4049006 0,3456206 0,4535623 0,5285902 0,4206138 0,6241908 0,4433169 0,5770636 0,6058993 
Absolute Error Mean: 0,2643093

[ p ;  jungle26 ; breaker: 1,0 ] --> 0,2 0,5 0,76 1,37 1,93 2,24 2,72 2,93 3,2 3,51 3,78 4,08 4,57 4,9 5,19 5,3 5,92 6,1 6,37 6,76 7,09 7,24 7,7 7,8 8,24 8,5 
[ s ;  jungle26 ; breaker: 1,0 ] --> 0,2 0,5239669 0,9001001 1,481222 2,115215 2,422713 2,913906 3,091202 3,52717 3,861373 4,349345 4,635556 5,020491 5,274463 5,580692 5,81203 5,967886 6,431068 6,737082 6,994841 7,249372 7,555789 7,808699 8,117355 8,426237 8,683307 8,993586 
[ e ;  jungle26 ; breaker: 1,0 ] --> 0 0,02396691 0,1401001 0,1112224 0,1852151 0,1827128 0,1939063 0,1612015 0,3271697 0,3513734 0,5693452 0,5555563 0,450491 0,3744626 0,3906918 0,5120296 0,04788637 0,331068 0,3670821 0,2348409 0,1593714 0,3157897 0,1086988 0,3173552 0,1862373 0,1833067 
Absolute Error Mean: 0,2608108

[ p ;  jungle26 ; breaker: 1,0 ] --> 0,2 0,5 0,76 1,37 1,93 2,24 2,72 2,93 3,2 3,51 3,78 4,08 4,57 4,9 5,19 5,3 5,92 6,1 6,37 6,76 7,09 7,24 7,7 7,8 8,24 8,5 
[ s ;  jungle26 ; breaker: 1,0 ] --> 0,2 0,5073863 0,8401059 1,446098 2,032724 2,314637 2,71866 2,945923 3,402065 3,852932 4,35927 4,61216 4,913765 5,221933 5,47598 5,681276 6,269592 6,705658 7,108947 7,386903 7,586754 7,891073 8,097094 8,427259 8,756824 8,959319 9,343675 
[ e ;  jungle26 ; breaker: 1,0 ] --> 0 0,007386267 0,0801059 0,0760982 0,1027237 0,07463717 0,001340151 0,01592255 0,202065 0,342932 0,5792701 0,5321603 0,3437653 0,3219333 0,2859802 0,3812757 0,3495917 0,6056585 0,7389469 0,6269031 0,4967537 0,651073 0,3970938 0,6272593 0,5168238 0,4593191 
Absolute Error Mean: 0,3391161

[ p ;  jungle26 ; breaker: 1,0 ] --> 0,2 0,5 0,76 1,37 1,93 2,24 2,72 2,93 3,2 3,51 3,78 4,08 4,57 4,9 5,19 5,3 5,92 6,1 6,37 6,76 7,09 7,24 7,7 7,8 8,24 8,5 
[ s ;  jungle26 ; breaker: 1,0 ] --> 0,2 0,5606319 0,9176462 1,503581 2,080507 2,407789 2,763738 3,019733 3,401989 3,806899 4,293292 4,604541 4,938087 5,223686 5,455939 5,688917 5,841086 6,202536 6,506774 6,790238 7,044547 7,296224 7,512057 7,883558 8,143663 8,323304 8,531282 
[ e ;  jungle26 ; breaker: 1,0 ] --> 0 0,06063187 0,1576462 0,1335806 0,1505073 0,167789 0,04373837 0,08973336 0,2019887 0,2968993 0,5132921 0,5245414 0,3680873 0,3236861 0,2659388 0,3889165 0,07891369 0,1025362 0,1367741 0,03023815 0,04545355 0,05622435 0,187943 0,08355808 0,09633636 0,1766958 
Absolute Error Mean: 0,1800635

[ p ;  jungle26 ; breaker: 1,0 ] --> 0,2 0,5 0,76 1,37 1,93 2,24 2,72 2,93 3,2 3,51 3,78 4,08 4,57 4,9 5,19 5,3 5,92 6,1 6,37 6,76 7,09 7,24 7,7 7,8 8,24 8,5 
[ s ;  jungle26 ; breaker: 1,0 ] --> 0,2 0,5250325 0,8268331 1,387799 1,971564 2,277916 2,638327 2,844544 2,949264 3,331716 3,614168 3,919353 4,177203 4,48526 4,720972 4,977336 5,106615 5,520181 5,782563 6,100466 6,335944 6,555042 6,79963 7,096089 7,357809 7,600763 7,868092 
[ e ;  jungle26 ; breaker: 1,0 ] --> 0 0,02503252 0,06683314 0,01779854 0,04156387 0,03791595 0,08167338 0,08545589 0,250736 0,1782837 0,1658318 0,1606467 0,3927975 0,4147406 0,4690285 0,3226638 0,813385 0,5798187 0,5874367 0,659534 0,7540565 0,6849575 0,9003696 0,7039113 0,8821907 0,8992372 
Absolute Error Mean: 0,3913808

[ p ;  jungle26 ; breaker: 1,0 ] --> 0,2 0,5 0,76 1,37 1,93 2,24 2,72 2,93 3,2 3,51 3,78 4,08 4,57 4,9 5,19 5,3 5,92 6,1 6,37 6,76 7,09 7,24 7,7 7,8 8,24 8,5 
[ s ;  jungle26 ; breaker: 1,0 ] --> 0,2 0,5546734 0,9060859 1,535517 2,168134 2,441931 2,719878 2,999059 3,124791 3,500008 3,754478 4,087176 4,368691 4,646729 4,90029 5,175159 5,351642 5,759011 6,061829 6,36583 6,644209 6,900149 7,150583 7,454974 7,785297 7,98758 8,267308 
[ e ;  jungle26 ; breaker: 1,0 ] --> 0 0,05467343 0,1460859 0,1655166 0,2381338 0,2019312 0,0001218319 0,06905866 0,07520866 0,009991884 0,02552247 0,007175922 0,2013087 0,2532706 0,2897096 0,1248412 0,5683579 0,3409886 0,3081708 0,3941698 0,4457912 0,3398509 0,549417 0,3450265 0,4547024 0,5124202 
Absolute Error Mean: 0,2354402

[ p ;  jungle26 ; breaker: 1,0 ] --> 0,2 0,5 0,76 1,37 1,93 2,24 2,72 2,93 3,2 3,51 3,78 4,08 4,57 4,9 5,19 5,3 5,92 6,1 6,37 6,76 7,09 7,24 7,7 7,8 8,24 8,5 
[ s ;  jungle26 ; breaker: 1,0 ] --> 0,2 0,533345 0,8646206 1,494616 2,130711 2,407727 2,760657 2,987635 3,139161 3,465957 3,765196 4,092845 4,37413 4,678159 4,931346 5,207431 5,358584 5,786662 6,116879 6,370925 6,676013 6,901776 7,132246 7,436276 7,799185 8,003052 8,186493 
[ e ;  jungle26 ; breaker: 1,0 ] --> 0 0,03334498 0,1046206 0,1246163 0,2007114 0,1677272 0,04065704 0,05763459 0,0608387 0,04404283 0,01480389 0,01284552 0,1958699 0,2218409 0,2586536 0,09256887 0,5614157 0,3133378 0,2531204 0,3890753 0,4139876 0,3382239 0,5677538 0,3637242 0,440815 0,4969482 
Absolute Error Mean: 0,2218915

[ p ;  jungle8 ; breaker: 1,0 ] --> 0,2 0,5 0,76 1,37 1,93 2,24 2,72 2,93 3,2 3,51 3,78 4,08 4,57 4,9 5,19 5,3 5,92 6,1 6,37 6,76 7,09 7,24 7,7 7,8 8,24 8,5 
