b;0;2,211092;2,485085;2,154571;2,329095;2,632678;2,430709;2,398562;
b;0;0,2840042;0,2794801;0,2011495;0,2977718;0,2910361;0,2883301;0,4090862;
b;0;0,2112082;0,2047842;0,3009077;0,4218742;0,3892992;0,4168077;0,5367124;
b;0;0,1891859;0,1882019;0,4562962;0,4816841;0,4526939;0,6055851;0,6514843;
b;0;0,1047491;0,09750456;0,0981195;0,09302628;0,08720541;0,09216261;0,1656942;
b;0;0,2320507;0,223956;0,2910918;0,3615195;0,2784619;0,4561527;0,4461308;
b;0;4,212894;4,40608;4,105227;4,33027;4,561276;4,309403;4,639594;
b;0;0,1643341;0,1618142;0,2897949;0,2350303;0,1520164;0,2525387;0,1954346;
b;0;0,1801706;0,1519914;0,3379959;0,4234411;0,3667219;0,3961406;0,387969;
b;0;0,08200574;0,08157283;0,16433;0,2134434;0,1333082;0,1848264;0,1527212;
s;0;0,0308671;0,1827657;0,3279896;0,5269295;0,5486588;0,4274142;0,4698102;
s;0;0,0823704;0,1525133;0,2529702;0,4061023;0,4048057;0,3050797;0,3782966;0,310709;0,3356535;0,372297;0,4051986;0,228951;0,1856632;0,1722736;0,3527036;
s;0;0,1053196;0,5534179;0,1213834;2,609775;2,553005;2,5804;2,603889;2,83915;2,909769;3,120039;3,325588;3,365449;3,470483;3,615986;3,711626;
s;0;0,1130409;0,2677152;0,3509153;0,4806329;0,5252874;0,3798671;0,4246984;0,2871594;0,3620582;0,4010222;0,4050689;0,2478151;0,1986799;0,1858573;0,3324823;
s;0;0,2904549;0,4974532;0,4592272;0,5899845;0,6622813;0,5386572;0,6116033;0,4963341;0,5698984;0,6347392;0,6972256;0,5425992;0,5173669;0,4824543;0,6538978;
s;0;0,1041586;0,2222942;0,1945342;0,2884372;0,2554514;0,08225226;0,1735759;0,05468202;0,1049757;0,1192164;0,1781902;0,02972937;0,1032219;0,114831;0,02670908;
s;0;0,1367913;0,2927309;0,3150685;0,3414091;0,3905764;0,2198284;0,263339;0,1459088;0,268728;0,2779019;0,304163;0,09117079;0,07312393;0,04030943;0,2113223;
s;0;0,1084389;0,2075958;0,2111453;0,2676207;0,2637169;0,09190202;0,1605191;0,04491615;0,06877327;0,1052508;0,1663084;0,04399729;0,06503725;0,1009941;0,01990366;
s;0;0,2356476;0,3549064;0,3742576;0,4202186;0,4372997;0,284384;0,3527501;0,1826541;0,2751091;0,308521;0,3133965;0,1286716;0,1051126;0,06561995;0,2345476;
s;0;0,001605809;0,09396565;0,1151932;0,2173785;0,2651095;0,06118274;0,1017356;0,01820469;0,07758403;0,09060168;0,1487589;0,05826235;0,08319664;0,1177235;0,001130104;
b;0;0,1191123;0,08025599;0,1715184;0,1894521;0,2428172;0,01965928;0,5288713;0,4385056;0,33286;0,5484359;0,9982166;0,7892714;1,302286;1,373805;1,699088;
b;0;0,03329653;0,2357684;0,2653223;0,3742834;0,2932217;0,003629684;0,1024315;0,7487054;0,8484609;1,069478;1,546139;1,366145;1,342146;1,385387;2,353878;
b;0;0,01791221;0,1083409;0,3123434;0,487692;0,4128902;0,4068758;0,7187059;0,9907038;0,9372256;1,024211;1,314577;1,055566;0,9797339;1,072033;1,420691;
b;0;0,1328761;0,1789993;0,2039742;0,2602149;0,257144;0,08646727;0,05786562;0,3500123;0,4508419;0,5878441;0,5204163;0,2846699;0,3376875;0,456749;0,5279632;
b;0;0,05725431;0,1041086;0,1524096;0,2774764;0,2452781;0,09611535;0,06071663;0,3266315;0,4208372;0,4820931;0,492136;0,434031;0,4384441;0,4821234;0,628037;
b;0;0,04972816;0,09747636;0,1233743;0,2436453;0,1612189;0,09309196;0,06094193;0,2507703;0,271323;0,4432909;0,3475428;0,3404264;0,4254003;0,5728698;0,6908193;
b;0;0,030985;0,1023287;0,1255276;0,2012414;0,1479971;0,02583337;0,05699944;0,1311598;0,04979897;0,03602719;0,2520747;0,1941533;0,2449784;0,3670411;0,4365315;
b;0;0,08850843;0,1103023;0,03765845;0,1756777;0,1452088;0,0001680851;0,02844286;0,135473;0,1585302;0,144985;0,1579609;0,1621637;0,04167843;0,1358519;0,2035508;
b;0;0,01441649;0,03578013;0,1187474;0,176185;0,09650254;0,02265143;0,07963538;0,01390219;0,14499;0,1104655;0,01011229;0,09248447;0,1721239;0,2918487;0,5400305;
b;0;0,005181491;0,04729563;0,2616469;0,08642209;0,1109185;0,3851697;0,3663082;0,03007078;0,1023207;0,2179985;0,1759491;0,1314182;0,1004581;0,1971164;0,4688578;
b;0;0,03677356;0,08496118;0,1698759;0,3538862;0,375246;0,2335863;0,1998172;0,5178537;0,4712145;0,4817717;0,5733871;0,4914098;0,469326;0,5898619;0,6334119;
b;0;0,1073037;0,2043995;0,1856911;0,3945831;0,3661349;0,2152662;0,1816902;0,4555354;0,5496085;0,5823953;0,5856342;0,2467833;0,4768233;0,4680371;0,6360884;0,2455935;0,8254089;0,9626923;0,881547;0,8086367;0,9399385;0,8406324;1,205249;1,200212;1,223392;
b;0;0,008699358;0,08044863;0,006265283;0,088853;0,004977465;0,1528845;0,1852143;0,008150101;0,1297221;0,08592725;0,1188993;0,1400905;0,1369972;0,06308651;0,3939238;0,04558468;0,3546834;0,3941922;0,3373637;0,3667216;0,5498943;0,3241062;0,7371368;0,679554;0,6745977;
b;0;0,05350894;0,0968191;0,119962;0,2150673;0,2311366;0,03125024;0,02204871;0,3605018;0,4848413;0,472297;0,4550457;0,1947093;0,1451688;0,2941785;0,3640428;0,2573986;0,2842736;0,373486;0,2914181;0,2666664;0,3966804;0,1688356;0,429987;0,4497604;0,4192076;
b;0;0,05708635;0,1293096;0,05780232;0,1619667;0,1844947;0,03668118;0,007879019;0,1995742;0,09328008;0,1553988;0,1613421;0,03211546;0,1341743;0,1719327;0,2438703;0,08794546;0,2668228;0,2768483;0,1947351;0,1975942;0,3827753;0,3860884;0,5434256;0,4876537;0,4315176;
b;0;0,06249672;0,1097859;0,0308013;0,1817812;0,1309481;0,03711867;0,07006454;0,2313983;0,3327296;0,4021928;0,3385983;0,05578613;0,03228951;0,263483;0,4873486;0,09866381;0,5202103;0,6330709;0,5574012;0,4941216;0,5284228;0,6190643;0,9105301;0,9084806;1,033007;
b;0;0,06131923;0,1618373;0,2468983;0,4094785;0,4840548;0,3668196;0,3363316;0,6279385;0,6521156;0,7154663;0,6968155;0,464891;0,4730449;0,5952072;0,6918387;0,4829607;0,6914859;0,7018991;0,621099;0,6021175;0,7088652;0,8606281;1,145623;1,019249;0,9927101;
b;0;0,006325305;0,1016937;0,1069168;0,2162243;0,1890094;0,0172677;0,01028609;0,05766559;0,06167984;0,09241486;0,1917248;0,08825779;0,03383064;0,08871174;0,2121291;0,1312518;0,2340641;0,3201027;0,2588935;0,1322265;0,3352723;0,5375977;0,7173519;0,6064367;0,5737858;
b;0;0,0881483;0,08424717;0,06232166;0,09985697;0,04635501;0,06812549;0,09680653;0,1215847;0,2201924;0,3061326;0,187891;0,1227565;0,1188412;0,07844734;0,3012195;0,1141763;0,1641822;0,3827558;0,4022088;0,3042502;0,3333673;0,4928141;0,8533525;0,6712523;0,927619;
b;0;0,1139914;0,2666566;0,2975366;0,2794241;0,305393;0,1334598;0,1079531;0,1738939;0,222569;0,2390974;0,144845;0,1421952;0,09341478;0,2410569;0,3885994;0,02680635;0,2543273;0,2414541;0,2335682;0,2126827;0,4478126;0,1920195;0,6293764;0,4485159;0,6018085;
s;0;0,0299238;0,02223748;0,04538488;0,04792285;0,06412315;0,08434081;0,04080129;
s;0;0,05564183;0,1297972;0,1368161;0,2164501;0,2391462;0,04466605;0,1180146;
s;0;0,3086593;0,5084203;0,3818979;0,4318904;0,3778925;0,2787809;0,3238473;
s;0;0,06001502;0,1062793;0,1381962;0,1932501;0,2463291;0,09622478;0,143048;
s;0;0,09653074;0,1012293;0,43072;0,2801505;0,1628034;0,1628652;0,1966424;
s;0;0,1066886;0,2251778;0,1973957;0,1606678;0,2279949;0,07774925;0,09630966;
s;0;0,05648363;0,1276616;0,08168912;0,06033206;0,2107332;0,06401181;0,05988932;
s;0;0,05335009;0,1504084;0,09556067;0,1490508;0,1169059;0,1071208;0,03528523;
s;0;0,1077372;0,1503212;0,1471972;0,2268082;0,2695534;0,218586;0,2129359;
s;0;0,05332512;0,1189622;0,1352828;0,1603299;0,2333231;0,2087216;0,1498995;
s;0;0,004112959;0,08000302;0,03760052;0,09010279;0,1086309;0,09011531;0,02020192;
s;0;5,90119;5,993234;5,913523;5,963976;5,956963;5,756163;5,827884;5,688053;5,708082;5,740852;5,798013;5,584651;5,534297;5,494126;5,685953;5,218709;5,436544;5,46794;5,357737;5,306284;5,410378;5,180068;5,433778;5,269263;5,260213;
s;0;0,002492547;0,150993;0,07893848;0,09707701;0,09501433;0,03214884;0,01464844;0,1324644;0,03501701;0,002467394;0,04984951;0,1624627;0,1883173;0,225965;0,06028605;0,5270386;0,2766581;0,2441602;0,3523469;0,4496703;0,3156176;0,5183067;0,3390517;0,448936;0,4567308;
s;0;0,006775856;0,1222403;0,04115248;0,01836586;0,0690527;0,1072454;0,03456378;0,1516609;0,1063304;0,07116795;0,06027937;0,2721224;0,2979798;0,3360133;0,164897;0,6084366;0,4049006;0,3456206;0,4535623;0,5285902;0,4206138;0,6241908;0,4433169;0,5770636;0,6058993;
s;0;0,02396691;0,1401001;0,1112224;0,1852151;0,1827128;0,1939063;0,1612015;0,3271697;0,3513734;0,5693452;0,5555563;0,450491;0,3744626;0,3906918;0,5120296;0,04788637;0,331068;0,3670821;0,2348409;0,1593714;0,3157897;0,1086988;0,3173552;0,1862373;0,1833067;
s;0;0,007386267;0,0801059;0,0760982;0,1027237;0,07463717;0,001340151;0,01592255;0,202065;0,342932;0,5792701;0,5321603;0,3437653;0,3219333;0,2859802;0,3812757;0,3495917;0,6056585;0,7389469;0,6269031;0,4967537;0,651073;0,3970938;0,6272593;0,5168238;0,4593191;
s;0;0,06063187;0,1576462;0,1335806;0,1505073;0,167789;0,04373837;0,08973336;0,2019887;0,2968993;0,5132921;0,5245414;0,3680873;0,3236861;0,2659388;0,3889165;0,07891369;0,1025362;0,1367741;0,03023815;0,04545355;0,05622435;0,187943;0,08355808;0,09633636;0,1766958;
s;0;0,02503252;0,06683314;0,01779854;0,04156387;0,03791595;0,08167338;0,08545589;0,250736;0,1782837;0,1658318;0,1606467;0,3927975;0,4147406;0,4690285;0,3226638;0,813385;0,5798187;0,5874367;0,659534;0,7540565;0,6849575;0,9003696;0,7039113;0,8821907;0,8992372;
s;0;0,05467343;0,1460859;0,1655166;0,2381338;0,2019312;0,0001218319;0,06905866;0,07520866;0,009991884;0,02552247;0,007175922;0,2013087;0,2532706;0,2897096;0,1248412;0,5683579;0,3409886;0,3081708;0,3941698;0,4457912;0,3398509;0,549417;0,3450265;0,4547024;0,5124202;
s;0;0,03334498;0,1046206;0,1246163;0,2007114;0,1677272;0,04065704;0,05763459;0,0608387;0,04404283;0,01480389;0,01284552;0,1958699;0,2218409;0,2586536;0,09256887;0,5614157;0,3133378;0,2531204;0,3890753;0,4139876;0,3382239;0,5677538;0,3637242;0,440815;0,4969482;
