b;0;0,1357922;0,08030403;0,0704931;
b;0;0,2350597;0,1816594;0,0549289;
s;0;0,08659154;0,1572671;0,21099;
s;0;0,08513844;0,1854209;0,208124;
b;0;0,1471506;0,2547776;0,5058154;
b;0;0,212202;0,1821688;0,1618538;0,4216639;0,3688188;0,6031716;1,640192;
b;0;0,05789036;0,1033099;0,003214717;0,1845592;0,105231;0,1895323;0,2086406;
b;0;0,187728;0,2082949;0,2090019;0,5079638;0,4511335;0,575321;0,5942373;
b;0;0,1861301;0,1581119;0,04005992;0,1488904;0,09015512;0,03925848;0,02991748;
b;0;0,1332801;0,1065211;0,04280519;0,08514202;0,08353114;0,1121695;0,1084495;
b;0;0,1530834;0,1249623;0,1598464;0,3143913;0,3099566;0,4679866;0,4866381;
b;0;0,02146086;0,02575153;0,2375488;0,347459;0,2454135;0,3578796;0,3243272;
b;0;0,1634105;0,1088238;0,01241207;0,1680642;0,1132505;0,3760409;0,372067;
b;0;0,1078808;0,07623941;0,05834961;0,1987792;0,5804126;0,2792029;1,366298;
s;0;0,003727198;0,07567668;0,04984844;0,02517641;0,05513859;0,2589374;0,2401261;
s;0;0,02070758;0,1062354;0,07103693;0,01300526;0,01785922;0,2448628;0,2287323;0,3468714;0,37745;0,3743045;0,4233255;0,6360402;0,6870818;0,7241669;0,5824471;
s;0;0,05988288;0,1562071;0,18843;0,2149369;0,3416603;0,2941849;0,2625167;0,425317;0,4480433;0,4337194;0,39077;0,2040205;0,1992497;0,3355827;0,505331;
s;0;0,0001263022;0,04376996;0,003552198;0,02459645;0,03149605;0,2311757;0,0612967;0,1247184;0,251075;0,4619606;0,6188755;0,5893531;0,5685163;0,5651045;0,7352076;
s;0;0,05677825;0,1612619;0,1149427;0,1684972;0,1684074;0,1458797;0,1170254;0,2766623;0,2969317;0,4320872;0,5650845;0,5603848;0,5364356;0,6269851;0,745893;
s;0;0,1301029;0,8261645;0,5186789;0,4858652;0,4853194;0,3030097;0,3452613;0,4267406;0,4713361;0,578028;0,5778627;0,4606009;0,43156;0,3914099;0,506073;
s;0;0,02043253;0,05087459;0,2037389;0,1516708;0,1541157;0,2025347;0,234905;0,07000947;0,04853868;0,04017615;0,2238526;0,141336;0,1926537;0,2277832;0,3479776;
s;0;0,05456722;0,1244387;0,04931486;0,07867253;0,05057621;0,1022358;0,03597355;0,1500826;0,326504;0,499964;0,710546;0,6272583;0,6812248;0,7500138;0,8674045;
s;0;0,05194199;0,1392206;0,02476203;0,08837903;0,1322515;0,07896519;0,09500027;0,2530901;0,3441205;0,4542758;0,4588542;0,2736077;0,3735437;0,391582;0,5070901;
s;0;4,432574;4,401865;4,023767;3,72187;3,741957;3,466232;3,48666;3,526638;3,523072;3,581637;3,588218;3,375453;3,350565;3,417995;3,562141;
b;0;0,1491213;0,2822502;0,5628963;0,5419242;0,1660006;0,3620231;0,05906153;0,1205049;0,1736381;0,1952031;0,4854341;0,2264581;0,1283317;0,3463025;1,026474;
b;0;0,08619428;0,07898337;0,04450202;0,02839386;0,02436256;0,06988668;0,3622899;0,3202283;0,4377017;0,443043;0,4216838;0,5379105;1,121089;1,033149;1,35953;
b;0;0,2137483;0,2089215;0,1664971;0,007396221;0,4245162;0,2049587;0,2742677;0,6147904;0,6115768;0,9274609;1,061167;0,8553829;0,8055453;2,513136;2,63448;
b;0;0,0277757;0,02160919;0,02794814;0,04205287;0,1168313;0,2002985;0,4004002;0,643857;0,5385864;0,473686;0,7639256;1,01525;0,9451065;1,62619;1,850538;
b;0;0,05982226;0,005178332;0,195798;0,03641796;0,08904791;0,01664472;0,08869576;0,04818892;0,05508232;0,3688352;0,6333113;0,4279447;0,6591368;0,6513343;1,155391;
b;0;0,05326253;0,02468908;0,09235907;0,06692386;0,01530814;0,07116199;0,0901587;0,05317163;0,3606226;0,7068427;0,6631436;0,3521824;0,4499493;0,3681874;0,4358187;
b;0;0,08279759;0,08130354;0,09759855;0,01397204;0,01762509;0,06961179;0,1132734;0,09903598;0,04307628;0,2682574;0,4931836;0,2104263;0,6164784;3,288336;3,512443;
b;0;0,04446468;0,09819603;0,5041966;0,427598;0,1510894;0,37534;0,1756296;0,2168205;0,3218405;0,4141665;0,228488;0,08022499;0,1523519;0,2950425;0,5718293;
b;0;0,04907024;0,1068674;0,2606566;0,1647031;0,2225285;0,1956978;0,1273601;0,1649778;0,2439191;0,02479196;0,3141546;0,1068964;0,03356314;0,05395603;0,1681433;
b;0;0,04842982;0,07872522;0,2525102;0,1239638;0,1297011;0,148314;0,05192518;0,1152208;0,2647088;0,4825552;0,3874793;0,0492115;0,1006017;0,04671335;0,5260983;
b;0;0,04203892;0,1237628;0,2476891;0,08943605;0,1432445;0,08645725;0,0426085;0,1088808;0,2426748;0,05782151;0,1339583;0,4901538;0,3913298;0,4113936;0,7872682;
b;0;0,05502802;0,04958069;0,40525;0,4284662;0,04610515;0,2746527;0,001355886;0,01204228;0,1933455;0,1561675;0,06251621;0,2735043;0,1195517;0,158648;0,331233;0,2752843;0,3520136;0,3344631;
b;0;0,03232932;0,002299368;0,4305617;0,4622409;0,08290863;0,3318226;0,01126456;0,2051411;0,1484725;0,1625063;0,5015464;0,3204432;0,8336244;0,8236961;0,9993181;0,8351274;0,9628453;0,9021101;0,6863279;0,5125251;0,5138721;0,4641914;0,9836273;0,7744217;1,198403;
b;0;0,1082429;0,1319878;0,2978212;0,3707342;0,01054645;0,2134082;0,08946776;0,1014185;0,02916598;0,4707048;0,8796153;0,5950279;0,418921;0,7336845;1,206427;0,8402705;0,8406968;1,128484;1,752553;1,729583;2,216579;2,012138;2,142778;1,907948;2,211905;
b;0;0,05769497;0,00271678;0,4790044;0,5827596;0,1177137;0,2896855;0,01065946;0,0270083;0,13714;0,225827;0,1511393;0,1082435;0,4715261;0,4319248;0,5265875;0,1098189;0,9424295;1,055613;1,196084;1,190312;1,623693;1,418244;1,521949;1,287124;2,079383;
b;0;0,03361374;0,007249594;0,4471393;0,797973;0,5186065;0,6669848;0,4105561;0,370091;0,4480677;0,5112054;0,2157252;0,06027937;0,2065763;0,3955822;0,5162945;0,07589293;0,3859253;0,6277003;0,6748962;0,835711;0,8907537;0,612566;0,6937151;0,6908312;0,7626514;
b;0;0,05896401;0,004117548;0,4506178;0,6532254;0,3206201;0,5419621;0,3173225;0,1768174;0,2830124;0,3467255;0,2874579;0,2451458;0,1868801;0,1424489;0,2641664;0,1234908;0,09986115;0,2198482;0,2939715;0,1926026;0,4810047;0,2746177;0,3558121;0,1474047;0,3500986;
b;0;0,008083999;0,04599059;0,504256;0,6821535;0,3499817;0,54881;0,2736645;0,262522;0,1609211;0,005245924;0,2245674;0,03396559;0,132669;0,1174655;0,2883906;0,3074331;0,3576751;0,473053;0,551702;0,7327714;0,7886467;0,5876389;0,7948246;0,8431854;0,9733419;
b;0;0,04411501;0,0705198;0,4733374;0,7774476;0,5497992;0,7991964;0,5461013;0,6357031;0,7429163;0,7809086;0,6378052;0,5561738;0,6019311;0,3486404;0,1766086;0,2306957;0,1558518;0,09597063;0,05912018;0,2079568;0,1009307;0,3816738;0,2777338;0,3757839;0,09205818;
b;0;0,09405261;0,09612793;0,2214516;0,2677826;0,3465192;0,3857214;0,3365426;0,3994677;0,4780247;0,1871762;0,02566719;0,2333903;0,125802;0,1631331;0,04052162;0,4276638;0,1189737;0,5411716;0,4640455;0,5985174;0,9922342;0,7637167;0,8707924;0,7660265;0,9181519;
s;0;0,02789569;0,04395658;0,1402997;0,1910806;0,2738805;0,5032744;0,4836774;
s;0;0,04413086;0,07725805;0,3817151;0,4315395;0,4370022;0,6357164;0,6156044;
s;0;0,03126597;0,1269082;0,07518423;0,09486544;0,06474352;0,1100457;0,1158729;
s;0;0,01910022;0,00624001;0,2716134;0,2890767;0,2399364;0,4136095;0,4186246;
s;0;0,03339005;0,001686275;0,2818156;0,3147418;0,2246954;0,4037933;0,3855574;
s;0;0,0528003;0,0681982;0,01191294;0,06301999;0,05567789;0,1935453;0,1725857;
s;0;0,04272115;0,05419111;0,02928483;0,03302145;0,06290698;0,2622161;0,2670805;
s;0;0,004989564;0,09550846;0,06368399;0,07510805;0,1100342;0,3390975;0,3443818;
s;0;0,02257341;0,006491125;0,03471291;0,04417324;0,05469918;0,2597277;0,2923892;
s;0;0,07756358;0,1424427;0,05986321;0,05855143;0,1341577;0,08688736;0,06587887;
s;0;0,006174088;0,02480167;0,3268795;0,3771249;0,3830143;0,5864301;0,5434086;
s;0;0,04602444;0,03007764;0,3088932;0,3589109;0,4376942;0,605962;0,5246854;0,537658;0,5403016;0,5021718;0,4953856;0,7280374;0,8045325;0,7871079;0,6190596;0,9623742;0,8416872;0,8361835;0,9475098;1,05235;0,923842;1,107155;0,9529805;1,115021;1,098645;
s;0;0,01861078;0,00135839;0,1215154;0,2482655;0,2326672;0,4098601;0,3408582;0,308409;0,2663457;0,2318954;0,2262282;0,4093318;0,4592252;0,4692554;0,250535;0,6149673;0,4929919;0,5077939;0,6416698;0,6909156;0,5357981;0,6916447;0,5355115;0,7151408;0,7177405;
s;0;0,01036042;0,08139515;0,2718046;0,5283803;0,5325387;0,7084982;0,6925499;0,7065136;0,7110543;0,7029915;0,7025032;0,9359455;0,9858737;0,9719934;0,8036489;1,166737;1,091715;1,082853;1,219541;1,243814;1,112987;1,292359;1,111419;1,273109;1,251948;
s;0;0,06565732;0,02006888;0,2791973;0,3552892;0,3603771;0,5082636;0,4399807;0,4297416;0,4587004;0,4476516;0,4173419;0,6527119;0,752399;0,7840948;0,6637697;1,027271;0,9759974;0,9639568;1,095324;1,174926;1,045732;1,251229;1,067625;1,248749;1,249299;
s;0;0,00288415;0,02537763;0,3085998;0,5646871;0,5472933;0,745296;0,700294;0,6354105;0,6422815;0,5800097;0,5998735;0,8310454;0,9061086;0,9161973;0,7969718;1,13706;1,063037;1,027133;1,110466;1,186277;1,056385;1,235962;1,081313;1,262458;1,266924;
s;0;0,02056304;0,02353531;0,3062012;0,5622821;0,5679401;0,7943436;0,7486372;0,763258;0,7930987;0,7833462;0,8030016;1,014117;1,088994;1,147926;0,9787154;1,369593;1,292708;1,305075;1,413427;1,514288;1,386749;1,591141;1,433604;1,620536;1,65108;
s;0;0,04580891;0,02635276;0,3812099;0,6360415;0,6886772;0,9404473;0,8950751;0,8581595;0,7910566;0,7572939;0,807492;1,021123;1,073184;1,134954;0,9950075;1,413231;1,36545;1,402815;1,540304;1,620051;1,518152;1,726546;1,526569;1,711995;1,720536;
s;0;1,909862;1,957467;1,651716;1,596753;1,585467;1,434526;1,476371;1,459203;1,427908;1,464773;1,446806;1,238137;1,189195;1,183039;1,327914;1,012973;1,090864;1,10311;1,019097;0,9693918;1,078857;0,8707037;1,028312;0,843173;0,8662901;
s;0;0,05229408;0,09338659;0,2400447;0,4750276;0,328886;0,5325651;0,4676776;0,4085362;0,4419415;0,4102933;0,4601784;0,6719947;0,7243161;0,7328815;0,5619483;0,9245644;0,7988911;0,7867093;0,897316;0,9217625;0,7885275;0,9701648;0,7903724;0,9536471;0,9133911;
