
NEW RESULT

[ p ;  jungle4 ; breaker: 1,0 ] --> 0,2 0,5 0,76 1,37 
[ b ;  jungle4 ; breaker: 1,0 ] --> 0,2 0,6357922 0,840304 1,299507 
[ e ;  jungle4 ; breaker: 1,0 ] --> 0 0,1357922 0,08030403 0,0704931 
Absolute Error Mean: 0,07164733

[ p ;  jungle4 ; breaker: 1,0 ] --> 0,2 0,5 0,76 1,37 
[ b ;  jungle4 ; breaker: 1,0 ] --> 0,2 0,7350597 0,9416594 1,424929 
[ e ;  jungle4 ; breaker: 1,0 ] --> 0 0,2350597 0,1816594 0,0549289 
Absolute Error Mean: 0,117912

[ p ;  jungle4 ; breaker: 1,0 ] --> 0,2 0,5 0,76 1,37 
[ s ;  jungle4 ; breaker: 1,0 ] --> 0,2 0,5865915 0,9172671 1,58099 
[ e ;  jungle4 ; breaker: 1,0 ] --> 0 0,08659154 0,1572671 0,21099 
Absolute Error Mean: 0,1137121

[ p ;  jungle4 ; breaker: 1,0 ] --> 0,2 0,5 0,76 1,37 
[ s ;  jungle4 ; breaker: 1,0 ] --> 0,2 0,5851384 0,9454209 1,578124 
[ e ;  jungle4 ; breaker: 1,0 ] --> 0 0,08513844 0,1854209 0,208124 
Absolute Error Mean: 0,1196708

[ p ;  jungle8 ; breaker: 1,0 ] --> 0,2 0,5 0,76 1,37 
[ b ;  jungle8 ; breaker: 1,0 ] --> 0,2 0,3528494 0,5052224 0,8641846 1,529116 2,373365 2,704501 3,493712 
[ e ;  jungle8 ; breaker: 1,0 ] --> 0 0,1471506 0,2547776 0,5058154 
Absolute Error Mean: 0,2269359

[ p ;  jungle8 ; breaker: 1,0 ] --> 0,2 0,5 0,76 1,37 1,93 2,24 2,72 2,93 
[ b ;  jungle8 ; breaker: 1,0 ] --> 0,2 0,712202 0,9421688 1,531854 2,351664 2,608819 3,323172 4,570192 
[ e ;  jungle8 ; breaker: 1,0 ] --> 0 0,212202 0,1821688 0,1618538 0,4216639 0,3688188 0,6031716 1,640192 
Absolute Error Mean: 0,4487588

[ p ;  jungle8 ; breaker: 1,0 ] --> 0,2 0,5 0,76 1,37 1,93 2,24 2,72 2,93 
[ b ;  jungle8 ; breaker: 1,0 ] --> 0,2 0,5578904 0,8633099 1,373215 2,114559 2,345231 2,909532 3,138641 
[ e ;  jungle8 ; breaker: 1,0 ] --> 0 0,05789036 0,1033099 0,003214717 0,1845592 0,105231 0,1895323 0,2086406 
Absolute Error Mean: 0,1065473

[ p ;  jungle8 ; breaker: 1,0 ] --> 0,2 0,5 0,76 1,37 1,93 2,24 2,72 2,93 
[ b ;  jungle8 ; breaker: 1,0 ] --> 0,2 0,687728 0,9682949 1,579002 2,437964 2,691133 3,295321 3,524237 
[ e ;  jungle8 ; breaker: 1,0 ] --> 0 0,187728 0,2082949 0,2090019 0,5079638 0,4511335 0,575321 0,5942373 
Absolute Error Mean: 0,3417101

[ p ;  jungle8 ; breaker: 1,0 ] --> 0,2 0,5 0,76 1,37 1,93 2,24 2,72 2,93 
[ b ;  jungle8 ; breaker: 1,0 ] --> 0,2 0,6861301 0,9181119 1,41006 2,07889 2,330155 2,759259 2,959918 3,061102 
[ e ;  jungle8 ; breaker: 1,0 ] --> 0 0,1861301 0,1581119 0,04005992 0,1488904 0,09015512 0,03925848 0,02991748 
Absolute Error Mean: 0,08656543

[ p ;  jungle8 ; breaker: 1,0 ] --> 0,2 0,5 0,76 1,37 1,93 2,24 2,72 2,93 
[ b ;  jungle8 ; breaker: 1,0 ] --> 0,2 0,6332801 0,8665211 1,327195 2,015142 2,323531 2,83217 3,03845 
[ e ;  jungle8 ; breaker: 1,0 ] --> 0 0,1332801 0,1065211 0,04280519 0,08514202 0,08353114 0,1121695 0,1084495 
Absolute Error Mean: 0,08398732

[ p ;  jungle8 ; breaker: 1,0 ] --> 0,2 0,5 0,76 1,37 1,93 2,24 2,72 2,93 
[ b ;  jungle8 ; breaker: 1,0 ] --> 0,2 0,6530834 0,8849623 1,529846 2,244391 2,549957 3,187987 3,416638 
[ e ;  jungle8 ; breaker: 1,0 ] --> 0 0,1530834 0,1249623 0,1598464 0,3143913 0,3099566 0,4679866 0,4866381 
Absolute Error Mean: 0,2521081

[ p ;  jungle8 ; breaker: 1,0 ] --> 0,2 0,5 0,76 1,37 1,93 2,24 2,72 2,93 
[ b ;  jungle8 ; breaker: 1,0 ] --> 0,2 0,4785391 0,7342485 1,607549 2,277459 2,485414 3,07788 3,254327 
[ e ;  jungle8 ; breaker: 1,0 ] --> 0 0,02146086 0,02575153 0,2375488 0,347459 0,2454135 0,3578796 0,3243272 
Absolute Error Mean: 0,1949801

[ p ;  jungle8 ; breaker: 1,0 ] --> 0,2 0,5 0,76 1,37 1,93 2,24 2,72 2,93 
[ b ;  jungle8 ; breaker: 1,0 ] --> 0,2 0,6634105 0,8688238 1,382412 2,098064 2,353251 3,096041 3,302067 
[ e ;  jungle8 ; breaker: 1,0 ] --> 0 0,1634105 0,1088238 0,01241207 0,1680642 0,1132505 0,3760409 0,372067 
Absolute Error Mean: 0,1642586

[ p ;  jungle8 ; breaker: 1,0 ] --> 0,2 0,5 0,76 1,37 1,93 2,24 2,72 2,93 
[ b ;  jungle8 ; breaker: 1,0 ] --> 0,2 0,6078808 0,8362394 1,31165 2,128779 2,820413 2,999203 4,296298 
[ e ;  jungle8 ; breaker: 1,0 ] --> 0 0,1078808 0,07623941 0,05834961 0,1987792 0,5804126 0,2792029 1,366298 
Absolute Error Mean: 0,3333953

[ p ;  jungle16 ; breaker: 1,0 ] --> 0,2 0,5 0,76 1,37 1,93 2,24 2,72 2,93 
[ s ;  jungle16 ; breaker: 1,0 ] --> 0,2 0,5037272 0,8356767 1,320152 1,904824 2,184861 2,461063 2,689874 3,117251 3,52171 3,948935 4,352102 4,777797 5,133002 5,560137 5,76204 
[ e ;  jungle16 ; breaker: 1,0 ] --> 0 0,003727198 0,07567668 0,04984844 0,02517641 0,05513859 0,2589374 0,2401261 
Absolute Error Mean: 0,08857885

[ p ;  jungle16 ; breaker: 1,0 ] --> 0,2 0,5 0,76 1,37 1,93 2,24 2,72 2,93 3,2 3,51 3,78 4,08 4,57 4,9 5,19 5,3 
[ s ;  jungle16 ; breaker: 1,0 ] --> 0,2 0,4792924 0,8662354 1,298963 1,916995 2,222141 2,475137 2,701268 2,853129 3,13255 3,405695 3,656674 3,93396 4,212918 4,465833 4,717553 
[ e ;  jungle16 ; breaker: 1,0 ] --> 0 0,02070758 0,1062354 0,07103693 0,01300526 0,01785922 0,2448628 0,2287323 0,3468714 0,37745 0,3743045 0,4233255 0,6360402 0,6870818 0,7241669 0,5824471 
Absolute Error Mean: 0,3033829

[ p ;  jungle16 ; breaker: 1,0 ] --> 0,2 0,5 0,76 1,37 1,93 2,24 2,72 2,93 3,2 3,51 3,78 4,08 4,57 4,9 5,19 5,3 
[ s ;  jungle16 ; breaker: 1,0 ] --> 0,2 0,5598829 0,9162071 1,55843 2,144937 2,58166 3,014185 3,192517 3,625317 3,958043 4,213719 4,47077 4,774021 5,09925 5,525583 5,805331 
[ e ;  jungle16 ; breaker: 1,0 ] --> 0 0,05988288 0,1562071 0,18843 0,2149369 0,3416603 0,2941849 0,2625167 0,425317 0,4480433 0,4337194 0,39077 0,2040205 0,1992497 0,3355827 0,505331 
Absolute Error Mean: 0,2787408

[ p ;  jungle16 ; breaker: 1,0 ] --> 0,2 0,5 0,76 1,37 1,93 2,24 2,72 2,93 3,2 3,51 3,78 4,08 4,57 4,9 5,19 5,3 
[ s ;  jungle16 ; breaker: 1,0 ] --> 0,2 0,5001263 0,8037699 1,366448 1,905403 2,208504 2,488824 2,868703 3,324718 3,761075 4,241961 4,698875 5,159353 5,468516 5,755105 6,035208 
[ e ;  jungle16 ; breaker: 1,0 ] --> 0 0,0001263022 0,04376996 0,003552198 0,02459645 0,03149605 0,2311757 0,0612967 0,1247184 0,251075 0,4619606 0,6188755 0,5893531 0,5685163 0,5651045 0,7352076 
Absolute Error Mean: 0,2694265

[ p ;  jungle16 ; breaker: 1,0 ] --> 0,2 0,5 0,76 1,37 1,93 2,24 2,72 2,93 3,2 3,51 3,78 4,08 4,57 4,9 5,19 5,3 
[ s ;  jungle16 ; breaker: 1,0 ] --> 0,2 0,5567783 0,9212619 1,484943 2,098497 2,408407 2,86588 3,047025 3,476662 3,806932 4,212087 4,645084 5,130385 5,436436 5,816985 6,045893 
[ e ;  jungle16 ; breaker: 1,0 ] --> 0 0,05677825 0,1612619 0,1149427 0,1684972 0,1684074 0,1458797 0,1170254 0,2766623 0,2969317 0,4320872 0,5650845 0,5603848 0,5364356 0,6269851 0,745893 
Absolute Error Mean: 0,3108285

[ p ;  jungle16 ; breaker: 1,0 ] --> 0,2 0,5 0,76 1,37 1,93 2,24 2,72 2,93 3,2 3,51 3,78 4,08 4,57 4,9 5,19 5,3 
[ s ;  jungle16 ; breaker: 1,0 ] --> 0,2 0,6301029 1,586164 1,888679 2,415865 2,725319 3,02301 3,275261 3,626741 3,981336 4,358028 4,657863 5,030601 5,33156 5,58141 5,806073 
[ e ;  jungle16 ; breaker: 1,0 ] --> 0 0,1301029 0,8261645 0,5186789 0,4858652 0,4853194 0,3030097 0,3452613 0,4267406 0,4713361 0,578028 0,5778627 0,4606009 0,43156 0,3914099 0,506073 
Absolute Error Mean: 0,4336258

[ p ;  jungle16 ; breaker: 1,0 ] --> 0,2 0,5 0,76 1,37 1,93 2,24 2,72 2,93 3,2 3,51 3,78 4,08 4,57 4,9 5,19 5,3 
[ s ;  jungle16 ; breaker: 1,0 ] --> 0,2 0,4795675 0,7091254 1,166261 1,778329 2,085884 2,517465 2,695095 3,129991 3,461461 3,820176 4,303853 4,711336 5,092654 5,417783 5,647978 
[ e ;  jungle16 ; breaker: 1,0 ] --> 0 0,02043253 0,05087459 0,2037389 0,1516708 0,1541157 0,2025347 0,234905 0,07000947 0,04853868 0,04017615 0,2238526 0,141336 0,1926537 0,2277832 0,3479776 
Absolute Error Mean: 0,1444125

[ p ;  jungle16 ; breaker: 1,0 ] --> 0,2 0,5 0,76 1,37 1,93 2,24 2,72 2,93 3,2 3,51 3,78 4,08 4,57 4,9 5,19 5,3 
[ s ;  jungle16 ; breaker: 1,0 ] --> 0,2 0,5545672 0,8844387 1,419315 2,008672 2,290576 2,617764 2,894027 3,350083 3,836504 4,279964 4,790546 5,197258 5,581225 5,940014 6,167405 9,443674 
[ e ;  jungle16 ; breaker: 1,0 ] --> 0 0,05456722 0,1244387 0,04931486 0,07867253 0,05057621 0,1022358 0,03597355 0,1500826 0,326504 0,499964 0,710546 0,6272583 0,6812248 0,7500138 0,8674045 
Absolute Error Mean: 0,3192985

[ p ;  jungle16 ; breaker: 1,0 ] --> 0,2 0,5 0,76 1,37 1,93 2,24 2,72 2,93 3,2 3,51 3,78 4,08 4,57 4,9 5,19 5,3 
[ s ;  jungle16 ; breaker: 1,0 ] --> 0,2 0,551942 0,8992206 1,394762 2,018379 2,372252 2,798965 3,025 3,45309 3,85412 4,234276 4,538854 4,843608 5,273544 5,581582 5,80709 
[ e ;  jungle16 ; breaker: 1,0 ] --> 0 0,05194199 0,1392206 0,02476203 0,08837903 0,1322515 0,07896519 0,09500027 0,2530901 0,3441205 0,4542758 0,4588542 0,2736077 0,3735437 0,391582 0,5070901 
Absolute Error Mean: 0,2291678

[ p ;  jungle16 ; breaker: 1,0 ] --> 0,2 0,5 0,76 1,37 1,93 2,24 2,72 2,93 3,2 3,51 3,78 4,08 4,57 4,9 5,19 5,3 
[ s ;  jungle16 ; breaker: 1,0 ] --> 0,2 4,932574 5,161865 5,393766 5,65187 5,981957 6,186232 6,41666 6,726638 7,033072 7,361637 7,668218 7,945453 8,250566 8,607995 8,862142 
[ e ;  jungle16 ; breaker: 1,0 ] --> 0 4,432574 4,401865 4,023767 3,72187 3,741957 3,466232 3,48666 3,526638 3,523072 3,581637 3,588218 3,375453 3,350565 3,417995 3,562141 
Absolute Error Mean: 3,450041

[ p ;  jungle16 ; breaker: 1,0 ] --> 0,2 0,5 0,76 1,37 1,93 2,24 2,72 2,93 3,2 3,51 3,78 4,08 4,57 4,9 5,19 5,3 
[ b ;  jungle16 ; breaker: 1,0 ] --> 0,2 0,3508787 0,4777498 0,8071038 1,388076 2,073999 2,357977 2,870939 3,079495 3,336362 3,975203 4,565434 4,796458 5,028332 5,536303 6,326474 
[ e ;  jungle16 ; breaker: 1,0 ] --> 0 0,1491213 0,2822502 0,5628963 0,5419242 0,1660006 0,3620231 0,05906153 0,1205049 0,1736381 0,1952031 0,4854341 0,2264581 0,1283317 0,3463025 1,026474 
Absolute Error Mean: 0,3016014

[ p ;  jungle16 ; breaker: 1,0 ] --> 0,2 0,5 0,76 1,37 1,93 2,24 2,72 2,93 3,2 3,51 3,78 4,08 4,57 4,9 5,19 5,3 
[ b ;  jungle16 ; breaker: 1,0 ] --> 0,2 0,5861943 0,8389834 1,325498 1,958394 2,264363 2,789887 3,29229 3,520228 3,947702 4,223043 4,501684 5,107911 6,02109 6,223149 6,659531 8,613674 
[ e ;  jungle16 ; breaker: 1,0 ] --> 0 0,08619428 0,07898337 0,04450202 0,02839386 0,02436256 0,06988668 0,3622899 0,3202283 0,4377017 0,443043 0,4216838 0,5379105 1,121089 1,033149 1,35953 
Absolute Error Mean: 0,3980593

[ p ;  jungle16 ; breaker: 1,0 ] --> 0,2 0,5 0,76 1,37 1,93 2,24 2,72 2,93 3,2 3,51 3,78 4,08 4,57 4,9 5,19 5,3 
[ b ;  jungle16 ; breaker: 1,0 ] --> 0,2 0,7137483 0,9689215 1,536497 1,922604 2,664516 2,924959 3,204268 3,81479 4,121577 4,707461 5,141167 5,425383 5,705545 7,703136 7,93448 
[ e ;  jungle16 ; breaker: 1,0 ] --> 0 0,2137483 0,2089215 0,1664971 0,007396221 0,4245162 0,2049587 0,2742677 0,6147904 0,6115768 0,9274609 1,061167 0,8553829 0,8055453 2,513136 2,63448 
Absolute Error Mean: 0,7202403

[ p ;  jungle16 ; breaker: 1,0 ] --> 0,2 0,5 0,76 1,37 1,93 2,24 2,72 2,93 3,2 3,51 3,78 4,08 4,57 4,9 5,19 5,3 
[ b ;  jungle16 ; breaker: 1,0 ] --> 0,2 0,5277757 0,7816092 1,342052 1,972053 2,356831 2,920299 3,3304 3,843857 4,048586 4,253686 4,843925 5,58525 5,845107 6,81619 7,150538 
[ e ;  jungle16 ; breaker: 1,0 ] --> 0 0,0277757 0,02160919 0,02794814 0,04205287 0,1168313 0,2002985 0,4004002 0,643857 0,5385864 0,473686 0,7639256 1,01525 0,9451065 1,62619 1,850538 
Absolute Error Mean: 0,5433785

[ p ;  jungle16 ; breaker: 1,0 ] --> 0,2 0,5 0,76 1,37 1,93 2,24 2,72 2,93 3,2 3,51 3,78 4,08 4,57 4,9 5,19 5,3 
[ b ;  jungle16 ; breaker: 1,0 ] --> 0,2 0,5598223 0,7651783 1,174202 1,893582 2,150952 2,736645 3,018696 3,248189 3,454918 4,148835 4,713311 4,997945 5,559137 5,841334 6,455391 
[ e ;  jungle16 ; breaker: 1,0 ] --> 0 0,05982226 0,005178332 0,195798 0,03641796 0,08904791 0,01664472 0,08869576 0,04818892 0,05508232 0,3688352 0,6333113 0,4279447 0,6591368 0,6513343 1,155391 
Absolute Error Mean: 0,2806768

[ p ;  jungle16 ; breaker: 1,0 ] --> 0,2 0,5 0,76 1,37 1,93 2,24 2,72 2,93 3,2 3,51 3,78 4,08 4,57 4,9 5,19 5,3 
[ b ;  jungle16 ; breaker: 1,0 ] --> 0,2 0,5532625 0,7846891 1,277641 1,996924 2,255308 2,791162 3,020159 3,253172 3,870623 4,486843 4,743144 4,922183 5,349949 5,558187 5,735819 
[ e ;  jungle16 ; breaker: 1,0 ] --> 0 0,05326253 0,02468908 0,09235907 0,06692386 0,01530814 0,07116199 0,0901587 0,05317163 0,3606226 0,7068427 0,6631436 0,3521824 0,4499493 0,3681874 0,4358187 
Absolute Error Mean: 0,2377364

[ p ;  jungle16 ; breaker: 1,0 ] --> 0,2 0,5 0,76 1,37 1,93 2,24 2,72 2,93 3,2 3,51 3,78 4,08 4,57 4,9 5,19 5,3 
[ b ;  jungle16 ; breaker: 1,0 ] --> 0,2 0,5827976 0,8413035 1,272401 1,916028 2,222375 2,789612 3,043273 3,299036 3,553076 4,048257 4,573184 4,780427 5,516479 8,478336 8,812443 
[ e ;  jungle16 ; breaker: 1,0 ] --> 0 0,08279759 0,08130354 0,09759855 0,01397204 0,01762509 0,06961179 0,1132734 0,09903598 0,04307628 0,2682574 0,4931836 0,2104263 0,6164784 3,288336 3,512443 
Absolute Error Mean: 0,5629637

[ p ;  jungle16 ; breaker: 1,0 ] --> 0,2 0,5 0,76 1,37 1,93 2,24 2,72 2,93 3,2 3,51 3,78 4,08 4,57 4,9 5,19 5,3 
[ b ;  jungle16 ; breaker: 1,0 ] --> 0,2 0,4555353 0,661804 0,8658034 1,502402 2,088911 2,34466 2,75437 2,98318 3,188159 3,365834 3,851512 4,489775 4,747648 5,485043 5,87183 
[ e ;  jungle16 ; breaker: 1,0 ] --> 0 0,04446468 0,09819603 0,5041966 0,427598 0,1510894 0,37534 0,1756296 0,2168205 0,3218405 0,4141665 0,228488 0,08022499 0,1523519 0,2950425 0,5718293 
Absolute Error Mean: 0,2535799

[ p ;  jungle16 ; breaker: 1,0 ] --> 0,2 0,5 0,76 1,37 1,93 2,24 2,72 2,93 3,2 3,51 3,78 4,08 4,57 4,9 5,19 5,3 
[ b ;  jungle16 ; breaker: 1,0 ] --> 0,2 0,4509298 0,6531326 1,109343 1,765297 2,017472 2,524302 2,80264 3,035022 3,266081 3,804792 4,394155 4,676897 4,933563 5,136044 5,468143 
[ e ;  jungle16 ; breaker: 1,0 ] --> 0 0,04907024 0,1068674 0,2606566 0,1647031 0,2225285 0,1956978 0,1273601 0,1649778 0,2439191 0,02479196 0,3141546 0,1068964 0,03356314 0,05395603 0,1681433 
Absolute Error Mean: 0,1398304

[ p ;  jungle16 ; breaker: 1,0 ] --> 0,2 0,5 0,76 1,37 1,93 2,24 2,72 2,93 3,2 3,51 3,78 4,08 4,57 4,9 5,19 5,3 
[ b ;  jungle16 ; breaker: 1,0 ] --> 0,2 0,4515702 0,6812748 1,11749 1,806036 2,110299 2,571686 2,878075 3,315221 3,774709 4,262555 4,467479 4,619212 4,799398 5,236713 5,826098 
[ e ;  jungle16 ; breaker: 1,0 ] --> 0 0,04842982 0,07872522 0,2525102 0,1239638 0,1297011 0,148314 0,05192518 0,1152208 0,2647088 0,4825552 0,3874793 0,0492115 0,1006017 0,04671335 0,5260983 
Absolute Error Mean: 0,1753849

[ p ;  jungle26 ; breaker: 1,0 ] --> 0,2 0,5 0,76 1,37 1,93 2,24 2,72 2,93 3,2 3,51 3,78 4,08 4,57 4,9 5,19 5,3 
[ b ;  jungle26 ; breaker: 1,0 ] --> 0,2 0,4579611 0,6362372 1,122311 1,840564 2,096756 2,633543 2,887392 3,091119 3,267325 3,722178 4,213958 5,060154 5,29133 5,601394 6,087268 6,370832 6,60139 6,808435 7,19281 8,45482 
[ e ;  jungle26 ; breaker: 1,0 ] --> 0 0,04203892 0,1237628 0,2476891 0,08943605 0,1432445 0,08645725 0,0426085 0,1088808 0,2426748 0,05782151 0,1339583 0,4901538 0,3913298 0,4113936 0,7872682 
Absolute Error Mean: 0,2124199

[ p ;  jungle26 ; breaker: 1,0 ] --> 0,2 0,5 0,76 1,37 1,93 2,24 2,72 2,93 3,2 3,51 3,78 4,08 4,57 4,9 5,19 5,3 5,92 6,1 6,37 6,76 7,09 7,24 7,7 7,8 8,24 8,5 
[ b ;  jungle26 ; breaker: 1,0 ] --> 0,2 0,555028 0,8095807 0,9647501 1,501534 2,193895 2,445347 2,928644 3,212042 3,703346 3,936167 4,142516 4,296496 4,780448 5,348648 5,631233 6,195284 6,452013 6,704463 
[ e ;  jungle26 ; breaker: 1,0 ] --> 0 0,05502802 0,04958069 0,40525 0,4284662 0,04610515 0,2746527 0,001355886 0,01204228 0,1933455 0,1561675 0,06251621 0,2735043 0,1195517 0,158648 0,331233 0,2752843 0,3520136 0,3344631 
Absolute Error Mean: 2,186893

[ p ;  jungle26 ; breaker: 1,0 ] --> 0,2 0,5 0,76 1,37 1,93 2,24 2,72 2,93 3,2 3,51 3,78 4,08 4,57 4,9 5,19 5,3 5,92 6,1 6,37 6,76 7,09 7,24 7,7 7,8 8,24 8,5 
[ b ;  jungle26 ; breaker: 1,0 ] --> 0,2 0,5323293 0,7622994 0,9394383 1,467759 2,157091 2,388177 2,918736 3,405141 3,658473 3,942506 4,581546 4,890443 5,733624 6,013696 6,299318 6,755127 7,062845 7,27211 7,446328 7,602525 7,753872 8,164191 8,783628 9,014421 9,698403 
[ e ;  jungle26 ; breaker: 1,0 ] --> 0 0,03232932 0,002299368 0,4305617 0,4622409 0,08290863 0,3318226 0,01126456 0,2051411 0,1484725 0,1625063 0,5015464 0,3204432 0,8336244 0,8236961 0,9993181 0,8351274 0,9628453 0,9021101 0,6863279 0,5125251 0,5138721 0,4641914 0,9836273 0,7744217 1,198403 
Absolute Error Mean: 0,5069856

[ p ;  jungle26 ; breaker: 1,0 ] --> 0,2 0,5 0,76 1,37 1,93 2,24 2,72 2,93 3,2 3,51 3,78 4,08 4,57 4,9 5,19 5,3 5,92 6,1 6,37 6,76 7,09 7,24 7,7 7,8 8,24 8,5 
[ b ;  jungle26 ; breaker: 1,0 ] --> 0,2 0,6082429 0,8919878 1,072179 1,559266 2,250546 2,506592 3,019468 3,301419 3,480834 4,250705 4,959615 5,165028 5,318921 5,923685 6,506427 6,760271 6,940697 7,498484 8,512553 8,819583 9,456579 9,712138 9,942779 10,14795 10,7119 
[ e ;  jungle26 ; breaker: 1,0 ] --> 0 0,1082429 0,1319878 0,2978212 0,3707342 0,01054645 0,2134082 0,08946776 0,1014185 0,02916598 0,4707048 0,8796153 0,5950279 0,418921 0,7336845 1,206427 0,8402705 0,8406968 1,128484 1,752553 1,729583 2,216579 2,012138 2,142778 1,907948 2,211905 
Absolute Error Mean: 0,8630811

[ p ;  jungle26 ; breaker: 1,0 ] --> 0,2 0,5 0,76 1,37 1,93 2,24 2,72 2,93 3,2 3,51 3,78 4,08 4,57 4,9 5,19 5,3 5,92 6,1 6,37 6,76 7,09 7,24 7,7 7,8 8,24 8,5 
[ b ;  jungle26 ; breaker: 1,0 ] --> 0,2 0,557695 0,7627168 0,8909956 1,34724 2,122286 2,430315 2,94066 3,172992 3,37286 4,005827 4,231139 4,461757 5,371526 5,621925 5,826588 6,029819 7,042429 7,425612 7,956085 8,280313 8,863692 9,118244 9,321949 9,527123 10,57938 
[ e ;  jungle26 ; breaker: 1,0 ] --> 0 0,05769497 0,00271678 0,4790044 0,5827596 0,1177137 0,2896855 0,01065946 0,0270083 0,13714 0,225827 0,1511393 0,1082435 0,4715261 0,4319248 0,5265875 0,1098189 0,9424295 1,055613 1,196084 1,190312 1,623693 1,418244 1,521949 1,287124 2,079383 
Absolute Error Mean: 0,6170877

[ p ;  jungle26 ; breaker: 1,0 ] --> 0,2 0,5 0,76 1,37 1,93 2,24 2,72 2,93 3,2 3,51 3,78 4,08 4,57 4,9 5,19 5,3 5,92 6,1 6,37 6,76 7,09 7,24 7,7 7,8 8,24 8,5 
[ b ;  jungle26 ; breaker: 1,0 ] --> 0,2 0,5336137 0,7672496 0,9228607 1,132027 1,721393 2,053015 2,519444 2,829909 3,061932 3,268795 3,864275 4,509721 4,693424 5,585582 5,816295 5,995893 6,485925 6,9977 7,434896 7,925711 8,130754 8,312566 8,493715 8,930831 9,262651 
[ e ;  jungle26 ; breaker: 1,0 ] --> 0 0,03361374 0,007249594 0,4471393 0,797973 0,5186065 0,6669848 0,4105561 0,370091 0,4480677 0,5112054 0,2157252 0,06027937 0,2065763 0,3955822 0,5162945 0,07589293 0,3859253 0,6277003 0,6748962 0,835711 0,8907537 0,612566 0,6937151 0,6908312 0,7626514 
Absolute Error Mean: 0,4560226

[ p ;  jungle26 ; breaker: 1,0 ] --> 0,2 0,5 0,76 1,37 1,93 2,24 2,72 2,93 3,2 3,51 3,78 4,08 4,57 4,9 5,19 5,3 5,92 6,1 6,37 6,76 7,09 7,24 7,7 7,8 8,24 8,5 
[ b ;  jungle26 ; breaker: 1,0 ] --> 0,2 0,558964 0,7641175 0,9193822 1,276775 1,91938 2,178038 2,612678 3,023183 3,226988 3,433275 3,792542 4,324854 4,71312 5,332449 5,564167 5,796509 6,000139 6,589848 7,053972 7,282603 7,721004 7,974617 8,155812 8,387404 8,850099 9,569989 
[ e ;  jungle26 ; breaker: 1,0 ] --> 0 0,05896401 0,004117548 0,4506178 0,6532254 0,3206201 0,5419621 0,3173225 0,1768174 0,2830124 0,3467255 0,2874579 0,2451458 0,1868801 0,1424489 0,2641664 0,1234908 0,09986115 0,2198482 0,2939715 0,1926026 0,4810047 0,2746177 0,3558121 0,1474047 0,3500986 
Absolute Error Mean: 0,2622383

[ p ;  jungle26 ; breaker: 1,0 ] --> 0,2 0,5 0,76 1,37 1,93 2,24 2,72 2,93 3,2 3,51 3,78 4,08 4,57 4,9 5,19 5,3 5,92 6,1 6,37 6,76 7,09 7,24 7,7 7,8 8,24 8,5 
[ b ;  jungle26 ; breaker: 1,0 ] --> 0,2 0,508084 0,7140094 0,8657441 1,247846 1,890018 2,17119 2,656336 2,937478 3,349079 3,785246 4,304567 4,536035 4,767331 5,072535 5,588391 6,227433 6,457675 6,843053 7,311702 7,822772 8,028646 8,287639 8,594825 9,083185 9,473342 
[ e ;  jungle26 ; breaker: 1,0 ] --> 0 0,008083999 0,04599059 0,504256 0,6821535 0,3499817 0,54881 0,2736645 0,262522 0,1609211 0,005245924 0,2245674 0,03396559 0,132669 0,1174655 0,2883906 0,3074331 0,3576751 0,473053 0,551702 0,7327714 0,7886467 0,5876389 0,7948246 0,8431854 0,9733419 
Absolute Error Mean: 0,3864984

[ p ;  jungle26 ; breaker: 1,0 ] --> 0,2 0,5 0,76 1,37 1,93 2,24 2,72 2,93 3,2 3,51 3,78 4,08 4,57 4,9 5,19 5,3 5,92 6,1 6,37 6,76 7,09 7,24 7,7 7,8 8,24 8,5 
[ b ;  jungle26 ; breaker: 1,0 ] --> 0,2 0,455885 0,6894802 0,8966626 1,152552 1,690201 1,920804 2,383899 2,564297 2,767084 2,999091 3,442195 4,013826 4,298069 4,84136 5,123392 5,689304 6,255852 6,465971 6,70088 6,882043 7,139069 7,318326 7,522266 7,864216 8,407942 
[ e ;  jungle26 ; breaker: 1,0 ] --> 0 0,04411501 0,0705198 0,4733374 0,7774476 0,5497992 0,7991964 0,5461013 0,6357031 0,7429163 0,7809086 0,6378052 0,5561738 0,6019311 0,3486404 0,1766086 0,2306957 0,1558518 0,09597063 0,05912018 0,2079568 0,1009307 0,3816738 0,2777338 0,3757839 0,09205818 
Absolute Error Mean: 0,3738069

[ p ;  jungle26 ; breaker: 1,0 ] --> 0,2 0,5 0,76 1,37 1,93 2,24 2,72 2,93 3,2 3,51 3,78 4,08 4,57 4,9 5,19 5,3 5,92 6,1 6,37 6,76 7,09 7,24 7,7 7,8 8,24 8,5 
[ b ;  jungle26 ; breaker: 1,0 ] --> 0,2 0,4059474 0,6638721 1,148548 1,662217 1,893481 2,334279 2,593457 2,800532 3,031975 3,592824 4,105667 4,33661 4,774198 5,026867 5,259479 5,492336 5,981026 6,911171 7,224046 7,688518 8,232234 8,463717 8,670793 9,006026 9,418152 
[ e ;  jungle26 ; breaker: 1,0 ] --> 0 0,09405261 0,09612793 0,2214516 0,2677826 0,3465192 0,3857214 0,3365426 0,3994677 0,4780247 0,1871762 0,02566719 0,2333903 0,125802 0,1631331 0,04052162 0,4276638 0,1189737 0,5411716 0,4640455 0,5985174 0,9922342 0,7637167 0,8707924 0,7660265 0,9181519 
Absolute Error Mean: 0,3793336

[ p ;  jungle8 ; breaker: 1,0 ] --> 0,2 0,5 0,76 1,37 1,93 2,24 2,72 2,93 3,2 3,51 3,78 4,08 4,57 4,9 5,19 5,3 5,92 6,1 6,37 6,76 7,09 7,24 7,7 7,8 8,24 8,5 
[ s ;  jungle8 ; breaker: 1,0 ] --> 0,2 0,5278957 0,8039566 1,2297 1,738919 1,96612 2,216726 2,446323 
[ e ;  jungle8 ; breaker: 1,0 ] --> 0 0,02789569 0,04395658 0,1402997 0,1910806 0,2738805 0,5032744 0,4836774 
Absolute Error Mean: 4,150541

[ p ;  jungle8 ; breaker: 1,0 ] --> 0,2 0,5 0,76 1,37 1,93 2,24 2,72 2,93 
[ s ;  jungle8 ; breaker: 1,0 ] --> 0,2 0,4558691 0,6827419 0,9882849 1,49846 1,802998 2,084284 2,314396 
[ e ;  jungle8 ; breaker: 1,0 ] --> 0 0,04413086 0,07725805 0,3817151 0,4315395 0,4370022 0,6357164 0,6156044 
Absolute Error Mean: 0,3278708

[ p ;  jungle8 ; breaker: 1,0 ] --> 0,2 0,5 0,76 1,37 1,93 2,24 2,72 2,93 
[ s ;  jungle8 ; breaker: 1,0 ] --> 0,2 0,531266 0,8869082 1,445184 2,024865 2,304744 2,609954 2,814127 
[ e ;  jungle8 ; breaker: 1,0 ] --> 0 0,03126597 0,1269082 0,07518423 0,09486544 0,06474352 0,1100457 0,1158729 
Absolute Error Mean: 0,07736074

[ p ;  jungle8 ; breaker: 1,0 ] --> 0,2 0,5 0,76 1,37 1,93 2,24 2,72 2,93 
[ s ;  jungle8 ; breaker: 1,0 ] --> 0,2 0,4808998 0,76624 1,098387 1,640923 2,000064 2,306391 2,511375 
[ e ;  jungle8 ; breaker: 1,0 ] --> 0 0,01910022 0,00624001 0,2716134 0,2890767 0,2399364 0,4136095 0,4186246 
Absolute Error Mean: 0,2072751

[ p ;  jungle8 ; breaker: 1,0 ] --> 0,2 0,5 0,76 1,37 1,93 2,24 2,72 2,93 
[ s ;  jungle8 ; breaker: 1,0 ] --> 0,2 0,53339 0,7616863 1,088184 1,615258 2,015305 2,316207 2,544443 
[ e ;  jungle8 ; breaker: 1,0 ] --> 0 0,03339005 0,001686275 0,2818156 0,3147418 0,2246954 0,4037933 0,3855574 
Absolute Error Mean: 0,20571

[ p ;  jungle8 ; breaker: 1,0 ] --> 0,2 0,5 0,76 1,37 1,93 2,24 2,72 2,93 
[ s ;  jungle8 ; breaker: 1,0 ] --> 0,2 0,5528003 0,8281982 1,381913 1,86698 2,295678 2,526455 2,757414 
[ e ;  jungle8 ; breaker: 1,0 ] --> 0 0,0528003 0,0681982 0,01191294 0,06301999 0,05567789 0,1935453 0,1725857 
Absolute Error Mean: 0,07721755

[ p ;  jungle8 ; breaker: 1,0 ] --> 0,2 0,5 0,76 1,37 1,93 2,24 2,72 2,93 
[ s ;  jungle8 ; breaker: 1,0 ] --> 0,2 0,4572788 0,8141911 1,340715 1,896978 2,177093 2,457784 2,66292 
[ e ;  jungle8 ; breaker: 1,0 ] --> 0 0,04272115 0,05419111 0,02928483 0,03302145 0,06290698 0,2622161 0,2670805 
Absolute Error Mean: 0,09392777

[ p ;  jungle8 ; breaker: 1,0 ] --> 0,2 0,5 0,76 1,37 1,93 2,24 2,72 2,93 
[ s ;  jungle8 ; breaker: 1,0 ] --> 0,2 0,5049896 0,8555084 1,306316 1,854892 2,129966 2,380903 2,585618 
[ e ;  jungle8 ; breaker: 1,0 ] --> 0 0,004989564 0,09550846 0,06368399 0,07510805 0,1100342 0,3390975 0,3443818 
Absolute Error Mean: 0,1291004

[ p ;  jungle8 ; breaker: 1,0 ] --> 0,2 0,5 0,76 1,37 1,93 2,24 2,72 2,93 
[ s ;  jungle8 ; breaker: 1,0 ] --> 0,2 0,4774266 0,7535089 1,335287 1,885827 2,185301 2,460272 2,637611 
[ e ;  jungle8 ; breaker: 1,0 ] --> 0 0,02257341 0,006491125 0,03471291 0,04417324 0,05469918 0,2597277 0,2923892 
Absolute Error Mean: 0,08934584

[ p ;  jungle8 ; breaker: 1,0 ] --> 0,2 0,5 0,76 1,37 1,93 2,24 2,72 2,93 
[ s ;  jungle8 ; breaker: 1,0 ] --> 0,2 0,5775636 0,9024427 1,429863 1,988551 2,374158 2,633113 2,864121 
[ e ;  jungle8 ; breaker: 1,0 ] --> 0 0,07756358 0,1424427 0,05986321 0,05855143 0,1341577 0,08688736 0,06587887 
Absolute Error Mean: 0,0781681

[ p ;  jungle26 ; breaker: 1,0 ] --> 0,2 0,5 0,76 1,37 1,93 2,24 2,72 2,93 
[ s ;  jungle26 ; breaker: 1,0 ] --> 0,2 0,5061741 0,7351983 1,043121 1,552875 1,856986 2,13357 2,386591 2,716808 3,150791 3,47582 3,730161 4,009965 4,314327 4,644797 4,873516 5,307572 5,637653 5,918868 6,198593 6,476667 6,754488 7,006993 7,282611 7,543242 7,801216 8,030994 
[ e ;  jungle26 ; breaker: 1,0 ] --> 0 0,006174088 0,02480167 0,3268795 0,3771249 0,3830143 0,5864301 0,5434086 
Absolute Error Mean: 0,2809792

[ p ;  jungle26 ; breaker: 1,0 ] --> 0,2 0,5 0,76 1,37 1,93 2,24 2,72 2,93 3,2 3,51 3,78 4,08 4,57 4,9 5,19 5,3 5,92 6,1 6,37 6,76 7,09 7,24 7,7 7,8 8,24 8,5 
[ s ;  jungle26 ; breaker: 1,0 ] --> 0,2 0,4539756 0,7299224 1,061107 1,571089 1,802306 2,114038 2,405315 2,662342 2,969698 3,277828 3,584614 3,841963 4,095468 4,402892 4,680941 4,957626 5,258313 5,533816 5,81249 6,037651 6,316158 6,592844 6,84702 7,124979 7,401355 7,652305 
[ e ;  jungle26 ; breaker: 1,0 ] --> 0 0,04602444 0,03007764 0,3088932 0,3589109 0,4376942 0,605962 0,5246854 0,537658 0,5403016 0,5021718 0,4953856 0,7280374 0,8045325 0,7871079 0,6190596 0,9623742 0,8416872 0,8361835 0,9475098 1,05235 0,923842 1,107155 0,9529805 1,115021 1,098645 
Absolute Error Mean: 0,6601633

[ p ;  jungle26 ; breaker: 1,0 ] --> 0,2 0,5 0,76 1,37 1,93 2,24 2,72 2,93 3,2 3,51 3,78 4,08 4,57 4,9 5,19 5,3 5,92 6,1 6,37 6,76 7,09 7,24 7,7 7,8 8,24 8,5 
[ s ;  jungle26 ; breaker: 1,0 ] --> 0,2 0,4813892 0,7613584 1,248485 1,681734 2,007333 2,31014 2,589142 2,891591 3,243654 3,548105 3,853772 4,160668 4,440775 4,720745 5,049465 5,305033 5,607008 5,862206 6,11833 6,399085 6,704202 7,008355 7,264489 7,524859 7,782259 8,014395 
[ e ;  jungle26 ; breaker: 1,0 ] --> 0 0,01861078 0,00135839 0,1215154 0,2482655 0,2326672 0,4098601 0,3408582 0,308409 0,2663457 0,2318954 0,2262282 0,4093318 0,4592252 0,4692554 0,250535 0,6149673 0,4929919 0,5077939 0,6416698 0,6909156 0,5357981 0,6916447 0,5355115 0,7151408 0,7177405 
Absolute Error Mean: 0,3899437

[ p ;  jungle26 ; breaker: 1,0 ] --> 0,2 0,5 0,76 1,37 1,93 2,24 2,72 2,93 3,2 3,51 3,78 4,08 4,57 4,9 5,19 5,3 5,92 6,1 6,37 6,76 7,09 7,24 7,7 7,8 8,24 8,5 
[ s ;  jungle26 ; breaker: 1,0 ] --> 0,2 0,5103604 0,8413951 1,098195 1,40162 1,707461 2,011502 2,23745 2,493486 2,798946 3,077008 3,377497 3,634055 3,914126 4,218007 4,496351 4,753263 5,008285 5,287147 5,54046 5,846187 6,127013 6,407641 6,688581 6,96689 7,248052 7,503268 
[ e ;  jungle26 ; breaker: 1,0 ] --> 0 0,01036042 0,08139515 0,2718046 0,5283803 0,5325387 0,7084982 0,6925499 0,7065136 0,7110543 0,7029915 0,7025032 0,9359455 0,9858737 0,9719934 0,8036489 1,166737 1,091715 1,082853 1,219541 1,243814 1,112987 1,292359 1,111419 1,273109 1,251948 
Absolute Error Mean: 0,8150973

[ p ;  jungle26 ; breaker: 1,0 ] --> 0,2 0,5 0,76 1,37 1,93 2,24 2,72 2,93 3,2 3,51 3,78 4,08 4,57 4,9 5,19 5,3 5,92 6,1 6,37 6,76 7,09 7,24 7,7 7,8 8,24 8,5 
[ s ;  jungle26 ; breaker: 1,0 ] --> 0,2 0,4343427 0,7399311 1,090803 1,574711 1,879623 2,211736 2,490019 2,770258 3,0513 3,332348 3,662658 3,917288 4,147601 4,405905 4,63623 4,892729 5,124002 5,406043 5,664676 5,915074 6,194268 6,448771 6,732376 6,991251 7,250701 7,481085 
[ e ;  jungle26 ; breaker: 1,0 ] --> 0 0,06565732 0,02006888 0,2791973 0,3552892 0,3603771 0,5082636 0,4399807 0,4297416 0,4587004 0,4476516 0,4173419 0,6527119 0,752399 0,7840948 0,6637697 1,027271 0,9759974 0,9639568 1,095324 1,174926 1,045732 1,251229 1,067625 1,248749 1,249299 
Absolute Error Mean: 0,6821289

[ p ;  jungle26 ; breaker: 1,0 ] --> 0,2 0,5 0,76 1,37 1,93 2,24 2,72 2,93 3,2 3,51 3,78 4,08 4,57 4,9 5,19 5,3 5,92 6,1 6,37 6,76 7,09 7,24 7,7 7,8 8,24 8,5 
[ s ;  jungle26 ; breaker: 1,0 ] --> 0,2 0,5028841 0,7853776 1,0614 1,365313 1,692707 1,974704 2,229706 2,56459 2,867718 3,19999 3,480126 3,738955 3,993891 4,273803 4,503028 4,78294 5,036963 5,342867 5,649534 5,903723 6,183615 6,464037 6,718687 6,977542 7,233076 7,491766 
[ e ;  jungle26 ; breaker: 1,0 ] --> 0 0,00288415 0,02537763 0,3085998 0,5646871 0,5472933 0,745296 0,700294 0,6354105 0,6422815 0,5800097 0,5998735 0,8310454 0,9061086 0,9161973 0,7969718 1,13706 1,063037 1,027133 1,110466 1,186277 1,056385 1,235962 1,081313 1,262458 1,266924 
Absolute Error Mean: 0,7780517

[ p ;  jungle26 ; breaker: 1,0 ] --> 0,2 0,5 0,76 1,37 1,93 2,24 2,72 2,93 3,2 3,51 3,78 4,08 4,57 4,9 5,19 5,3 5,92 6,1 6,37 6,76 7,09 7,24 7,7 7,8 8,24 8,5 
[ s ;  jungle26 ; breaker: 1,0 ] --> 0,2 0,479437 0,7835353 1,063799 1,367718 1,67206 1,925656 2,181363 2,436742 2,716901 2,996654 3,276998 3,555883 3,811006 4,042074 4,321285 4,550407 4,807292 5,064925 5,346573 5,575712 5,853251 6,108859 6,366396 6,619463 6,84892 7,100996 
[ e ;  jungle26 ; breaker: 1,0 ] --> 0 0,02056304 0,02353531 0,3062012 0,5622821 0,5679401 0,7943436 0,7486372 0,763258 0,7930987 0,7833462 0,8030016 1,014117 1,088994 1,147926 0,9787154 1,369593 1,292708 1,305075 1,413427 1,514288 1,386749 1,591141 1,433604 1,620536 1,65108 
Absolute Error Mean: 0,9605447

[ p ;  jungle26 ; breaker: 1,0 ] --> 0,2 0,5 0,76 1,37 1,93 2,24 2,72 2,93 3,2 3,51 3,78 4,08 4,57 4,9 5,19 5,3 5,92 6,1 6,37 6,76 7,09 7,24 7,7 7,8 8,24 8,5 
[ s ;  jungle26 ; breaker: 1,0 ] --> 0,2 0,4541911 0,7336472 0,9887902 1,293958 1,551323 1,779553 2,034925 2,341841 2,718943 3,022706 3,272508 3,548877 3,826816 4,055046 4,304993 4,506769 4,73455 4,967185 5,219696 5,469949 5,721848 5,973454 6,273431 6,528005 6,779464 7,006152 
[ e ;  jungle26 ; breaker: 1,0 ] --> 0 0,04580891 0,02635276 0,3812099 0,6360415 0,6886772 0,9404473 0,8950751 0,8581595 0,7910566 0,7572939 0,807492 1,021123 1,073184 1,134954 0,9950075 1,413231 1,36545 1,402815 1,540304 1,620051 1,518152 1,726546 1,526569 1,711995 1,720536 
Absolute Error Mean: 1,022982

[ p ;  jungle26 ; breaker: 1,0 ] --> 0,2 0,5 0,76 1,37 1,93 2,24 2,72 2,93 3,2 3,51 3,78 4,08 4,57 4,9 5,19 5,3 5,92 6,1 6,37 6,76 7,09 7,24 7,7 7,8 8,24 8,5 
[ s ;  jungle26 ; breaker: 1,0 ] --> 0,2 2,409862 2,717467 3,021716 3,526753 3,825467 4,154526 4,406371 4,659203 4,937908 5,244773 5,526806 5,808137 6,089195 6,373039 6,627914 6,932973 7,190864 7,47311 7,779098 8,059392 8,318857 8,570704 8,828312 9,083173 9,36629 9,546892 
[ e ;  jungle26 ; breaker: 1,0 ] --> 0 1,909862 1,957467 1,651716 1,596753 1,585467 1,434526 1,476371 1,459203 1,427908 1,464773 1,446806 1,238137 1,189195 1,183039 1,327914 1,012973 1,090864 1,10311 1,019097 0,9693918 1,078857 0,8707037 1,028312 0,843173 0,8662901 
Absolute Error Mean: 1,239689

[ p ;  jungle26 ; breaker: 1,0 ] --> 0,2 0,5 0,76 1,37 1,93 2,24 2,72 2,93 3,2 3,51 3,78 4,08 4,57 4,9 5,19 5,3 5,92 6,1 6,37 6,76 7,09 7,24 7,7 7,8 8,24 8,5 
[ s ;  jungle26 ; breaker: 1,0 ] --> 0,2 0,5522941 0,8533866 1,129955 1,454972 1,911114 2,187435 2,462322 2,791464 3,068058 3,369707 3,619822 3,898005 4,175684 4,457119 4,738052 4,995436 5,301109 5,583291 5,862684 6,168238 6,451472 6,729835 7,009628 7,286353 7,586609 7,843275 
[ e ;  jungle26 ; breaker: 1,0 ] --> 0 0,05229408 0,09338659 0,2400447 0,4750276 0,328886 0,5325651 0,4676776 0,4085362 0,4419415 0,4102933 0,4601784 0,6719947 0,7243161 0,7328815 0,5619483 0,9245644 0,7988911 0,7867093 0,897316 0,9217625 0,7885275 0,9701648 0,7903724 0,9536471 0,9133911 
Absolute Error Mean: 0,5902815

[ p ;  jungle4 ; breaker: 1,0 ] --> 0,2 0,5 0,76 1,37 1,93 2,24 2,72 2,93 3,2 3,51 3,78 4,08 4,57 4,9 5,19 5,3 5,92 6,1 6,37 6,76 7,09 7,24 7,7 7,8 8,24 8,5 
