b;0;0,07075623;0,1523183;0,2805851;
b;0;0,01590064;0,02202773;0,03405654;
s;0;0,01917717;0,01484168;0,07186556;
s;0;0,02258968;0,02904212;0,08603084;
b;0;0,005407214;0,003289104;0,2618601;
b;0;0,01879615;0,05542767;0,385541;1,29192;1,266612;1,633297;1,677974;
b;0;0,01923636;1,364946E-05;0,3086245;1,412735;1,359095;1,750697;1,896514;
b;0;0,04368466;0,002210081;0,1392111;1,472799;1,421322;1,477054;1,576715;
b;0;0,04424295;0,003099322;0,3085806;0,9910327;0,9404118;1,302669;1,347641;
b;0;0,01706997;0,02383083;0,007261276;0,2682379;0,2983496;0,6556518;0,7547965;
b;0;0,04661649;0,02614886;0,001984477;0,3539919;0,3792512;0,567018;0,6387808;
b;0;0,02210909;0,3052593;0,3258882;0,7583157;0,9039869;1,526842;1,571762;
b;0;0,01685417;0,3151207;0,3667414;0,444182;0,4107273;0,4384165;0,5052657;
b;0;0,0190976;0,1838399;0,08183801;0,3669747;0,3650908;0,5432858;0,6700459;
s;0;0,01947081;0,0236519;0,08210766;0,1550101;0,1602201;0,3842409;0,1384971;
s;0;0,0215345;0,1004817;0,005201101;0,05594814;0,111172;0,3118916;0,1162345;0,07413149;0,01864409;0,007132769;0,03946304;0,1961231;0,248064;0,2857575;0,1146631;
s;0;0,06969872;0,07360971;0,1476182;0,1058286;0,2106686;0,382997;0,07270455;0,2888527;0,211046;0,169369;0,1762486;0,08278608;0,1576886;0,1928015;0,02478933;
s;0;0,0932844;0,182054;0,1170902;0,2140083;0,2689283;0,3388662;0,1112254;2,058615;1,976321;1,958211;1,988805;1,75218;1,67684;1,64282;1,789291;
s;0;0,09572333;0,1002906;0,4546526;0,2774894;0,2820473;0,4811788;0,2354875;0,2067323;0,2029583;0,1660776;0,1441755;0,06748915;0,113009;0,1706505;0,05230474;
s;0;1,48231;1,480206;1,122812;1,300269;1,295176;1,067999;1,137911;1,480827;1,399296;1,410444;1,390775;1,202145;1,101014;1,088042;1,231043;
s;0;0,02127758;0,0002064109;0,00748837;0,1076752;0,02807212;0,1941054;0,04869318;0,2710454;0,1920304;0,2049868;0,1842861;0,02261829;0,09729385;0,1298666;0,2470379;
s;0;0,04419008;0,02178842;0,1017942;0,05547774;0,1630285;0,3619683;0,1621289;0,05289936;0,02433801;0,03677106;0,01537561;0,2159624;0,2903442;0,3257651;0,0002789497;
s;0;0,04506689;0,01572847;0,3247799;0,0937978;0,1030087;0,3276169;0,2835584;0,09582663;0,1741984;0,1883869;0,2036977;0,4662457;0,54006;0,5751977;0,1249995;
s;0;0,07462054;0,09067589;0,1460608;0,02420545;0,01663947;0,06365967;0,2914274;0,6088698;0,5560443;0,5417683;0,5239182;0,3662715;0,5221276;0,6163907;0,7119217;
b;0;0,0165779;0,02051276;0,08519876;0,05272806;0,1301885;0,3585656;0,4291244;0,4166157;0,3652532;0,351475;0,5122733;0,5320578;0,7670531;0,6328702;0,9616828;
b;0;0,01960802;0,02005678;0,08723235;0,07486236;0,07348251;0,5411782;0,5632951;0,5521543;0,4720466;1,048874;1,312988;1,051692;0,9567666;0,8960261;1,556053;
b;0;0,07046509;0,02463293;0,01352501;0,04154122;0,01151299;0,1723077;0,2214997;0,1826775;0,1566248;0,7426226;0,6510758;0,3395529;0,2654319;0,3608856;0,665308;
b;0;0,04447311;0,00432843;0,5937289;0,750347;0,74913;0,9849865;1,054996;1,011964;1,033575;1,171202;1,204399;1,276801;1,63562;1,523966;1,849186;
b;0;0,1614842;0,2085689;0,1101394;0,1653873;0,1639559;1,063101;1,059481;0,9697115;0,8637216;0,7992699;0,7056561;0,4238272;0,2977147;0,2347455;0,3786278;
b;0;0,07151332;0,02468574;0,1559433;0,02792418;0,05566978;0,3088372;0,3552125;0,3671103;0,3142283;0,2984679;0,4588342;0,3058186;0,2057018;0,1746507;0,4497261;
b;0;0,04411882;0,0219624;0,09077406;0,04107451;0,120405;0,2269497;0,2221842;0,1877143;0,1079884;0,06906295;0,0009002686;0,05089378;0,3411078;0,2865443;0,5622587;
b;0;0,0945183;0,07404178;0,2269735;0,1997749;0,08389592;0,7777972;0,8238003;0,8898532;0,8590581;0,8723204;0,8525109;0,8259778;1,179465;1,145835;1,267675;
b;0;0,09377521;0,006925583;0,2620296;0,3310272;0,25649;0,8171985;0,8933368;0,8569658;0,8409517;0,833421;0,848588;1,261037;1,192898;1,136856;1,30791;
b;0;0,07150549;0,02812415;0,1960322;0,4131633;0,3841462;0,94873;0,9972613;0,9609334;0,8830459;0,8700616;0,8260946;0,5671864;1,080176;1,050519;1,32543;
b;0;0,06850907;0,07147223;0,1124673;0,5040754;0,4027843;0,692858;0,7407708;0,7067564;0,7026803;0,667928;0,57195;0,7511797;0,6242514;2,85613;3,389994;
b;0;0,006454647;0,004245937;0,2427256;0,2982086;0,4277616;0,7450919;0,815161;0,8283503;0,8280871;1,045641;1,770355;1,514265;1,44221;1,976334;2,125792;1,685078;1,686277;1,543097;1,309809;1,133217;1,138694;1,240488;1,473391;1,264726;1,440695;
b;0;0,008613467;0,05674082;0,1363978;0,2142552;0,3143625;0,4770372;0,521122;0,4821796;0,4793808;0,8773615;0,838336;0,6054978;0,9916868;0,9831553;1,054169;0,6123796;1,196016;1,156728;0,9508996;0,7983766;0,7774611;0,4712772;0,4991646;0,2375269;0,286643;
b;0;0,04412019;0,03293604;0,21832;0,03897214;1,020832;1,894232;1,991062;1,975262;1,944314;1,932637;2,066514;1,91092;2,404922;2,375971;2,524523;3,581763;3,581479;3,490545;4,301454;4,17536;4,177053;4,540281;4,646064;4,38333;4,719825;
b;0;0,186294;0,235588;0,4703965;0,8319124;0,727711;1,142225;1,113488;0,997237;0,8401663;0,6997015;2,245479;2,031922;2,130733;3,545049;3,636395;3,267818;4,227052;4,589664;4,376679;4,223311;4,612194;4,663867;4,769472;4,50712;4,758251;
b;0;0,0920918;0,06983483;0,8463937;0,5929731;1,740708;3,023185;2,991786;2,880049;2,726954;2,867062;4,239644;3,978914;3,880271;4,236232;4,944391;4,528889;4,501553;4,796769;5,045876;4,919491;4,948511;4,945903;5,305614;5,073124;4,96624;
b;0;0,1077712;0,08071697;0,06330609;0,1933726;0,1643779;1,19724;1,221234;1,255387;1,772399;1,75968;2,849164;2,612866;2,537868;3,145883;3,294074;2,905314;2,95598;3,352072;3,191682;3,602839;4,094174;3,889785;4,327416;4,376034;4,322474;
b;0;0,2121723;0,1823125;0,1592238;0,2578615;0,2050548;0,8294818;0,9266043;0,8626044;0,8616745;0,9492013;1,207047;0,9492965;0,8255777;1,924408;2,04624;1,684102;2,506752;2,957812;2,773189;2,932299;3,50941;3,258148;3,64666;3,718796;3,66583;
b;0;0,06913057;0,101169;0,2488115;0,01379299;0,01607537;0,06559682;2,187665;2,148229;2,070722;2,061112;2,143516;1,908428;2,141564;2,056623;3,828195;3,435921;3,743165;4,18405;4,049381;4,207541;4,624029;4,395884;4,88778;5,017118;4,964488;
b;0;0,0194993;0,02063912;0,09122574;0,170746;0,09310699;0,7924929;0,8156245;0,7532318;0,623935;0,6400511;1,576543;1,290503;1,19028;2,66461;2,734386;3,456531;3,583133;4,432095;4,244975;4,473488;4,628869;4,892975;5,000228;5,001178;5,275905;
s;0;0,04368719;0,02281988;0,006391168;0,04376626;0,1246397;0,2993326;0,2042346;
s;0;0,04627177;0,02852249;0,04673433;0,04793537;0,10234;0,2772753;0,07916045;
s;0;0,02426693;0,03322172;0,3659954;0,1824969;0,1868372;0,3844192;0,1664379;
s;0;0,02149618;0,0305416;0,07936227;0,125643;0,1283593;0,3520362;0,205965;
s;0;0,07292253;0,02580255;0,05025506;0,07507491;0,1758859;0,4524684;0,3824453;
s;0;0,0220454;0,002828717;0,03201318;0,183;0,1016364;0,0736506;0,07661414;
s;0;0,02262777;0,0009925961;0,005055904;0,05747032;0,02753282;0,1731536;0,07546639;
s;0;2,909358;2,904112;2,575042;2,654784;2,600168;2,371733;2,417347;
s;0;0,04344496;0,02260381;0,04286027;0,1061801;0,04608417;0,1786447;0,0890317;
s;0;0,01833054;0,002627373;0,01917243;0,04297781;0,07440853;0,3011775;0,257;
s;0;0,02420089;0,007903814;0,01356971;0,01418936;0,01612544;0,2107053;0,1382036;
s;0;0,04368833;0,02313989;0,176842;0,1549064;0,1362715;0,3612845;0,3169801;0,05523157;0,07018018;0,08732796;0,1697893;0,1639061;0,064538;0,05487061;0,332325;0,2718673;0,3730521;0,356173;0,2736754;0,1979303;0,4553018;0,3283405;0,4629622;0,2806759;0,2771025;
s;0;0,02187306;0,02485478;0,2038517;0,2542356;0,3113433;0,5347028;0,5154777;0,3249636;0,3310418;0,3162053;0,3082461;0,4898696;0,5656495;0,5993338;0,4012866;0,509346;0,3069053;0,2475014;0,3973756;0,4941635;0,3372326;0,5452232;0,4048495;0,6140423;0,6448822;
s;0;0,02262351;0,02354789;0,1722225;0,2959191;0,2739305;0,5259433;0,4820704;0,2913849;0,2175677;0,2578828;0,277828;0,4859357;0,560513;0,4466085;0,2277145;0,3383694;0,2137003;0,2042055;0,3628969;0,4380908;0,3345318;0,5154114;0,3340206;0,5186768;0,5464511;
s;0;0,01928267;0,05103433;0,07620394;0,1762452;0,1305656;0,3553369;0,2860422;0,06036592;0,02920961;0,06587768;0,0438509;0,1450558;0,06560421;0,02258444;0,2752442;0,1421723;0,2169719;0,2056637;0,04569244;0,03044891;0,2801399;0,1795645;0,3087187;0,1525373;0,1457882;
s;0;0,0214729;0,02251661;0,08924448;0,1158762;0,1952736;0,3936155;0,222023;0,1351039;0,1141934;0,1552057;0,1987021;0,3838434;0,4809723;0,362916;0,1407208;0,2491345;0,225296;0,1926975;0,3275938;0,4016781;0,2989378;0,5034022;0,3481336;0,5327997;0,4650517;
s;0;0,08248931;0,2304851;0,1638365;0,03682673;0,2378647;0,0460403;0,1278505;0,2229528;0,5288613;0,5158827;0,4699736;0,2364836;0,2160878;0,1557713;0,304666;0,007522583;0,3207397;0,3302813;0,1745853;0,1029534;0,2350712;0,03095484;0,2396231;0,08249474;0,103404;
s;0;0,04420072;0,02249599;0,3783013;0,1976137;0,1489682;0,3741753;0,3541751;0,08422446;0,1380219;0,1729848;0,1916263;0,3539147;0,3512392;0,1813459;0,2174277;0,02250195;0,1505871;0,1371417;0,004889965;0,06698179;0,03945494;0,1411643;0,06364679;0,01848984;0,09792614;
s;0;0,02859712;0,01866645;0,09230793;0,02914965;0,001248121;0,1982024;0,02392125;0,2471075;0,1916854;0,1519921;0,1120558;0,1028342;0,1042824;0,0156846;0,3826566;0,1441188;0,2664919;0,3024764;0,2170134;0,164391;0,268714;0,06280231;0,2446775;0,1101322;0,1541567;
s;0;0,07131478;0,05166388;0,05494893;0,336358;0,388939;0,5880094;0,4666145;0,1805437;0,2894855;0,3348637;0,3819366;0,6453319;0,6721058;0,759048;0,4915328;0,5320106;0,4809861;0,4449296;0,5281453;0,5048223;0,3217192;0,4248414;0,269033;0,4514284;0,4558315;
