
NEW RESULT

[ p ;  jungle4 ; breaker: 1,0 ] --> 0,2 0,5 0,76 1,37 
[ b ;  jungle4 ; breaker: 1,0 ] --> 0,2 0,4292438 0,9123183 1,089415 1,242389 
[ e ;  jungle4 ; breaker: 1,0 ] --> 0 0,07075623 0,1523183 0,2805851 
Absolute Error Mean: 0,1259149

[ p ;  jungle4 ; breaker: 1,0 ] --> 0,2 0,5 0,76 1,37 
[ b ;  jungle4 ; breaker: 1,0 ] --> 0,2 0,4840994 0,7379723 1,404057 
[ e ;  jungle4 ; breaker: 1,0 ] --> 0 0,01590064 0,02202773 0,03405654 
Absolute Error Mean: 0,01799623

[ p ;  jungle4 ; breaker: 1,0 ] --> 0,2 0,5 0,76 1,37 
[ s ;  jungle4 ; breaker: 1,0 ] --> 0,2 0,4808228 0,7451583 1,298134 
[ e ;  jungle4 ; breaker: 1,0 ] --> 0 0,01917717 0,01484168 0,07186556 
Absolute Error Mean: 0,0264711

[ p ;  jungle4 ; breaker: 1,0 ] --> 0,2 0,5 0,76 1,37 
[ s ;  jungle4 ; breaker: 1,0 ] --> 0,2 0,4774103 0,7309579 1,283969 
[ e ;  jungle4 ; breaker: 1,0 ] --> 0 0,02258968 0,02904212 0,08603084 
Absolute Error Mean: 0,03441566

[ p ;  jungle8 ; breaker: 1,0 ] --> 0,2 0,5 0,76 1,37 
[ b ;  jungle8 ; breaker: 1,0 ] --> 0,2 0,5054072 0,7632891 1,63186 2,506577 2,79199 3,024182 3,618353 
[ e ;  jungle8 ; breaker: 1,0 ] --> 0 0,005407214 0,003289104 0,2618601 
Absolute Error Mean: 0,06763911

[ p ;  jungle8 ; breaker: 1,0 ] --> 0,2 0,5 0,76 1,37 1,93 2,24 2,72 2,93 
[ b ;  jungle8 ; breaker: 1,0 ] --> 0,2 0,4812039 0,8154277 1,755541 3,22192 3,506612 4,353297 4,607974 
[ e ;  jungle8 ; breaker: 1,0 ] --> 0 0,01879615 0,05542767 0,385541 1,29192 1,266612 1,633297 1,677974 
Absolute Error Mean: 0,7911959

[ p ;  jungle8 ; breaker: 1,0 ] --> 0,2 0,5 0,76 1,37 1,93 2,24 2,72 2,93 
[ b ;  jungle8 ; breaker: 1,0 ] --> 0,2 0,4807636 0,7599863 1,678625 3,342735 3,599095 4,470697 4,826514 
[ e ;  jungle8 ; breaker: 1,0 ] --> 0 0,01923636 1,364946E-05 0,3086245 1,412735 1,359095 1,750697 1,896514 
Absolute Error Mean: 0,8433645

[ p ;  jungle8 ; breaker: 1,0 ] --> 0,2 0,5 0,76 1,37 1,93 2,24 2,72 2,93 
[ b ;  jungle8 ; breaker: 1,0 ] --> 0,2 0,4563153 0,7622101 1,509211 3,402799 3,661322 4,197054 4,506715 
[ e ;  jungle8 ; breaker: 1,0 ] --> 0 0,04368466 0,002210081 0,1392111 1,472799 1,421322 1,477054 1,576715 
Absolute Error Mean: 0,7666245

[ p ;  jungle8 ; breaker: 1,0 ] --> 0,2 0,5 0,76 1,37 1,93 2,24 2,72 2,93 
[ b ;  jungle8 ; breaker: 1,0 ] --> 0,2 0,4557571 0,7630993 1,678581 2,921033 3,180412 4,022669 4,277641 
[ e ;  jungle8 ; breaker: 1,0 ] --> 0 0,04424295 0,003099322 0,3085806 0,9910327 0,9404118 1,302669 1,347641 
Absolute Error Mean: 0,6172096

[ p ;  jungle8 ; breaker: 1,0 ] --> 0,2 0,5 0,76 1,37 1,93 2,24 2,72 2,93 
[ b ;  jungle8 ; breaker: 1,0 ] --> 0,2 0,48293 0,7361692 1,377261 2,198238 2,53835 3,375652 3,684797 
[ e ;  jungle8 ; breaker: 1,0 ] --> 0 0,01706997 0,02383083 0,007261276 0,2682379 0,2983496 0,6556518 0,7547965 
Absolute Error Mean: 0,2531497

[ p ;  jungle8 ; breaker: 1,0 ] --> 0,2 0,5 0,76 1,37 1,93 2,24 2,72 2,93 
[ b ;  jungle8 ; breaker: 1,0 ] --> 0,2 0,4533835 0,7338511 1,368016 2,283992 2,619251 3,287018 3,568781 
[ e ;  jungle8 ; breaker: 1,0 ] --> 0 0,04661649 0,02614886 0,001984477 0,3539919 0,3792512 0,567018 0,6387808 
Absolute Error Mean: 0,251724

[ p ;  jungle8 ; breaker: 1,0 ] --> 0,2 0,5 0,76 1,37 1,93 2,24 2,72 2,93 
[ b ;  jungle8 ; breaker: 1,0 ] --> 0,2 0,4778909 1,065259 1,695888 2,688316 3,143987 4,246842 4,501762 
[ e ;  jungle8 ; breaker: 1,0 ] --> 0 0,02210909 0,3052593 0,3258882 0,7583157 0,9039869 1,526842 1,571762 
Absolute Error Mean: 0,6767704

[ p ;  jungle8 ; breaker: 1,0 ] --> 0,2 0,5 0,76 1,37 1,93 2,24 2,72 2,93 
[ b ;  jungle8 ; breaker: 1,0 ] --> 0,2 0,4831458 1,075121 1,736741 2,374182 2,650727 3,158417 3,435266 
[ e ;  jungle8 ; breaker: 1,0 ] --> 0 0,01685417 0,3151207 0,3667414 0,444182 0,4107273 0,4384165 0,5052657 
Absolute Error Mean: 0,3121635

[ p ;  jungle8 ; breaker: 1,0 ] --> 0,2 0,5 0,76 1,37 1,93 2,24 2,72 2,93 
[ b ;  jungle8 ; breaker: 1,0 ] --> 0,2 0,4809024 0,9438398 1,451838 2,296975 2,605091 3,263286 3,600046 
[ e ;  jungle8 ; breaker: 1,0 ] --> 0 0,0190976 0,1838399 0,08183801 0,3669747 0,3650908 0,5432858 0,6700459 
Absolute Error Mean: 0,2787716

[ p ;  jungle16 ; breaker: 1,0 ] --> 0,2 0,5 0,76 1,37 1,93 2,24 2,72 2,93 
[ s ;  jungle16 ; breaker: 1,0 ] --> 0,2 0,4805292 0,7836519 1,287892 1,77499 2,07978 2,335759 2,791503 3,3804 3,633619 3,861538 4,221853 4,475272 4,933779 5,112586 5,366668 
[ e ;  jungle16 ; breaker: 1,0 ] --> 0 0,01947081 0,0236519 0,08210766 0,1550101 0,1602201 0,3842409 0,1384971 
Absolute Error Mean: 0,1203998

[ p ;  jungle16 ; breaker: 1,0 ] --> 0,2 0,5 0,76 1,37 1,93 2,24 2,72 2,93 3,2 3,51 3,78 4,08 4,57 4,9 5,19 5,3 
[ s ;  jungle16 ; breaker: 1,0 ] --> 0,2 0,4784655 0,8604817 1,364799 1,874052 2,128828 2,408108 2,813766 3,274132 3,528644 3,787133 4,119463 4,373877 4,651936 4,904243 5,185337 
[ e ;  jungle16 ; breaker: 1,0 ] --> 0 0,0215345 0,1004817 0,005201101 0,05594814 0,111172 0,3118916 0,1162345 0,07413149 0,01864409 0,007132769 0,03946304 0,1961231 0,248064 0,2857575 0,1146631 
Absolute Error Mean: 0,1066527

[ p ;  jungle16 ; breaker: 1,0 ] --> 0,2 0,5 0,76 1,37 1,93 2,24 2,72 2,93 3,2 3,51 3,78 4,08 4,57 4,9 5,19 5,3 
[ s ;  jungle16 ; breaker: 1,0 ] --> 0,2 0,4303013 0,6863903 1,222382 1,824171 2,029331 2,337003 3,002705 3,488853 3,721046 3,949369 4,256248 4,487214 4,742311 4,997199 5,32479 5,505331 
[ e ;  jungle16 ; breaker: 1,0 ] --> 0 0,06969872 0,07360971 0,1476182 0,1058286 0,2106686 0,382997 0,07270455 0,2888527 0,211046 0,169369 0,1762486 0,08278608 0,1576886 0,1928015 0,02478933 
Absolute Error Mean: 0,1479192

[ p ;  jungle16 ; breaker: 1,0 ] --> 0,2 0,5 0,76 1,37 1,93 2,24 2,72 2,93 3,2 3,51 3,78 4,08 4,57 4,9 5,19 5,3 
[ s ;  jungle16 ; breaker: 1,0 ] --> 0,2 0,4067156 0,942054 1,48709 1,715992 1,971072 2,381134 3,041225 5,258615 5,486321 5,738211 6,068805 6,32218 6,57684 6,83282 7,089291 
[ e ;  jungle16 ; breaker: 1,0 ] --> 0 0,0932844 0,182054 0,1170902 0,2140083 0,2689283 0,3388662 0,1112254 2,058615 1,976321 1,958211 1,988805 1,75218 1,67684 1,64282 1,789291 
Absolute Error Mean: 1,010534

[ p ;  jungle16 ; breaker: 1,0 ] --> 0,2 0,5 0,76 1,37 1,93 2,24 2,72 2,93 3,2 3,51 3,78 4,08 4,57 4,9 5,19 5,3 
[ s ;  jungle16 ; breaker: 1,0 ] --> 0,2 0,4042767 0,6597094 0,9153474 1,652511 1,957953 2,238821 2,694513 3,406732 3,712958 3,946078 4,224175 4,502511 4,786991 5,01935 5,352305 
[ e ;  jungle16 ; breaker: 1,0 ] --> 0 0,09572333 0,1002906 0,4546526 0,2774894 0,2820473 0,4811788 0,2354875 0,2067323 0,2029583 0,1660776 0,1441755 0,06748915 0,113009 0,1706505 0,05230474 
Absolute Error Mean: 0,1906417

[ p ;  jungle16 ; breaker: 1,0 ] --> 0,2 0,5 0,76 1,37 1,93 2,24 2,72 2,93 3,2 3,51 3,78 4,08 4,57 4,9 5,19 5,3 
[ s ;  jungle16 ; breaker: 1,0 ] --> 0,2 1,98231 2,240206 2,492812 3,230269 3,535176 3,787999 4,067911 4,680827 4,909296 5,190444 5,470775 5,772145 6,001014 6,278042 6,531043 6,784547 
[ e ;  jungle16 ; breaker: 1,0 ] --> 0 1,48231 1,480206 1,122812 1,300269 1,295176 1,067999 1,137911 1,480827 1,399296 1,410444 1,390775 1,202145 1,101014 1,088042 1,231043 
Absolute Error Mean: 1,199392

[ p ;  jungle16 ; breaker: 1,0 ] --> 0,2 0,5 0,76 1,37 1,93 2,24 2,72 2,93 3,2 3,51 3,78 4,08 4,57 4,9 5,19 5,3 
[ s ;  jungle16 ; breaker: 1,0 ] --> 0,2 0,4787224 0,7602064 1,377488 2,037675 2,268072 2,525895 2,881307 3,471045 3,70203 3,984987 4,264286 4,547382 4,802706 5,060133 5,547038 
[ e ;  jungle16 ; breaker: 1,0 ] --> 0 0,02127758 0,0002064109 0,00748837 0,1076752 0,02807212 0,1941054 0,04869318 0,2710454 0,1920304 0,2049868 0,1842861 0,02261829 0,09729385 0,1298666 0,2470379 
Absolute Error Mean: 0,1097927

[ p ;  jungle16 ; breaker: 1,0 ] --> 0,2 0,5 0,76 1,37 1,93 2,24 2,72 2,93 3,2 3,51 3,78 4,08 4,57 4,9 5,19 5,3 
[ s ;  jungle16 ; breaker: 1,0 ] --> 0,2 0,4558099 0,7382116 1,268206 1,874522 2,076972 2,358032 2,767871 3,252899 3,534338 3,816771 4,095376 4,354038 4,609656 4,864235 5,300279 
[ e ;  jungle16 ; breaker: 1,0 ] --> 0 0,04419008 0,02178842 0,1017942 0,05547774 0,1630285 0,3619683 0,1621289 0,05289936 0,02433801 0,03677106 0,01537561 0,2159624 0,2903442 0,3257651 0,0002789497 
Absolute Error Mean: 0,1170069

[ p ;  jungle16 ; breaker: 1,0 ] --> 0,2 0,5 0,76 1,37 1,93 2,24 2,72 2,93 3,2 3,51 3,78 4,08 4,57 4,9 5,19 5,3 
[ s ;  jungle16 ; breaker: 1,0 ] --> 0,2 0,4549331 0,7442715 1,04522 1,836202 2,136991 2,392383 2,646442 3,104173 3,335802 3,591613 3,876302 4,103755 4,35994 4,614802 5,175001 
[ e ;  jungle16 ; breaker: 1,0 ] --> 0 0,04506689 0,01572847 0,3247799 0,0937978 0,1030087 0,3276169 0,2835584 0,09582663 0,1741984 0,1883869 0,2036977 0,4662457 0,54006 0,5751977 0,1249995 
Absolute Error Mean: 0,2226356

[ p ;  jungle16 ; breaker: 1,0 ] --> 0,2 0,5 0,76 1,37 1,93 2,24 2,72 2,93 3,2 3,51 3,78 4,08 4,57 4,9 5,19 5,3 
[ s ;  jungle16 ; breaker: 1,0 ] --> 0,2 0,5746205 0,8506759 1,223939 1,954205 2,256639 2,78366 3,221427 3,80887 4,066044 4,321768 4,603918 4,936272 5,422128 5,806391 6,011922 
[ e ;  jungle16 ; breaker: 1,0 ] --> 0 0,07462054 0,09067589 0,1460608 0,02420545 0,01663947 0,06365967 0,2914274 0,6088698 0,5560443 0,5417683 0,5239182 0,3662715 0,5221276 0,6163907 0,7119217 
Absolute Error Mean: 0,3221626

[ p ;  jungle16 ; breaker: 1,0 ] --> 0,2 0,5 0,76 1,37 1,93 2,24 2,72 2,93 3,2 3,51 3,78 4,08 4,57 4,9 5,19 5,3 
[ b ;  jungle16 ; breaker: 1,0 ] --> 0,2 0,4834221 0,7394872 1,284801 1,877272 2,109812 2,361434 3,359124 3,616616 3,875253 4,131475 4,592273 5,102058 5,667053 5,82287 6,261683 
[ e ;  jungle16 ; breaker: 1,0 ] --> 0 0,0165779 0,02051276 0,08519876 0,05272806 0,1301885 0,3585656 0,4291244 0,4166157 0,3652532 0,351475 0,5122733 0,5320578 0,7670531 0,6328702 0,9616828 
Absolute Error Mean: 0,3520111

[ p ;  jungle16 ; breaker: 1,0 ] --> 0,2 0,5 0,76 1,37 1,93 2,24 2,72 2,93 3,2 3,51 3,78 4,08 4,57 4,9 5,19 5,3 
[ b ;  jungle16 ; breaker: 1,0 ] --> 0,2 0,480392 0,7399432 1,282768 2,004862 2,313483 3,261178 3,493295 3,752154 3,982047 4,828874 5,392988 5,621693 5,856767 6,086026 6,856053 
[ e ;  jungle16 ; breaker: 1,0 ] --> 0 0,01960802 0,02005678 0,08723235 0,07486236 0,07348251 0,5411782 0,5632951 0,5521543 0,4720466 1,048874 1,312988 1,051692 0,9567666 0,8960261 1,556053 
Absolute Error Mean: 0,5766447

[ p ;  jungle16 ; breaker: 1,0 ] --> 0,2 0,5 0,76 1,37 1,93 2,24 2,72 2,93 3,2 3,51 3,78 4,08 4,57 4,9 5,19 5,3 
[ b ;  jungle16 ; breaker: 1,0 ] --> 0,2 0,4295349 0,7353671 1,356475 1,971541 2,228487 2,892308 3,1515 3,382678 3,666625 4,522623 4,731076 4,909553 5,165432 5,550886 5,965308 
[ e ;  jungle16 ; breaker: 1,0 ] --> 0 0,07046509 0,02463293 0,01352501 0,04154122 0,01151299 0,1723077 0,2214997 0,1826775 0,1566248 0,7426226 0,6510758 0,3395529 0,2654319 0,3608856 0,665308 
Absolute Error Mean: 0,244979

[ p ;  jungle16 ; breaker: 1,0 ] --> 0,2 0,5 0,76 1,37 1,93 2,24 2,72 2,93 3,2 3,51 3,78 4,08 4,57 4,9 5,19 5,3 
[ b ;  jungle16 ; breaker: 1,0 ] --> 0,2 0,4555269 0,7643284 1,963729 2,680347 2,98913 3,704987 3,984996 4,211964 4,543575 4,951202 5,284399 5,846801 6,53562 6,713966 7,149187 
[ e ;  jungle16 ; breaker: 1,0 ] --> 0 0,04447311 0,00432843 0,5937289 0,750347 0,74913 0,9849865 1,054996 1,011964 1,033575 1,171202 1,204399 1,276801 1,63562 1,523966 1,849186 
Absolute Error Mean: 0,9305438

[ p ;  jungle16 ; breaker: 1,0 ] --> 0,2 0,5 0,76 1,37 1,93 2,24 2,72 2,93 3,2 3,51 3,78 4,08 4,57 4,9 5,19 5,3 
[ b ;  jungle16 ; breaker: 1,0 ] --> 0,2 0,6614842 0,9685689 1,480139 2,095387 2,403956 3,783101 3,989481 4,169712 4,373722 4,57927 4,785656 4,993827 5,197715 5,424746 5,678628 
[ e ;  jungle16 ; breaker: 1,0 ] --> 0 0,1614842 0,2085689 0,1101394 0,1653873 0,1639559 1,063101 1,059481 0,9697115 0,8637216 0,7992699 0,7056561 0,4238272 0,2977147 0,2347455 0,3786278 
Absolute Error Mean: 0,475337

[ p ;  jungle16 ; breaker: 1,0 ] --> 0,2 0,5 0,76 1,37 1,93 2,24 2,72 2,93 3,2 3,51 3,78 4,08 4,57 4,9 5,19 5,3 
[ b ;  jungle16 ; breaker: 1,0 ] --> 0,2 0,4284867 0,7353142 1,214057 1,902076 2,18433 3,028837 3,285213 3,56711 3,824228 4,078468 4,538834 4,875819 5,105702 5,364651 5,749726 
[ e ;  jungle16 ; breaker: 1,0 ] --> 0 0,07151332 0,02468574 0,1559433 0,02792418 0,05566978 0,3088372 0,3552125 0,3671103 0,3142283 0,2984679 0,4588342 0,3058186 0,2057018 0,1746507 0,4497261 
Absolute Error Mean: 0,2233952

[ p ;  jungle16 ; breaker: 1,0 ] --> 0,2 0,5 0,76 1,37 1,93 2,24 2,72 2,93 3,2 3,51 3,78 4,08 4,57 4,9 5,19 5,3 
[ b ;  jungle16 ; breaker: 1,0 ] --> 0,2 0,4558812 0,7380376 1,279226 1,888925 2,119595 2,94695 3,152184 3,387714 3,617988 3,849063 4,0809 4,519106 5,241108 5,476544 5,862259 
[ e ;  jungle16 ; breaker: 1,0 ] --> 0 0,04411882 0,0219624 0,09077406 0,04107451 0,120405 0,2269497 0,2221842 0,1877143 0,1079884 0,06906295 0,0009002686 0,05089378 0,3411078 0,2865443 0,5622587 
Absolute Error Mean: 0,1483712

[ p ;  jungle16 ; breaker: 1,0 ] --> 0,2 0,5 0,76 1,37 1,93 2,24 2,72 2,93 3,2 3,51 3,78 4,08 4,57 4,9 5,19 5,3 
[ b ;  jungle16 ; breaker: 1,0 ] --> 0,2 0,4054817 0,6859582 1,143026 1,730225 2,323896 3,497797 3,7538 4,089853 4,369058 4,65232 4,932511 5,395978 6,079465 6,335835 6,567675 
[ e ;  jungle16 ; breaker: 1,0 ] --> 0 0,0945183 0,07404178 0,2269735 0,1997749 0,08389592 0,7777972 0,8238003 0,8898532 0,8590581 0,8723204 0,8525109 0,8259778 1,179465 1,145835 1,267675 
Absolute Error Mean: 0,6358436

[ p ;  jungle16 ; breaker: 1,0 ] --> 0,2 0,5 0,76 1,37 1,93 2,24 2,72 2,93 3,2 3,51 3,78 4,08 4,57 4,9 5,19 5,3 
[ b ;  jungle16 ; breaker: 1,0 ] --> 0,2 0,4062248 0,7669256 1,10797 2,261027 2,49649 3,537199 3,823337 4,056966 4,350952 4,613421 4,928588 5,831037 6,092898 6,326856 6,60791 
[ e ;  jungle16 ; breaker: 1,0 ] --> 0 0,09377521 0,006925583 0,2620296 0,3310272 0,25649 0,8171985 0,8933368 0,8569658 0,8409517 0,833421 0,848588 1,261037 1,192898 1,136856 1,30791 
Absolute Error Mean: 0,6837131

[ p ;  jungle16 ; breaker: 1,0 ] --> 0,2 0,5 0,76 1,37 1,93 2,24 2,72 2,93 3,2 3,51 3,78 4,08 4,57 4,9 5,19 5,3 
[ b ;  jungle16 ; breaker: 1,0 ] --> 0,2 0,4284945 0,7881241 1,173968 2,343163 2,624146 3,66873 3,927261 4,160933 4,393046 4,650062 4,906095 5,137187 5,980176 6,240519 6,62543 
[ e ;  jungle16 ; breaker: 1,0 ] --> 0 0,07150549 0,02812415 0,1960322 0,4131633 0,3841462 0,94873 0,9972613 0,9609334 0,8830459 0,8700616 0,8260946 0,5671864 1,080176 1,050519 1,32543 
Absolute Error Mean: 0,6626506

[ p ;  jungle26 ; breaker: 1,0 ] --> 0,2 0,5 0,76 1,37 1,93 2,24 2,72 2,93 3,2 3,51 3,78 4,08 4,57 4,9 5,19 5,3 
[ b ;  jungle26 ; breaker: 1,0 ] --> 0,2 0,4314909 0,6885278 1,482467 2,434075 2,642784 3,412858 3,670771 3,906756 4,21268 4,447928 4,65195 5,32118 5,524251 8,04613 8,689994 8,89457 9,331991 9,562484 9,767179 10,05084 10,79132 11,06811 11,29761 11,55482 11,97028 
[ e ;  jungle26 ; breaker: 1,0 ] --> 0 0,06850907 0,07147223 0,1124673 0,5040754 0,4027843 0,692858 0,7407708 0,7067564 0,7026803 0,667928 0,57195 0,7511797 0,6242514 2,85613 3,389994 
Absolute Error Mean: 0,8039879

[ p ;  jungle26 ; breaker: 1,0 ] --> 0,2 0,5 0,76 1,37 1,93 2,24 2,72 2,93 3,2 3,51 3,78 4,08 4,57 4,9 5,19 5,3 5,92 6,1 6,37 6,76 7,09 7,24 7,7 7,8 8,24 8,5 
[ b ;  jungle26 ; breaker: 1,0 ] --> 0,2 0,5064546 0,7642459 1,612726 2,228209 2,667762 3,465092 3,745161 4,02835 4,338087 4,825641 5,850355 6,084265 6,34221 7,166334 7,425792 7,605078 7,786277 7,913097 8,069809 8,223217 8,378694 8,940488 9,273391 9,504725 9,940695 
[ e ;  jungle26 ; breaker: 1,0 ] --> 0 0,006454647 0,004245937 0,2427256 0,2982086 0,4277616 0,7450919 0,815161 0,8283503 0,8280871 1,045641 1,770355 1,514265 1,44221 1,976334 2,125792 1,685078 1,686277 1,543097 1,309809 1,133217 1,138694 1,240488 1,473391 1,264726 1,440695 
Absolute Error Mean: 1,076391

[ p ;  jungle26 ; breaker: 1,0 ] --> 0,2 0,5 0,76 1,37 1,93 2,24 2,72 2,93 3,2 3,51 3,78 4,08 4,57 4,9 5,19 5,3 5,92 6,1 6,37 6,76 7,09 7,24 7,7 7,8 8,24 8,5 
[ b ;  jungle26 ; breaker: 1,0 ] --> 0,2 0,5086135 0,8167408 1,506398 2,144255 2,554363 3,197037 3,451122 3,68218 3,989381 4,657362 4,918336 5,175498 5,891687 6,173155 6,354169 6,53238 7,296016 7,526728 7,7109 7,888377 8,017461 8,171277 8,299165 8,477527 8,786643 
[ e ;  jungle26 ; breaker: 1,0 ] --> 0 0,008613467 0,05674082 0,1363978 0,2142552 0,3143625 0,4770372 0,521122 0,4821796 0,4793808 0,8773615 0,838336 0,6054978 0,9916868 0,9831553 1,054169 0,6123796 1,196016 1,156728 0,9508996 0,7983766 0,7774611 0,4712772 0,4991646 0,2375269 0,286643 
Absolute Error Mean: 0,5779526

[ p ;  jungle26 ; breaker: 1,0 ] --> 0,2 0,5 0,76 1,37 1,93 2,24 2,72 2,93 3,2 3,51 3,78 4,08 4,57 4,9 5,19 5,3 5,92 6,1 6,37 6,76 7,09 7,24 7,7 7,8 8,24 8,5 
[ b ;  jungle26 ; breaker: 1,0 ] --> 0,2 0,4558798 0,792936 1,58832 1,891028 3,260832 4,614232 4,921062 5,175262 5,454314 5,712637 6,146513 6,48092 7,304922 7,565971 7,824523 9,501763 9,681479 9,860545 11,06145 11,26536 11,41705 12,24028 12,44606 12,62333 13,21982 
[ e ;  jungle26 ; breaker: 1,0 ] --> 0 0,04412019 0,03293604 0,21832 0,03897214 1,020832 1,894232 1,991062 1,975262 1,944314 1,932637 2,066514 1,91092 2,404922 2,375971 2,524523 3,581763 3,581479 3,490545 4,301454 4,17536 4,177053 4,540281 4,646064 4,38333 4,719825 
Absolute Error Mean: 2,460488

[ p ;  jungle26 ; breaker: 1,0 ] --> 0,2 0,5 0,76 1,37 1,93 2,24 2,72 2,93 3,2 3,51 3,78 4,08 4,57 4,9 5,19 5,3 5,92 6,1 6,37 6,76 7,09 7,24 7,7 7,8 8,24 8,5 
[ b ;  jungle26 ; breaker: 1,0 ] --> 0,2 0,686294 0,995588 1,840397 2,761912 2,967711 3,862225 4,043489 4,197237 4,350166 4,479702 6,325479 6,601923 7,030734 8,735049 8,936395 9,187819 10,32705 10,95966 11,13668 11,31331 11,85219 12,36387 12,56947 12,74712 13,25825 
[ e ;  jungle26 ; breaker: 1,0 ] --> 0 0,186294 0,235588 0,4703965 0,8319124 0,727711 1,142225 1,113488 0,997237 0,8401663 0,6997015 2,245479 2,031922 2,130733 3,545049 3,636395 3,267818 4,227052 4,589664 4,376679 4,223311 4,612194 4,663867 4,769472 4,50712 4,758251 
Absolute Error Mean: 2,493451

[ p ;  jungle26 ; breaker: 1,0 ] --> 0,2 0,5 0,76 1,37 1,93 2,24 2,72 2,93 3,2 3,51 3,78 4,08 4,57 4,9 5,19 5,3 5,92 6,1 6,37 6,76 7,09 7,24 7,7 7,8 8,24 8,5 
[ b ;  jungle26 ; breaker: 1,0 ] --> 0,2 0,4079082 0,6901652 2,216394 2,522973 3,980708 5,743186 5,921786 6,080049 6,236954 6,647062 8,319644 8,548914 8,780272 9,426232 10,24439 10,44889 10,60155 11,16677 11,80588 12,00949 12,18851 12,6459 13,10561 13,31312 13,46624 
[ e ;  jungle26 ; breaker: 1,0 ] --> 0 0,0920918 0,06983483 0,8463937 0,5929731 1,740708 3,023185 2,991786 2,880049 2,726954 2,867062 4,239644 3,978914 3,880271 4,236232 4,944391 4,528889 4,501553 4,796769 5,045876 4,919491 4,948511 4,945903 5,305614 5,073124 4,96624 
Absolute Error Mean: 3,390094

[ p ;  jungle26 ; breaker: 1,0 ] --> 0,2 0,5 0,76 1,37 1,93 2,24 2,72 2,93 3,2 3,51 3,78 4,08 4,57 4,9 5,19 5,3 5,92 6,1 6,37 6,76 7,09 7,24 7,7 7,8 8,24 8,5 
[ b ;  jungle26 ; breaker: 1,0 ] --> 0,2 0,6077712 0,840717 1,433306 2,123373 2,404378 3,91724 4,151234 4,455387 5,282399 5,53968 6,929163 7,182867 7,437868 8,335883 8,594074 8,825315 9,05598 9,722072 9,951682 10,69284 11,33417 11,58978 12,12742 12,61603 12,82247 
[ e ;  jungle26 ; breaker: 1,0 ] --> 0 0,1077712 0,08071697 0,06330609 0,1933726 0,1643779 1,19724 1,221234 1,255387 1,772399 1,75968 2,849164 2,612866 2,537868 3,145883 3,294074 2,905314 2,95598 3,352072 3,191682 3,602839 4,094174 3,889785 4,327416 4,376034 4,322474 
Absolute Error Mean: 2,279735

[ p ;  jungle26 ; breaker: 1,0 ] --> 0,2 0,5 0,76 1,37 1,93 2,24 2,72 2,93 3,2 3,51 3,78 4,08 4,57 4,9 5,19 5,3 5,92 6,1 6,37 6,76 7,09 7,24 7,7 7,8 8,24 8,5 
[ b ;  jungle26 ; breaker: 1,0 ] --> 0,2 0,7121723 0,9423125 1,529224 2,187861 2,445055 3,549482 3,856604 4,062604 4,371675 4,729201 5,287047 5,519297 5,725578 7,114408 7,34624 7,604102 8,606751 9,327812 9,533189 10,0223 10,74941 10,95815 11,44666 11,9588 12,16583 
[ e ;  jungle26 ; breaker: 1,0 ] --> 0 0,2121723 0,1823125 0,1592238 0,2578615 0,2050548 0,8294818 0,9266043 0,8626044 0,8616745 0,9492013 1,207047 0,9492965 0,8255777 1,924408 2,04624 1,684102 2,506752 2,957812 2,773189 2,932299 3,50941 3,258148 3,64666 3,718796 3,66583 
Absolute Error Mean: 1,655837

[ p ;  jungle26 ; breaker: 1,0 ] --> 0,2 0,5 0,76 1,37 1,93 2,24 2,72 2,93 3,2 3,51 3,78 4,08 4,57 4,9 5,19 5,3 5,92 6,1 6,37 6,76 7,09 7,24 7,7 7,8 8,24 8,5 
[ b ;  jungle26 ; breaker: 1,0 ] --> 0,2 0,4308694 0,658831 1,121189 1,943793 2,223925 2,785597 5,117665 5,348229 5,580722 5,841112 6,223516 6,478428 7,041564 7,246623 9,128195 9,355921 9,843165 10,55405 10,80938 11,29754 11,86403 12,09588 12,68778 13,25712 13,46449 
[ e ;  jungle26 ; breaker: 1,0 ] --> 0 0,06913057 0,101169 0,2488115 0,01379299 0,01607537 0,06559682 2,187665 2,148229 2,070722 2,061112 2,143516 1,908428 2,141564 2,056623 3,828195 3,435921 3,743165 4,18405 4,049381 4,207541 4,624029 4,395884 4,88778 5,017118 4,964488 
Absolute Error Mean: 2,483461

[ p ;  jungle26 ; breaker: 1,0 ] --> 0,2 0,5 0,76 1,37 1,93 2,24 2,72 2,93 3,2 3,51 3,78 4,08 4,57 4,9 5,19 5,3 5,92 6,1 6,37 6,76 7,09 7,24 7,7 7,8 8,24 8,5 
[ b ;  jungle26 ; breaker: 1,0 ] --> 0,2 0,4805007 0,7393609 1,278774 2,100746 2,333107 3,512493 3,745625 3,953232 4,133935 4,420051 5,656543 5,860503 6,090281 7,85461 8,034387 9,376531 9,683133 10,80209 11,00498 11,56349 11,86887 12,59297 12,80023 13,24118 13,7759 
[ e ;  jungle26 ; breaker: 1,0 ] --> 0 0,0194993 0,02063912 0,09122574 0,170746 0,09310699 0,7924929 0,8156245 0,7532318 0,623935 0,6400511 1,576543 1,290503 1,19028 2,66461 2,734386 3,456531 3,583133 4,432095 4,244975 4,473488 4,628869 4,892975 5,000228 5,001178 5,275905 
Absolute Error Mean: 2,248702

[ p ;  jungle8 ; breaker: 1,0 ] --> 0,2 0,5 0,76 1,37 1,93 2,24 2,72 2,93 3,2 3,51 3,78 4,08 4,57 4,9 5,19 5,3 5,92 6,1 6,37 6,76 7,09 7,24 7,7 7,8 8,24 8,5 
[ s ;  jungle8 ; breaker: 1,0 ] --> 0,2 0,4563128 0,7371801 1,376391 1,886234 2,11536 2,420667 2,725765 
[ e ;  jungle8 ; breaker: 1,0 ] --> 0 0,04368719 0,02281988 0,006391168 0,04376626 0,1246397 0,2993326 0,2042346 
Absolute Error Mean: 4,115187

[ p ;  jungle8 ; breaker: 1,0 ] --> 0,2 0,5 0,76 1,37 1,93 2,24 2,72 2,93 
[ s ;  jungle8 ; breaker: 1,0 ] --> 0,2 0,4537282 0,7314775 1,323266 1,882065 2,13766 2,442725 2,85084 
[ e ;  jungle8 ; breaker: 1,0 ] --> 0 0,04627177 0,02852249 0,04673433 0,04793537 0,10234 0,2772753 0,07916045 
Absolute Error Mean: 0,07852997

[ p ;  jungle8 ; breaker: 1,0 ] --> 0,2 0,5 0,76 1,37 1,93 2,24 2,72 2,93 
[ s ;  jungle8 ; breaker: 1,0 ] --> 0,2 0,4757331 0,7267783 1,004005 1,747503 2,053163 2,335581 2,763562 
[ e ;  jungle8 ; breaker: 1,0 ] --> 0 0,02426693 0,03322172 0,3659954 0,1824969 0,1868372 0,3844192 0,1664379 
Absolute Error Mean: 0,1679594

[ p ;  jungle8 ; breaker: 1,0 ] --> 0,2 0,5 0,76 1,37 1,93 2,24 2,72 2,93 
[ s ;  jungle8 ; breaker: 1,0 ] --> 0,2 0,4785038 0,7294584 1,290638 1,804357 2,111641 2,367964 2,724035 
[ e ;  jungle8 ; breaker: 1,0 ] --> 0 0,02149618 0,0305416 0,07936227 0,125643 0,1283593 0,3520362 0,205965 
Absolute Error Mean: 0,1179255

[ p ;  jungle8 ; breaker: 1,0 ] --> 0,2 0,5 0,76 1,37 1,93 2,24 2,72 2,93 
[ s ;  jungle8 ; breaker: 1,0 ] --> 0,2 0,4270775 0,7341974 1,319745 1,854925 2,064114 2,267532 2,547555 
[ e ;  jungle8 ; breaker: 1,0 ] --> 0 0,07292253 0,02580255 0,05025506 0,07507491 0,1758859 0,4524684 0,3824453 
Absolute Error Mean: 0,1543568

[ p ;  jungle8 ; breaker: 1,0 ] --> 0,2 0,5 0,76 1,37 1,93 2,24 2,72 2,93 
[ s ;  jungle8 ; breaker: 1,0 ] --> 0,2 0,4779546 0,7628287 1,402013 2,113 2,341636 2,646349 3,006614 
[ e ;  jungle8 ; breaker: 1,0 ] --> 0 0,0220454 0,002828717 0,03201318 0,183 0,1016364 0,0736506 0,07661414 
Absolute Error Mean: 0,06147355

[ p ;  jungle8 ; breaker: 1,0 ] --> 0,2 0,5 0,76 1,37 1,93 2,24 2,72 2,93 
[ s ;  jungle8 ; breaker: 1,0 ] --> 0,2 0,4773722 0,7609926 1,375056 1,98747 2,267533 2,546846 2,854534 
[ e ;  jungle8 ; breaker: 1,0 ] --> 0 0,02262777 0,0009925961 0,005055904 0,05747032 0,02753282 0,1731536 0,07546639 
Absolute Error Mean: 0,04528743

[ p ;  jungle8 ; breaker: 1,0 ] --> 0,2 0,5 0,76 1,37 1,93 2,24 2,72 2,93 
[ s ;  jungle8 ; breaker: 1,0 ] --> 0,2 3,409358 3,664112 3,945042 4,584784 4,840168 5,091733 5,347347 
[ e ;  jungle8 ; breaker: 1,0 ] --> 0 2,909358 2,904112 2,575042 2,654784 2,600168 2,371733 2,417347 
Absolute Error Mean: 2,304068

[ p ;  jungle8 ; breaker: 1,0 ] --> 0,2 0,5 0,76 1,37 1,93 2,24 2,72 2,93 
[ s ;  jungle8 ; breaker: 1,0 ] --> 0,2 0,456555 0,7373962 1,32714 2,03618 2,286084 2,541355 2,840968 
[ e ;  jungle8 ; breaker: 1,0 ] --> 0 0,04344496 0,02260381 0,04286027 0,1061801 0,04608417 0,1786447 0,0890317 
Absolute Error Mean: 0,0661062

[ p ;  jungle8 ; breaker: 1,0 ] --> 0,2 0,5 0,76 1,37 1,93 2,24 2,72 2,93 
[ s ;  jungle8 ; breaker: 1,0 ] --> 0,2 0,4816695 0,7626274 1,350828 1,887022 2,165591 2,418823 2,673 
[ e ;  jungle8 ; breaker: 1,0 ] --> 0 0,01833054 0,002627373 0,01917243 0,04297781 0,07440853 0,3011775 0,257 
Absolute Error Mean: 0,08946177

[ p ;  jungle26 ; breaker: 1,0 ] --> 0,2 0,5 0,76 1,37 1,93 2,24 2,72 2,93 
[ s ;  jungle26 ; breaker: 1,0 ] --> 0,2 0,4757991 0,7520962 1,38357 1,944189 2,256125 2,509295 2,791796 3,42856 3,7341 3,987966 4,268901 4,525023 4,826232 5,08096 5,460002 6,094944 6,400854 6,677564 6,882417 7,111947 7,366822 7,647829 7,925443 8,181199 8,410922 8,697577 
[ e ;  jungle26 ; breaker: 1,0 ] --> 0 0,02420089 0,007903814 0,01356971 0,01418936 0,01612544 0,2107053 0,1382036 
Absolute Error Mean: 0,05311226

[ p ;  jungle26 ; breaker: 1,0 ] --> 0,2 0,5 0,76 1,37 1,93 2,24 2,72 2,93 3,2 3,51 3,78 4,08 4,57 4,9 5,19 5,3 5,92 6,1 6,37 6,76 7,09 7,24 7,7 7,8 8,24 8,5 
[ s ;  jungle26 ; breaker: 1,0 ] --> 0,2 0,4563117 0,7368601 1,193158 1,775094 2,103729 2,358716 2,61302 3,144768 3,58018 3,867328 4,249789 4,733906 4,964538 5,244871 5,632325 6,191867 6,473052 6,726173 7,033676 7,28793 7,695302 8,02834 8,262962 8,520676 8,777102 
[ e ;  jungle26 ; breaker: 1,0 ] --> 0 0,04368833 0,02313989 0,176842 0,1549064 0,1362715 0,3612845 0,3169801 0,05523157 0,07018018 0,08732796 0,1697893 0,1639061 0,064538 0,05487061 0,332325 0,2718673 0,3730521 0,356173 0,2736754 0,1979303 0,4553018 0,3283405 0,4629622 0,2806759 0,2771025 
Absolute Error Mean: 0,2110909

[ p ;  jungle26 ; breaker: 1,0 ] --> 0,2 0,5 0,76 1,37 1,93 2,24 2,72 2,93 3,2 3,51 3,78 4,08 4,57 4,9 5,19 5,3 5,92 6,1 6,37 6,76 7,09 7,24 7,7 7,8 8,24 8,5 
[ s ;  jungle26 ; breaker: 1,0 ] --> 0,2 0,4781269 0,7351452 1,166148 1,675764 1,928657 2,185297 2,414522 2,875036 3,178958 3,463795 3,771754 4,080131 4,334351 4,590666 4,898714 5,410654 5,793095 6,122499 6,362625 6,595837 6,902767 7,154777 7,395151 7,625957 7,855118 
[ e ;  jungle26 ; breaker: 1,0 ] --> 0 0,02187306 0,02485478 0,2038517 0,2542356 0,3113433 0,5347028 0,5154777 0,3249636 0,3310418 0,3162053 0,3082461 0,4898696 0,5656495 0,5993338 0,4012866 0,509346 0,3069053 0,2475014 0,3973756 0,4941635 0,3372326 0,5452232 0,4048495 0,6140423 0,6448822 
Absolute Error Mean: 0,3732483

[ p ;  jungle26 ; breaker: 1,0 ] --> 0,2 0,5 0,76 1,37 1,93 2,24 2,72 2,93 3,2 3,51 3,78 4,08 4,57 4,9 5,19 5,3 5,92 6,1 6,37 6,76 7,09 7,24 7,7 7,8 8,24 8,5 
[ s ;  jungle26 ; breaker: 1,0 ] --> 0,2 0,4773765 0,7364521 1,197778 1,634081 1,966069 2,194057 2,44793 2,908615 3,292432 3,522117 3,802172 4,084064 4,339487 4,743392 5,072286 5,581631 5,8863 6,165794 6,397103 6,651909 6,905468 7,184588 7,46598 7,721323 7,953549 
[ e ;  jungle26 ; breaker: 1,0 ] --> 0 0,02262351 0,02354789 0,1722225 0,2959191 0,2739305 0,5259433 0,4820704 0,2913849 0,2175677 0,2578828 0,277828 0,4859357 0,560513 0,4466085 0,2277145 0,3383694 0,2137003 0,2042055 0,3628969 0,4380908 0,3345318 0,5154114 0,3340206 0,5186768 0,5464511 
Absolute Error Mean: 0,3218479

[ p ;  jungle26 ; breaker: 1,0 ] --> 0,2 0,5 0,76 1,37 1,93 2,24 2,72 2,93 3,2 3,51 3,78 4,08 4,57 4,9 5,19 5,3 5,92 6,1 6,37 6,76 7,09 7,24 7,7 7,8 8,24 8,5 
[ s ;  jungle26 ; breaker: 1,0 ] --> 0,2 0,4807173 0,8110343 1,293796 1,753755 2,109434 2,364663 2,643958 3,260366 3,53921 3,845878 4,123851 4,424944 4,834396 5,167416 5,575244 6,062172 6,316972 6,575664 6,805693 7,059551 7,52014 7,879564 8,108719 8,392537 8,645788 
[ e ;  jungle26 ; breaker: 1,0 ] --> 0 0,01928267 0,05103433 0,07620394 0,1762452 0,1305656 0,3553369 0,2860422 0,06036592 0,02920961 0,06587768 0,0438509 0,1450558 0,06560421 0,02258444 0,2752442 0,1421723 0,2169719 0,2056637 0,04569244 0,03044891 0,2801399 0,1795645 0,3087187 0,1525373 0,1457882 
Absolute Error Mean: 0,1350078

[ p ;  jungle26 ; breaker: 1,0 ] --> 0,2 0,5 0,76 1,37 1,93 2,24 2,72 2,93 3,2 3,51 3,78 4,08 4,57 4,9 5,19 5,3 5,92 6,1 6,37 6,76 7,09 7,24 7,7 7,8 8,24 8,5 
[ s ;  jungle26 ; breaker: 1,0 ] --> 0,2 0,4785271 0,7374834 1,280756 1,814124 2,044726 2,326385 2,707977 3,064896 3,395807 3,624794 3,881298 4,186157 4,419028 4,827084 5,159279 5,670866 5,874704 6,177302 6,432406 6,688322 6,941062 7,196598 7,451867 7,7072 8,034948 
[ e ;  jungle26 ; breaker: 1,0 ] --> 0 0,0214729 0,02251661 0,08924448 0,1158762 0,1952736 0,3936155 0,222023 0,1351039 0,1141934 0,1552057 0,1987021 0,3838434 0,4809723 0,362916 0,1407208 0,2491345 0,225296 0,1926975 0,3275938 0,4016781 0,2989378 0,5034022 0,3481336 0,5327997 0,4650517 
Absolute Error Mean: 0,2529387

[ p ;  jungle26 ; breaker: 1,0 ] --> 0,2 0,5 0,76 1,37 1,93 2,24 2,72 2,93 3,2 3,51 3,78 4,08 4,57 4,9 5,19 5,3 5,92 6,1 6,37 6,76 7,09 7,24 7,7 7,8 8,24 8,5 
[ s ;  jungle26 ; breaker: 1,0 ] --> 0,2 0,5824893 0,9904851 1,533836 1,893173 2,477865 2,76604 3,057851 3,422953 4,038861 4,295883 4,549973 4,806484 5,116088 5,345771 5,604666 5,912477 6,42074 6,700281 6,934586 7,192954 7,475071 7,730955 8,039623 8,322495 8,603404 8,863837 9,115483 
[ e ;  jungle26 ; breaker: 1,0 ] --> 0 0,08248931 0,2304851 0,1638365 0,03682673 0,2378647 0,0460403 0,1278505 0,2229528 0,5288613 0,5158827 0,4699736 0,2364836 0,2160878 0,1557713 0,304666 0,007522583 0,3207397 0,3302813 0,1745853 0,1029534 0,2350712 0,03095484 0,2396231 0,08249474 0,103404 
Absolute Error Mean: 0,2001424

[ p ;  jungle26 ; breaker: 1,0 ] --> 0,2 0,5 0,76 1,37 1,93 2,24 2,72 2,93 3,2 3,51 3,78 4,08 4,57 4,9 5,19 5,3 5,92 6,1 6,37 6,76 7,09 7,24 7,7 7,8 8,24 8,5 
[ s ;  jungle26 ; breaker: 1,0 ] --> 0,2 0,4557993 0,737504 0,9916987 1,732386 2,091032 2,345825 2,575825 3,115776 3,371978 3,607015 3,888374 4,216085 4,548761 5,008654 5,517428 5,897498 6,250587 6,507142 6,76489 7,023018 7,279455 7,558836 7,863647 8,22151 8,402074 8,709675 
[ e ;  jungle26 ; breaker: 1,0 ] --> 0 0,04420072 0,02249599 0,3783013 0,1976137 0,1489682 0,3741753 0,3541751 0,08422446 0,1380219 0,1729848 0,1916263 0,3539147 0,3512392 0,1813459 0,2174277 0,02250195 0,1505871 0,1371417 0,004889965 0,06698179 0,03945494 0,1411643 0,06364679 0,01848984 0,09792614 
Absolute Error Mean: 0,1520577

[ p ;  jungle26 ; breaker: 1,0 ] --> 0,2 0,5 0,76 1,37 1,93 2,24 2,72 2,93 3,2 3,51 3,78 4,08 4,57 4,9 5,19 5,3 5,92 6,1 6,37 6,76 7,09 7,24 7,7 7,8 8,24 8,5 
[ s ;  jungle26 ; breaker: 1,0 ] --> 0,2 0,5285971 0,7786664 1,277692 1,95915 2,238752 2,521798 2,906079 3,447108 3,701685 3,931992 4,192056 4,467166 4,795718 5,174315 5,682657 6,064119 6,366492 6,672476 6,977014 7,254391 7,508714 7,762802 8,044678 8,350132 8,654157 
[ e ;  jungle26 ; breaker: 1,0 ] --> 0 0,02859712 0,01866645 0,09230793 0,02914965 0,001248121 0,1982024 0,02392125 0,2471075 0,1916854 0,1519921 0,1120558 0,1028342 0,1042824 0,0156846 0,3826566 0,1441188 0,2664919 0,3024764 0,2170134 0,164391 0,268714 0,06280231 0,2446775 0,1101322 0,1541567 
Absolute Error Mean: 0,1398218

[ p ;  jungle26 ; breaker: 1,0 ] --> 0,2 0,5 0,76 1,37 1,93 2,24 2,72 2,93 3,2 3,51 3,78 4,08 4,57 4,9 5,19 5,3 5,92 6,1 6,37 6,76 7,09 7,24 7,7 7,8 8,24 8,5 
[ s ;  jungle26 ; breaker: 1,0 ] --> 0,2 0,4286852 0,7083361 1,315051 1,593642 1,851061 2,131991 2,463386 3,019456 3,220515 3,445136 3,698063 3,924668 4,227894 4,430952 4,808467 5,38799 5,619014 5,92507 6,231855 6,585178 6,918281 7,275158 7,530967 7,788571 8,044168 
[ e ;  jungle26 ; breaker: 1,0 ] --> 0 0,07131478 0,05166388 0,05494893 0,336358 0,388939 0,5880094 0,4666145 0,1805437 0,2894855 0,3348637 0,3819366 0,6453319 0,6721058 0,759048 0,4915328 0,5320106 0,4809861 0,4449296 0,5281453 0,5048223 0,3217192 0,4248414 0,269033 0,4514284 0,4558315 
Absolute Error Mean: 0,3894787

[ p ;  jungle4 ; breaker: 1,0 ] --> 0,2 0,5 0,76 1,37 1,93 2,24 2,72 2,93 3,2 3,51 3,78 4,08 4,57 4,9 5,19 5,3 5,92 6,1 6,37 6,76 7,09 7,24 7,7 7,8 8,24 8,5 
