b;0;0,08201772;0,2502192;0,4295226;0,1258961;0,4500256;0,2230456;1,45388;
b;0;0,04403248;0,02633643;0,09162188;0,2676636;0,2666054;0,3531373;0,4729629;
b;0;0,004162252;0,07578075;0,2281197;0,3450049;0,3377473;0,7151048;0,7092724;
b;0;0,002974868;0,1031624;0,2308848;0,3040048;0,2947969;0,5707138;0,560503;
b;0;0,01922366;0,05284005;0,07126176;0,6528081;0,6000006;0,7332523;0,7766116;
b;0;0,0190489;0,05133301;0,1341662;0,3751491;0,3498857;0,6516492;0,615571;
b;0;0,04746538;0,05210984;0,004031658;0,09589875;0,06462049;0,2923121;0,2611918;
b;0;0,003619552;0,001728177;0,1759282;0,3028823;0,3248875;0,5304751;0,5006821;
b;0;0,0008894205;0,01326758;0,07213306;0,4947697;0,4609666;0,8117316;0,7768395;
b;0;0,02142537;0,03096628;0,2667514;0,5721742;0,5629621;1,018109;0,9874976;
s;0;0,02631313;0,2165843;0,08237433;0,3314444;0,4229758;0,298054;0,8719876;
s;0;0,03060967;0,1223437;0,1117281;0,07975161;0,02454185;0,09605837;0,05144048;0,3322504;0,3216653;0,3823946;0,3878918;0,177691;0,1234899;0,1385536;0,3363342;
s;0;0,09214085;0,2868054;0,07578206;0,2830424;0,03638053;0,2889795;0,1697786;0,2115557;0,1412692;0,1320715;0,08009696;0,2163148;0,2448587;0,1278038;0,2159138;
s;0;0,02484235;0,008179545;0,3811738;0,8183576;0,8549886;0,6463783;0,830523;1,153405;1,213485;1,315153;1,316947;1,175962;1,19713;1,284538;1,605534;
s;0;0,0246492;0,01503903;0,3437636;0,1209813;0,176518;0,2765489;0,1359274;0,09476209;0,1422639;0,1708875;0,1964884;0,01770878;0,04892349;0,01230192;0,2537498;
s;0;0,02478927;0,006440997;0,3416735;0,5736314;0,326452;0,579478;0,4653549;0,2104237;0,169225;0,1151776;0,06583261;0,2048302;0,2346926;0,1982074;0,04888868;
s;0;0,001499653;0,02393621;0,2835627;0,5155203;0,1234128;0,3005567;0,1802683;0,05582142;0,1495388;0,1119261;0,1104617;0,1290722;0,1327829;0,08247328;0,4314337;
s;0;0,02465761;0,04376954;0,4142216;0,6886343;0,7085969;0,5796626;0,693821;0,8280523;0,8497984;0,9111326;0,9359512;0,8016896;0,799221;0,8346992;1,074743;
s;0;0,0166285;0,02144104;0,3790289;0,2036082;0,152416;0,279397;0,1326818;0,1572428;0,09720302;0,1639459;0,2194209;0,08601284;0,0821209;0,1480637;0,3969679;
s;0;0,05694366;0,1244118;0,03839087;0,3109452;0,3054688;0,1033764;0,2461834;0,4767468;0,5409806;0,5951116;0,6956677;0,5617366;0,5587358;0,643774;0,8850327;
b;0;0,09090072;0,2128648;0,3497952;0,4538502;0,4005435;0,1479449;0,475455;0,4369211;0,5864213;0,5231559;0,4528899;0,2135696;0,2908726;0,2796178;0,3487773;
b;0;0,07203448;0,05046511;0,02268302;0,004989743;0,04785919;0,05951762;0,1023753;0,109385;0,02651596;0,08731031;0,4457073;0,184165;0,1326084;0,4695811;0,8375325;
b;0;0,06923747;0,07574934;0,09841907;0,3327218;0,3295958;0,4891791;0,5600505;0,6727142;0,5670264;0,4980438;0,8570237;0,5969119;0,878408;0,8466678;0,9630299;
b;0;0,0499844;0,02730834;0,07985437;0,06830645;0,03453708;0,4382918;0,4776056;0,4322705;0,3973804;0,7277448;0,7787199;0,5653224;0,5407252;0,5787053;0,7992048;
b;0;0,232755;0,2724919;0,386573;0,4345165;0,378058;0,07969475;0,1476777;0,556051;0,5219905;0,5012782;0,4274845;0,2122841;0,2313113;0,0915904;0,1319079;
b;0;0,01774919;0,02853072;0,1246681;0,3338243;0,3039165;0,4146047;0,6555297;0,7114985;0,7517192;0,6868799;0,7438726;0,5313458;0,532939;0,523375;0,8948717;
b;0;0,0006816089;0,5133185;1,204397;1,218247;1,166158;0,9368601;1,303727;1,583009;1,89758;2,131644;2,060381;1,746526;1,645643;1,658577;1,851456;
b;0;0,1468291;0,1670915;0,332162;0,07640684;0,5629497;0,2660861;0,7539427;0,6956513;0,5630696;0,4984653;0,4249253;0,1380415;0,3988438;0,4120336;0,4816666;
b;0;0,09606293;0,04748833;0,07530272;0,1505312;0,29162;0,372612;0,3910892;0,3226781;0,2118323;0,3740475;0,5034733;0,2931705;0,1910567;0,2559209;0,4730797;
b;0;0,1840177;0,5872074;0,920235;1,046446;0,9659278;1,149932;1,244937;1,130785;1,078771;1,037393;1,04303;0,7600536;0,7058587;0,6721225;0,964817;
b;0;0,1226002;0,1567345;0,0838809;0,08419657;0,03731942;0,05838513;0,3569679;0,4123509;0,3783855;0,3647916;0,2906799;0,003736973;0,123652;0,007223606;0,7241144;
b;0;0,1581851;0,1336992;0,1776443;0,05532849;0,1367676;0,06132936;0,5704234;
b;0;0,05391568;0,07514417;0,004177451;0,04084945;0,1080205;0,03637767;0,1075509;
b;0;0,005101442;0,09893942;0,1516638;0,04657018;0,1092081;0,2824676;0,01360607;
b;0;0,05746073;0,07728505;0,02475584;0,02552426;0,07142067;0,02761912;0,01310372;
b;0;0,07513523;0,06689912;0,3134655;0,2924966;0,3614268;0,2877574;0,308383;
b;0;0,08462667;0,02720416;0,1558508;0,2293078;0,2554197;0,1543224;0,1997337;
b;0;0,1082306;0,08067238;0,110474;0,1163193;0,05984926;0,05550385;0,1244493;
b;0;0,1335803;0,1017023;0,228668;0,2480193;0,3000176;0,2512107;0,2443931;
b;0;0,1639271;0,2084147;0,3105849;0,2821459;0,3034236;0,2776353;0,2978904;
b;0;0,1281475;0,09488809;0,1210603;0,1953367;0,1867528;0,2198601;0,2119927;
s;0;0,04563719;0,1565338;0,0394454;0,3327068;0,6760831;0,6150749;0,903429;
s;0;0,0190073;0,09873444;0,2412442;0,3584887;0,5234039;0,4931977;0,4820623;0,6405749;0,7325184;0,8656051;1,101026;1,090921;1,109557;1,173854;1,242729;
s;0;0,05392665;0,1012104;0,1468258;0,2677704;0,2861669;0,1834238;0,4067154;0,5151641;0,6349456;0,7462904;0,673686;0,5628114;0,5859809;0,6510224;0,7187963;
s;0;0,08025342;0,09890693;0,2159914;0,3546952;0,4208961;0,3192384;0,4412417;0,5982151;0,7400753;0,847873;0,9018397;0,7146916;0,6355896;0,6493464;0,7659397;
s;0;0,05629289;0,1235628;0,2492608;0,418039;0,4827337;0,5289967;0,471251;0,7072356;0,8514764;0,9627521;1,169919;1,134655;1,207313;1,292801;1,360424;
s;0;2,053246;1,993881;1,930356;2,001173;2,144882;2,170933;2,139818;2,32156;2,456051;2,532058;2,535782;2,596696;2,640615;2,674244;2,739412;
s;0;0,001205146;0,1182344;0,2094874;0,3237234;0,3714981;0,4014053;0,3695304;0,5472591;0,7177131;0,8009818;1,027207;1,04141;1,06873;1,16072;1,230909;
s;0;0,08330858;0,156836;0,2572031;0,3822702;0,5017424;0,5007098;0,4705162;0,6269765;0,6932433;0,8086317;0,9375124;0,8974314;0,9438658;0,9804769;1,021806;
s;0;0,0291189;0,0979259;0,1215397;0,2243704;0,2935541;0,3245244;0,2908621;0,4047742;0,4757953;0,5910785;0,5677762;0,4303532;0,3804255;0,3432431;0,5117254;
s;0;0,1301551;0,2036547;0,2315187;0,323531;0,3673913;0,3900561;0,3566847;0,4690924;0,541117;0,6772993;0,7107062;0,8597617;0,9357014;1,002943;1,301415;
b;0;0,02879936;0,09897143;0,1479454;0,2204484;0,2693503;0,1936564;0,1106713;0,273849;0,3459728;0,4031045;0,460382;0,2775187;0,3044391;0,4235306;0,4644766;
b;0;0,05318463;0,06666917;0,1081299;0,1605958;0,1769621;0,1584067;0,1013761;0,2593744;0,3271739;0,3652027;0,4255428;0,2430234;0,1944041;0,2863355;0,3275781;
b;0;0,08416694;0,1048207;0,02836907;0,05098867;0,1251445;0,02719522;0,005049944;0,1240339;0,1899507;0,2216208;0,3011103;0,1632113;0,1360459;0,220365;0,4865947;
b;0;0,05290812;0,07621849;0,09459555;0,1384407;0,1870747;0,08753443;0,0287869;0,1410136;0,1891596;0,301789;0,305995;0,1946888;0,1951303;0,2374983;0,5568099;
b;0;0,005422771;0,07039547;0,01335549;0,06420624;0,04207039;0,2184992;0,247787;0,1880503;0,1417668;0,08390021;0,1258554;0,2858095;0,3083024;0,2900743;0,1985078;
b;0;0,02884436;0,0489924;0,02107048;0,07159078;0,08778834;0,03862929;0,06880498;0,01409745;0,05480433;0,0856061;0,1137776;0,07324934;0,09869194;0,06522179;0,02619267;
b;0;0,02117318;0,01981997;0,002037883;0,02537704;0,01504111;0,1349649;0,1419044;0,03475332;0,03016448;0,08749008;0,0943985;0,08989954;0,1700525;0,1105971;0,02022362;
b;0;0,0611999;0,1104462;0,03475296;0,08393455;0,05821514;0,2090366;0,2136512;0,102787;0,08297014;0,002365828;0,03454208;0,04859447;0,09610939;0,04864359;0,1419854;
b;0;0,02644438;0,09329152;0,01725614;0,1110195;0,1157324;0,2699084;0,2758753;0,1137064;0,04838777;0,01904583;0,05953598;0,003599167;0,006211281;0,1098022;0,2747641;
b;0;0,02833551;0,1228739;0,1031743;0,07692969;0,1497698;0,02641225;0,02684665;0,1881003;0,2611194;0,3442371;0,3489637;0,1908674;0,1951404;0,3394227;0,4340949;
b;0;0,01788747;0,2296029;0,1537327;0,05187643;0,09428716;0,08736992;0,09553909;0,03366041;0,02369428;0,1079967;0,1092343;0,0748477;0,149775;0,0607934;0,03331566;
b;0;0,00325948;0,05395383;0,08086276;0,03160274;0,1567938;0,0399437;0,03864908;0,09592533;0,1354702;0,1682827;0,1993923;0,009598255;0,01573706;0,0798049;0,1727009;0,1125336;0,1484022;0,2150178;0,129909;0,1072407;0,2900705;0,1626816;0,3662958;0,2302437;0,4037685;
b;0;0,01866633;0,1297075;0,08116198;0,07340157;0,06813455;0,007277966;0,06142974;0,1007316;0,1453168;0,154933;0,1890602;0,1092973;0,05899;0,201107;0,270813;0,08781719;0,3417873;0,4531126;0,3212323;0,3988457;0,5558562;0,558219;0,7145576;0,6538286;0,7973242;
b;0;0,02558824;0,03990257;0,06286919;0,1336793;0,1540947;0,0001413822;0,009717464;0,1268952;0,1481106;0,2050331;0,1790915;0,01591444;0,08883524;0,06990957;0,2616458;0,0168643;0,08796549;0,1940484;0,231009;0,287118;0,5161729;0,4907579;0,671854;0,5885487;0,6607752;
b;0;0,02087942;0,0009753704;0,05387497;0,0008114576;0,01466537;0,08444834;0,09088993;0,006369114;0,03668809;0,06900382;0,07944202;0,1059589;0,1537852;0,0618391;0,03266621;0,2556133;0,1482577;0,03679562;0,1695647;0,1944838;0,06207895;0,1609693;0,04774761;0,1149654;0,05323982;
b;0;0,01855099;0,1046342;0,0806123;0,08264101;0,08307505;0,09276581;0,07449794;0,01603723;0,01191592;0,07371044;0,05010939;0,1106544;0,1623235;0,09913445;0,009232044;0,3305635;0,0740819;0,04474926;0,08317852;0,132585;0,04960012;0,05804634;0,2503853;0,09246349;0,2674093;
b;0;0,02705765;0,1165959;0,1607981;0,2279273;0,2455842;0,1166215;0,08346653;0,1654272;0,11094;0,2185802;0,1951585;0,05773449;0,03378153;0,1237874;0,1911936;0,005454063;0,003376007;0,1102619;0,002120972;0,001449108;0,1327877;0,08095455;0,2869921;0,07410908;0,1942339;
b;0;0,03415948;0,07252121;0,09510064;0,1365083;0,1856437;0,06282067;0,03084159;0,2712605;0,3429608;0,4025028;0,405395;0,2432704;0,1651855;0,2831006;0,3513165;0,1619496;0,1327777;0,2478776;0,1386933;0,1127563;0,2658358;0,2325468;0,3858156;0,2536173;0,3483105;
b;0;0,0224185;0,02109468;0,08664262;0,07173753;0,08091044;0,207973;0,2178979;0,1079335;0,06853056;0,0133121;0,01019764;0,1759357;0,2067084;0,1190186;0,0007381439;0,2627587;0,1375942;0,07746935;0,2136707;0,2397389;0,08582306;0,2196813;0,007316113;0,03181458;0,009043694;
b;0;0,0293119;0,07084143;0,1220838;0,2006356;0,2454934;0,07044291;0,06489205;0,1694515;0,1380706;0,1208467;0,1221099;0,03796768;0,06158018;0,1798754;0,247097;0,0322485;0,0555253;0,1933002;0,08183098;0,1081786;0,2900147;0,2365685;0,3932991;0,2858524;0,4327736;
s;0;0,002699912;0,07471442;0,1509794;0,2730149;0,3905773;0,3949893;0,3601243;
s;0;0,001063526;0,1484333;0,2208099;0,3202351;0,36131;0,3640006;0,3309937;
s;0;0,02710104;0,06505984;0,08003163;0,02913833;0,1237116;0,0497725;0,008727074;
s;0;0,04993117;0,0927285;0,1175032;0,245437;0,2387733;0,2673349;0,2321842;
s;0;0,0241434;0,0103851;0,04774499;0,04909885;0,05101514;0,2754579;0,3578792;
s;0;0,02299607;0,04670185;0,09412313;0,2893916;0,2827199;0,3330522;0,3008845;
s;0;0,0002285242;0,06702322;0,08743727;0,2047411;0,2767842;0,2297301;0,1954541;
s;0;0,02897972;0,1492545;0,2202269;0,2890736;0,335139;0,2876396;0,2525349;
s;0;0,0221155;0,0715341;0,118225;0,2395154;0,3034992;0,2552552;0,2206697;
s;0;0,02197728;0,02414382;0,005351663;0,1143094;0,1552837;0,07752228;0,01208854;
s;0;0,02005592;0,02035499;0,03218544;0,01261604;0,04877186;0,1743202;0,255347;
s;0;0,02449071;0,09081048;0,2039649;0,3185402;0,3550923;0,2969263;0,2601922;0,3650365;0,4086592;0,5907409;0,5381141;0,478128;0,4749827;0,5134373;0,6053519;0,4368715;0,5848737;0,5188475;0,4615245;0,4319077;0,537673;0,4839382;0,8917646;0,808939;0,779726;
s;0;0,0235571;0,0443294;0,06546855;0,1597081;0,1767838;0,1963272;0,1624637;0,24315;0,2394123;0,3207552;0,5745907;0,4353471;0,5355153;0,575511;0,6179671;0,4478197;0,6222582;0,5292473;0,4931002;0,5179291;0,7232604;0,6443386;0,8231401;0,6846104;0,6513166;
s;0;0,05425125;0,07111043;0,1172127;0,2442981;0,2592001;0,05834007;0,0008163452;0,08176255;0,04758406;0,1028166;0,07956123;0,04411173;0,006300926;0,1096158;0,1789479;0,008091927;0,1197586;0,173131;0,1132622;0,1814165;0,3105783;0,3040409;0,480669;0,2716141;0,288043;
s;0;0,003399849;0,06836367;0,1119515;0,2110645;0,280359;0,2316234;0,2210615;0,3532648;0,3958104;0,558779;0,7149549;0,6287661;0,5466208;0,6848035;0,7512188;0,6083846;0,6255918;0,782455;0,7679811;0,7155089;0,8911371;0,887043;1,068896;0,982399;1,101259;
s;0;0,001552522;0,04012305;0,08518612;0,1833702;0,2976289;0,220819;0,1895437;0,3538384;0,3508062;0,5396745;0,415555;0,2548594;0,2059813;0,3190818;0,3875804;0,1950116;0,1908555;0,3493853;0,3155689;0,3193765;0,4460411;0,391839;0,4937315;0,3812037;0,5549965;
s;0;0,02307528;0,06434232;0,1102833;0,2070845;0,2745175;0,245841;0,1865919;0,3714566;0,4370196;0,5661438;0,6212869;0,5603461;0,5366569;0,5775619;0,6207595;0,5087118;0,5062408;0,7723312;0,6090798;0,6313887;0,7597928;0,83181;0,9346533;0,9484463;1,041838;
s;0;0,02512079;0,09082502;0,1097319;0,2061528;0,2435856;0,2421966;0,2114551;0,3944855;0,3897829;0,5734422;0,498888;0,4597416;0,4333892;0,5229254;0,5911999;0,4546413;0,474906;0,5863762;0,6263561;0,6262736;0,8096304;0,8296185;0,9335546;0,9429617;1,031119;
s;0;0,02064452;0,05012715;0,09492779;0,1171314;0,2154493;0,1315312;0,1244385;0,3070149;0,2955608;0,4754694;0,4038281;0,2950349;0,3995066;0,459661;0,5258389;0,2871161;0,3350668;0,2432065;0,2056627;0,3018408;0,3777032;0,36448;0,4662218;0,5079908;0,5782909;
s;0;0,004303992;0,07159531;0,1052552;0,1165754;0,4565151;0,322422;0,3865511;0,540071;0,5248039;0,7028611;0,800437;0,7656574;0,7906008;0,8254757;0,8946004;0,7543306;0,7521677;0,9881177;0,8763933;0,9475203;1,001755;0,9738436;1,099808;1,117317;1,160036;
