
NEW RESULT

[ p ;  jungle8 ; breaker: 1,0 ] --> 0,2 0,5 0,76 1,37 1,93 2,24 2,72 2,93 
[ b ;  jungle8 ; breaker: 1,0 ] --> 0,2 0,6581851 0,8936992 1,547644 1,985328 2,376768 2,658671 3,500423 
[ e ;  jungle8 ; breaker: 1,0 ] --> 0 0,1581851 0,1336992 0,1776443 0,05532849 0,1367676 0,06132936 0,5704234 
Absolute Error Mean: 0,1616722

[ p ;  jungle8 ; breaker: 1,0 ] --> 0,2 0,5 0,76 1,37 1,93 2,24 2,72 2,93 
[ b ;  jungle8 ; breaker: 1,0 ] --> 0,2 0,5539157 0,8351442 1,365823 1,970849 2,348021 2,756378 3,037551 
[ e ;  jungle8 ; breaker: 1,0 ] --> 0 0,05391568 0,07514417 0,004177451 0,04084945 0,1080205 0,03637767 0,1075509 
Absolute Error Mean: 0,05325448

[ p ;  jungle8 ; breaker: 1,0 ] --> 0,2 0,5 0,76 1,37 1,93 2,24 2,72 2,93 
[ b ;  jungle8 ; breaker: 1,0 ] --> 0,2 0,5051014 0,8589394 1,521664 1,97657 2,130792 2,437532 2,916394 
[ e ;  jungle8 ; breaker: 1,0 ] --> 0 0,005101442 0,09893942 0,1516638 0,04657018 0,1092081 0,2824676 0,01360607 
Absolute Error Mean: 0,08844458

[ p ;  jungle8 ; breaker: 1,0 ] --> 0,2 0,5 0,76 1,37 1,93 2,24 2,72 2,93 
[ b ;  jungle8 ; breaker: 1,0 ] --> 0,2 0,5574607 0,837285 1,394756 1,955524 2,311421 2,692381 2,943104 
[ e ;  jungle8 ; breaker: 1,0 ] --> 0 0,05746073 0,07728505 0,02475584 0,02552426 0,07142067 0,02761912 0,01310372 
Absolute Error Mean: 0,03714617

[ p ;  jungle8 ; breaker: 1,0 ] --> 0,2 0,5 0,76 1,37 1,93 2,24 2,72 2,93 
[ b ;  jungle8 ; breaker: 1,0 ] --> 0,2 0,5751352 0,8268991 1,683465 2,222497 2,601427 3,007757 3,238383 
[ e ;  jungle8 ; breaker: 1,0 ] --> 0 0,07513523 0,06689912 0,3134655 0,2924966 0,3614268 0,2877574 0,308383 
Absolute Error Mean: 0,2131954

[ p ;  jungle8 ; breaker: 1,0 ] --> 0,2 0,5 0,76 1,37 1,93 2,24 2,72 2,93 
[ b ;  jungle8 ; breaker: 1,0 ] --> 0,2 0,5846267 0,7872041 1,525851 2,159308 2,49542 2,874322 3,129734 
[ e ;  jungle8 ; breaker: 1,0 ] --> 0 0,08462667 0,02720416 0,1558508 0,2293078 0,2554197 0,1543224 0,1997337 
Absolute Error Mean: 0,1383082

[ p ;  jungle8 ; breaker: 1,0 ] --> 0,2 0,5 0,76 1,37 1,93 2,24 2,72 2,93 
[ b ;  jungle8 ; breaker: 1,0 ] --> 0,2 0,6082306 0,8406724 1,480474 2,046319 2,299849 2,775504 3,054449 
[ e ;  jungle8 ; breaker: 1,0 ] --> 0 0,1082306 0,08067238 0,110474 0,1163193 0,05984926 0,05550385 0,1244493 
Absolute Error Mean: 0,08193733

[ p ;  jungle8 ; breaker: 1,0 ] --> 0,2 0,5 0,76 1,37 1,93 2,24 2,72 2,93 
[ b ;  jungle8 ; breaker: 1,0 ] --> 0,2 0,6335803 0,8617023 1,598668 2,178019 2,540018 2,971211 3,174393 
[ e ;  jungle8 ; breaker: 1,0 ] --> 0 0,1335803 0,1017023 0,228668 0,2480193 0,3000176 0,2512107 0,2443931 
Absolute Error Mean: 0,1884489

[ p ;  jungle8 ; breaker: 1,0 ] --> 0,2 0,5 0,76 1,37 1,93 2,24 2,72 2,93 
[ b ;  jungle8 ; breaker: 1,0 ] --> 0,2 0,6639271 0,9684147 1,680585 2,212146 2,543424 2,997635 3,22789 
[ e ;  jungle8 ; breaker: 1,0 ] --> 0 0,1639271 0,2084147 0,3105849 0,2821459 0,3034236 0,2776353 0,2978904 
Absolute Error Mean: 0,2305028

[ p ;  jungle8 ; breaker: 1,0 ] --> 0,2 0,5 0,76 1,37 1,93 2,24 2,72 2,93 
[ b ;  jungle8 ; breaker: 1,0 ] --> 0,2 0,6281475 0,8548881 1,49106 2,125337 2,426753 2,93986 3,141993 
[ e ;  jungle8 ; breaker: 1,0 ] --> 0 0,1281475 0,09488809 0,1210603 0,1953367 0,1867528 0,2198601 0,2119927 
Absolute Error Mean: 0,1447548

[ p ;  jungle16 ; breaker: 1,0 ] --> 0,2 0,5 0,76 1,37 1,93 2,24 2,72 2,93 
[ s ;  jungle16 ; breaker: 1,0 ] --> 0,2 0,5456372 0,9165338 1,409445 2,262707 2,916083 3,335075 3,833429 4,037982 4,510209 4,935611 5,31277 5,909705 6,354373 6,756904 7,13412 7,358522 
[ e ;  jungle16 ; breaker: 1,0 ] --> 0 0,04563719 0,1565338 0,0394454 0,3327068 0,6760831 0,6150749 0,903429 
Absolute Error Mean: 0,3461138

[ p ;  jungle16 ; breaker: 1,0 ] --> 0,2 0,5 0,76 1,37 1,93 2,24 2,72 2,93 3,2 3,51 3,78 4,08 4,57 4,9 5,19 5,3 
[ s ;  jungle16 ; breaker: 1,0 ] --> 0,2 0,4809927 0,8587344 1,611244 2,288489 2,763404 3,213198 3,412062 3,840575 4,242518 4,645605 5,181026 5,660922 6,009557 6,363854 6,542729 
[ e ;  jungle16 ; breaker: 1,0 ] --> 0 0,0190073 0,09873444 0,2412442 0,3584887 0,5234039 0,4931977 0,4820623 0,6405749 0,7325184 0,8656051 1,101026 1,090921 1,109557 1,173854 1,242729 
Absolute Error Mean: 0,6358078

[ p ;  jungle16 ; breaker: 1,0 ] --> 0,2 0,5 0,76 1,37 1,93 2,24 2,72 2,93 3,2 3,51 3,78 4,08 4,57 4,9 5,19 5,3 
[ s ;  jungle16 ; breaker: 1,0 ] --> 0,2 0,5539266 0,8612104 1,516826 2,19777 2,526167 2,903424 3,336715 3,715164 4,144946 4,52629 4,753686 5,132812 5,485981 5,841022 6,018796 
[ e ;  jungle16 ; breaker: 1,0 ] --> 0 0,05392665 0,1012104 0,1468258 0,2677704 0,2861669 0,1834238 0,4067154 0,5151641 0,6349456 0,7462904 0,673686 0,5628114 0,5859809 0,6510224 0,7187963 
Absolute Error Mean: 0,408421

[ p ;  jungle16 ; breaker: 1,0 ] --> 0,2 0,5 0,76 1,37 1,93 2,24 2,72 2,93 3,2 3,51 3,78 4,08 4,57 4,9 5,19 5,3 
[ s ;  jungle16 ; breaker: 1,0 ] --> 0,2 0,5802534 0,8589069 1,585991 2,284695 2,660896 3,039238 3,371242 3,798215 4,250075 4,627873 4,98184 5,284692 5,53559 5,839346 6,06594 6,218638 
[ e ;  jungle16 ; breaker: 1,0 ] --> 0 0,08025342 0,09890693 0,2159914 0,3546952 0,4208961 0,3192384 0,4412417 0,5982151 0,7400753 0,847873 0,9018397 0,7146916 0,6355896 0,6493464 0,7659397 
Absolute Error Mean: 0,4865496

[ p ;  jungle16 ; breaker: 1,0 ] --> 0,2 0,5 0,76 1,37 1,93 2,24 2,72 2,93 3,2 3,51 3,78 4,08 4,57 4,9 5,19 5,3 
[ s ;  jungle16 ; breaker: 1,0 ] --> 0,2 0,5562929 0,8835627 1,619261 2,348039 2,722734 3,248997 3,401251 3,907236 4,361476 4,742752 5,249918 5,704656 6,107313 6,482801 6,660424 
[ e ;  jungle16 ; breaker: 1,0 ] --> 0 0,05629289 0,1235628 0,2492608 0,418039 0,4827337 0,5289967 0,471251 0,7072356 0,8514764 0,9627521 1,169919 1,134655 1,207313 1,292801 1,360424 
Absolute Error Mean: 0,6885445

[ p ;  jungle16 ; breaker: 1,0 ] --> 0,2 0,5 0,76 1,37 1,93 2,24 2,72 2,93 3,2 3,51 3,78 4,08 4,57 4,9 5,19 5,3 
[ s ;  jungle16 ; breaker: 1,0 ] --> 0,2 2,553246 2,753881 3,300356 3,931173 4,384882 4,890933 5,069818 5,52156 5,966051 6,312058 6,615782 7,166696 7,540615 7,864244 8,039412 
[ e ;  jungle16 ; breaker: 1,0 ] --> 0 2,053246 1,993881 1,930356 2,001173 2,144882 2,170933 2,139818 2,32156 2,456051 2,532058 2,535782 2,596696 2,640615 2,674244 2,739412 
Absolute Error Mean: 2,183169

[ p ;  jungle16 ; breaker: 1,0 ] --> 0,2 0,5 0,76 1,37 1,93 2,24 2,72 2,93 3,2 3,51 3,78 4,08 4,57 4,9 5,19 5,3 
[ s ;  jungle16 ; breaker: 1,0 ] --> 0,2 0,5012051 0,8782344 1,579487 2,253723 2,611498 3,121405 3,299531 3,747259 4,227713 4,580982 5,107207 5,611411 5,96873 6,35072 6,530909 
[ e ;  jungle16 ; breaker: 1,0 ] --> 0 0,001205146 0,1182344 0,2094874 0,3237234 0,3714981 0,4014053 0,3695304 0,5472591 0,7177131 0,8009818 1,027207 1,04141 1,06873 1,16072 1,230909 
Absolute Error Mean: 0,586876

[ p ;  jungle16 ; breaker: 1,0 ] --> 0,2 0,5 0,76 1,37 1,93 2,24 2,72 2,93 3,2 3,51 3,78 4,08 4,57 4,9 5,19 5,3 
[ s ;  jungle16 ; breaker: 1,0 ] --> 0,2 0,5833086 0,916836 1,627203 2,31227 2,741742 3,22071 3,400516 3,826977 4,203243 4,588632 5,017512 5,467432 5,843866 6,170477 6,321806 
[ e ;  jungle16 ; breaker: 1,0 ] --> 0 0,08330858 0,156836 0,2572031 0,3822702 0,5017424 0,5007098 0,4705162 0,6269765 0,6932433 0,8086317 0,9375124 0,8974314 0,9438658 0,9804769 1,021806 
Absolute Error Mean: 0,5789082

[ p ;  jungle16 ; breaker: 1,0 ] --> 0,2 0,5 0,76 1,37 1,93 2,24 2,72 2,93 3,2 3,51 3,78 4,08 4,57 4,9 5,19 5,3 
[ s ;  jungle16 ; breaker: 1,0 ] --> 0,2 0,5291189 0,8579259 1,49154 2,15437 2,533554 3,044524 3,220862 3,604774 3,985795 4,371078 4,647776 5,000353 5,280426 5,533243 5,811726 5,938256 
[ e ;  jungle16 ; breaker: 1,0 ] --> 0 0,0291189 0,0979259 0,1215397 0,2243704 0,2935541 0,3245244 0,2908621 0,4047742 0,4757953 0,5910785 0,5677762 0,4303532 0,3804255 0,3432431 0,5117254 
Absolute Error Mean: 0,3179417

[ p ;  jungle16 ; breaker: 1,0 ] --> 0,2 0,5 0,76 1,37 1,93 2,24 2,72 2,93 3,2 3,51 3,78 4,08 4,57 4,9 5,19 5,3 
[ s ;  jungle16 ; breaker: 1,0 ] --> 0,2 0,6301551 0,9636547 1,601519 2,253531 2,607391 3,110056 3,286685 3,669092 4,051117 4,457299 4,790706 5,429762 5,835701 6,192943 6,601415 
[ e ;  jungle16 ; breaker: 1,0 ] --> 0 0,1301551 0,2036547 0,2315187 0,323531 0,3673913 0,3900561 0,3566847 0,4690924 0,541117 0,6772993 0,7107062 0,8597617 0,9357014 1,002943 1,301415 
Absolute Error Mean: 0,5313142

[ p ;  jungle16 ; breaker: 1,0 ] --> 0,2 0,5 0,76 1,37 1,93 2,24 2,72 2,93 3,2 3,51 3,78 4,08 4,57 4,9 5,19 5,3 
[ b ;  jungle16 ; breaker: 1,0 ] --> 0,2 0,5287994 0,8589714 1,517945 2,150448 2,50935 2,913656 3,040671 3,473849 3,855973 4,183105 4,540382 4,847519 5,204439 5,613531 5,764477 
[ e ;  jungle16 ; breaker: 1,0 ] --> 0 0,02879936 0,09897143 0,1479454 0,2204484 0,2693503 0,1936564 0,1106713 0,273849 0,3459728 0,4031045 0,460382 0,2775187 0,3044391 0,4235306 0,4644766 
Absolute Error Mean: 0,2514448

[ p ;  jungle16 ; breaker: 1,0 ] --> 0,2 0,5 0,76 1,37 1,93 2,24 2,72 2,93 3,2 3,51 3,78 4,08 4,57 4,9 5,19 5,3 
[ b ;  jungle16 ; breaker: 1,0 ] --> 0,2 0,5531846 0,8266692 1,47813 2,090596 2,416962 2,878407 3,031376 3,459374 3,837174 4,145203 4,505543 4,813024 5,094404 5,476336 5,627578 
[ e ;  jungle16 ; breaker: 1,0 ] --> 0 0,05318463 0,06666917 0,1081299 0,1605958 0,1769621 0,1584067 0,1013761 0,2593744 0,3271739 0,3652027 0,4255428 0,2430234 0,1944041 0,2863355 0,3275781 
Absolute Error Mean: 0,2033724

[ p ;  jungle16 ; breaker: 1,0 ] --> 0,2 0,5 0,76 1,37 1,93 2,24 2,72 2,93 3,2 3,51 3,78 4,08 4,57 4,9 5,19 5,3 
[ b ;  jungle16 ; breaker: 1,0 ] --> 0,2 0,5841669 0,8648207 1,398369 1,980989 2,365144 2,747195 2,92495 3,324034 3,699951 4,001621 4,38111 4,733212 5,036046 5,410365 5,786595 
[ e ;  jungle16 ; breaker: 1,0 ] --> 0 0,08416694 0,1048207 0,02836907 0,05098867 0,1251445 0,02719522 0,005049944 0,1240339 0,1899507 0,2216208 0,3011103 0,1632113 0,1360459 0,220365 0,4865947 
Absolute Error Mean: 0,1417917

[ p ;  jungle16 ; breaker: 1,0 ] --> 0,2 0,5 0,76 1,37 1,93 2,24 2,72 2,93 3,2 3,51 3,78 4,08 4,57 4,9 5,19 5,3 
[ b ;  jungle16 ; breaker: 1,0 ] --> 0,2 0,5529081 0,8362185 1,464596 2,068441 2,427075 2,807534 2,958787 3,341014 3,69916 4,081789 4,385995 4,764689 5,09513 5,427498 5,85681 
[ e ;  jungle16 ; breaker: 1,0 ] --> 0 0,05290812 0,07621849 0,09459555 0,1384407 0,1870747 0,08753443 0,0287869 0,1410136 0,1891596 0,301789 0,305995 0,1946888 0,1951303 0,2374983 0,5568099 
Absolute Error Mean: 0,1742277

[ p ;  jungle16 ; breaker: 1,0 ] --> 0,2 0,5 0,76 1,37 1,93 2,24 2,72 2,93 3,2 3,51 3,78 4,08 4,57 4,9 5,19 5,3 
[ b ;  jungle16 ; breaker: 1,0 ] --> 0,2 0,5054228 0,8303955 1,383355 1,865794 2,19793 2,501501 2,682213 3,01195 3,368233 3,6961 3,954144 4,284191 4,591698 4,899926 5,101492 
[ e ;  jungle16 ; breaker: 1,0 ] --> 0 0,005422771 0,07039547 0,01335549 0,06420624 0,04207039 0,2184992 0,247787 0,1880503 0,1417668 0,08390021 0,1258554 0,2858095 0,3083024 0,2900743 0,1985078 
Absolute Error Mean: 0,1427502

[ p ;  jungle16 ; breaker: 1,0 ] --> 0,2 0,5 0,76 1,37 1,93 2,24 2,72 2,93 3,2 3,51 3,78 4,08 4,57 4,9 5,19 5,3 
[ b ;  jungle16 ; breaker: 1,0 ] --> 0,2 0,5288444 0,8089924 1,39107 2,001591 2,327788 2,681371 2,861195 3,185903 3,564804 3,865606 4,193778 4,496751 4,801308 5,124778 5,326193 
[ e ;  jungle16 ; breaker: 1,0 ] --> 0 0,02884436 0,0489924 0,02107048 0,07159078 0,08778834 0,03862929 0,06880498 0,01409745 0,05480433 0,0856061 0,1137776 0,07324934 0,09869194 0,06522179 0,02619267 
Absolute Error Mean: 0,05608512

[ p ;  jungle16 ; breaker: 1,0 ] --> 0,2 0,5 0,76 1,37 1,93 2,24 2,72 2,93 3,2 3,51 3,78 4,08 4,57 4,9 5,19 5,3 
[ b ;  jungle16 ; breaker: 1,0 ] --> 0,2 0,4788268 0,77982 1,367962 1,904623 2,255041 2,585035 2,788096 3,165247 3,540164 3,86749 4,174398 4,480101 4,729948 5,079403 5,279777 
[ e ;  jungle16 ; breaker: 1,0 ] --> 0 0,02117318 0,01981997 0,002037883 0,02537704 0,01504111 0,1349649 0,1419044 0,03475332 0,03016448 0,08749008 0,0943985 0,08989954 0,1700525 0,1105971 0,02022362 
Absolute Error Mean: 0,06236861

[ p ;  jungle16 ; breaker: 1,0 ] --> 0,2 0,5 0,76 1,37 1,93 2,24 2,72 2,93 3,2 3,51 3,78 4,08 4,57 4,9 5,19 5,3 
[ b ;  jungle16 ; breaker: 1,0 ] --> 0,2 0,5611999 0,8704462 1,335247 1,846065 2,181785 2,510963 2,716349 3,097213 3,42703 3,782366 4,114542 4,521406 4,803891 5,238644 5,441986 
[ e ;  jungle16 ; breaker: 1,0 ] --> 0 0,0611999 0,1104462 0,03475296 0,08393455 0,05821514 0,2090366 0,2136512 0,102787 0,08297014 0,002365828 0,03454208 0,04859447 0,09610939 0,04864359 0,1419854 
Absolute Error Mean: 0,08307716

[ p ;  jungle16 ; breaker: 1,0 ] --> 0,2 0,5 0,76 1,37 1,93 2,24 2,72 2,93 3,2 3,51 3,78 4,08 4,57 4,9 5,19 5,3 
[ b ;  jungle16 ; breaker: 1,0 ] --> 0,2 0,5264444 0,8532915 1,387256 1,81898 2,124268 2,450092 2,654125 3,086294 3,461612 3,760954 4,139536 4,566401 4,893789 5,299802 5,574764 
[ e ;  jungle16 ; breaker: 1,0 ] --> 0 0,02644438 0,09329152 0,01725614 0,1110195 0,1157324 0,2699084 0,2758753 0,1137064 0,04838777 0,01904583 0,05953598 0,003599167 0,006211281 0,1098022 0,2747641 
Absolute Error Mean: 0,09653628

[ p ;  jungle16 ; breaker: 1,0 ] --> 0,2 0,5 0,76 1,37 1,93 2,24 2,72 2,93 3,2 3,51 3,78 4,08 4,57 4,9 5,19 5,3 
[ b ;  jungle16 ; breaker: 1,0 ] --> 0,2 0,5283355 0,8828739 1,473174 2,00693 2,38977 2,746412 2,956847 3,3881 3,771119 4,124237 4,428964 4,760868 5,09514 5,529423 5,734095 
[ e ;  jungle16 ; breaker: 1,0 ] --> 0 0,02833551 0,1228739 0,1031743 0,07692969 0,1497698 0,02641225 0,02684665 0,1881003 0,2611194 0,3442371 0,3489637 0,1908674 0,1951404 0,3394227 0,4340949 
Absolute Error Mean: 0,177268

[ p ;  jungle26 ; breaker: 1,0 ] --> 0,2 0,5 0,76 1,37 1,93 2,24 2,72 2,93 3,2 3,51 3,78 4,08 4,57 4,9 5,19 5,3 
[ b ;  jungle26 ; breaker: 1,0 ] --> 0,2 0,4821125 0,9896029 1,523733 1,981876 2,334287 2,63263 2,834461 3,23366 3,533694 3,887997 4,189234 4,495152 4,750225 5,129207 5,333316 5,688624 6,069448 6,474582 6,775404 7,12615 7,434711 7,766183 8,070334 8,376758 8,733113 
[ e ;  jungle26 ; breaker: 1,0 ] --> 0 0,01788747 0,2296029 0,1537327 0,05187643 0,09428716 0,08736992 0,09553909 0,03366041 0,02369428 0,1079967 0,1092343 0,0748477 0,149775 0,0607934 0,03331566 
Absolute Error Mean: 0,08272582

[ p ;  jungle26 ; breaker: 1,0 ] --> 0,2 0,5 0,76 1,37 1,93 2,24 2,72 2,93 3,2 3,51 3,78 4,08 4,57 4,9 5,19 5,3 5,92 6,1 6,37 6,76 7,09 7,24 7,7 7,8 8,24 8,5 
[ b ;  jungle26 ; breaker: 1,0 ] --> 0,2 0,5032595 0,8139538 1,450863 1,961603 2,396794 2,680056 2,891351 3,295925 3,64547 3,948283 4,279392 4,560402 4,915737 5,269805 5,472701 5,807467 6,248402 6,585018 6,889909 7,197241 7,53007 7,862681 8,166296 8,470243 8,903769 
[ e ;  jungle26 ; breaker: 1,0 ] --> 0 0,00325948 0,05395383 0,08086276 0,03160274 0,1567938 0,0399437 0,03864908 0,09592533 0,1354702 0,1682827 0,1993923 0,009598255 0,01573706 0,0798049 0,1727009 0,1125336 0,1484022 0,2150178 0,129909 0,1072407 0,2900705 0,1626816 0,3662958 0,2302437 0,4037685 
Absolute Error Mean: 0,1326208

[ p ;  jungle26 ; breaker: 1,0 ] --> 0,2 0,5 0,76 1,37 1,93 2,24 2,72 2,93 3,2 3,51 3,78 4,08 4,57 4,9 5,19 5,3 5,92 6,1 6,37 6,76 7,09 7,24 7,7 7,8 8,24 8,5 
[ b ;  jungle26 ; breaker: 1,0 ] --> 0,2 0,4813337 0,8897075 1,451162 2,003402 2,308135 2,712722 2,86857 3,300732 3,655317 3,934933 4,26906 4,679297 4,95899 5,391107 5,570813 6,007817 6,441787 6,823112 7,081233 7,488846 7,795856 8,258219 8,514558 8,893828 9,297324 
[ e ;  jungle26 ; breaker: 1,0 ] --> 0 0,01866633 0,1297075 0,08116198 0,07340157 0,06813455 0,007277966 0,06142974 0,1007316 0,1453168 0,154933 0,1890602 0,1092973 0,05899 0,201107 0,270813 0,08781719 0,3417873 0,4531126 0,3212323 0,3988457 0,5558562 0,558219 0,7145576 0,6538286 0,7973242 
Absolute Error Mean: 0,2520234

[ p ;  jungle26 ; breaker: 1,0 ] --> 0,2 0,5 0,76 1,37 1,93 2,24 2,72 2,93 3,2 3,51 3,78 4,08 4,57 4,9 5,19 5,3 5,92 6,1 6,37 6,76 7,09 7,24 7,7 7,8 8,24 8,5 
[ b ;  jungle26 ; breaker: 1,0 ] --> 0,2 0,4744118 0,7999026 1,432869 2,063679 2,394095 2,720141 2,920283 3,326895 3,658111 3,985033 4,259091 4,585915 4,811165 5,25991 5,561646 5,936864 6,187965 6,564048 6,991009 7,377118 7,756173 8,190758 8,471854 8,828548 9,160775 
[ e ;  jungle26 ; breaker: 1,0 ] --> 0 0,02558824 0,03990257 0,06286919 0,1336793 0,1540947 0,0001413822 0,009717464 0,1268952 0,1481106 0,2050331 0,1790915 0,01591444 0,08883524 0,06990957 0,2616458 0,0168643 0,08796549 0,1940484 0,231009 0,287118 0,5161729 0,4907579 0,671854 0,5885487 0,6607752 
Absolute Error Mean: 0,2025593

[ p ;  jungle26 ; breaker: 1,0 ] --> 0,2 0,5 0,76 1,37 1,93 2,24 2,72 2,93 3,2 3,51 3,78 4,08 4,57 4,9 5,19 5,3 5,92 6,1 6,37 6,76 7,09 7,24 7,7 7,8 8,24 8,5 
[ b ;  jungle26 ; breaker: 1,0 ] --> 0,2 0,4791206 0,7590246 1,316125 1,929188 2,254665 2,635552 2,83911 3,193631 3,546688 3,849004 4,159442 4,464041 4,746215 5,128161 5,332666 5,664387 5,951742 6,333204 6,590436 6,895516 7,177921 7,539031 7,847748 8,125034 8,55324 
[ e ;  jungle26 ; breaker: 1,0 ] --> 0 0,02087942 0,0009753704 0,05387497 0,0008114576 0,01466537 0,08444834 0,09088993 0,006369114 0,03668809 0,06900382 0,07944202 0,1059589 0,1537852 0,0618391 0,03266621 0,2556133 0,1482577 0,03679562 0,1695647 0,1944838 0,06207895 0,1609693 0,04774761 0,1149654 0,05323982 
Absolute Error Mean: 0,07907744

[ p ;  jungle26 ; breaker: 1,0 ] --> 0,2 0,5 0,76 1,37 1,93 2,24 2,72 2,93 3,2 3,51 3,78 4,08 4,57 4,9 5,19 5,3 5,92 6,1 6,37 6,76 7,09 7,24 7,7 7,8 8,24 8,5 
[ b ;  jungle26 ; breaker: 1,0 ] --> 0,2 0,481449 0,8646342 1,450612 2,012641 2,323075 2,627234 2,855502 3,216037 3,521916 3,85371 4,130109 4,459346 4,737677 5,090866 5,290768 5,589437 6,025918 6,325251 6,676822 6,957415 7,2896 7,641953 8,050385 8,332463 8,767409 
[ e ;  jungle26 ; breaker: 1,0 ] --> 0 0,01855099 0,1046342 0,0806123 0,08264101 0,08307505 0,09276581 0,07449794 0,01603723 0,01191592 0,07371044 0,05010939 0,1106544 0,1623235 0,09913445 0,009232044 0,3305635 0,0740819 0,04474926 0,08317852 0,132585 0,04960012 0,05804634 0,2503853 0,09246349 0,2674093 
Absolute Error Mean: 0,09434451

[ p ;  jungle26 ; breaker: 1,0 ] --> 0,2 0,5 0,76 1,37 1,93 2,24 2,72 2,93 3,2 3,51 3,78 4,08 4,57 4,9 5,19 5,3 5,92 6,1 6,37 6,76 7,09 7,24 7,7 7,8 8,24 8,5 
[ b ;  jungle26 ; breaker: 1,0 ] --> 0,2 0,5270576 0,8765959 1,530798 2,157927 2,485584 2,836622 3,013467 3,365427 3,62094 3,99858 4,275158 4,627735 4,933782 5,313787 5,491194 5,925454 6,103376 6,480262 6,762121 7,091449 7,372787 7,780954 8,086992 8,314109 8,694234 
[ e ;  jungle26 ; breaker: 1,0 ] --> 0 0,02705765 0,1165959 0,1607981 0,2279273 0,2455842 0,1166215 0,08346653 0,1654272 0,11094 0,2185802 0,1951585 0,05773449 0,03378153 0,1237874 0,1911936 0,005454063 0,003376007 0,1102619 0,002120972 0,001449108 0,1327877 0,08095455 0,2869921 0,07410908 0,1942339 
Absolute Error Mean: 0,1140921

[ p ;  jungle26 ; breaker: 1,0 ] --> 0,2 0,5 0,76 1,37 1,93 2,24 2,72 2,93 3,2 3,51 3,78 4,08 4,57 4,9 5,19 5,3 5,92 6,1 6,37 6,76 7,09 7,24 7,7 7,8 8,24 8,5 
[ b ;  jungle26 ; breaker: 1,0 ] --> 0,2 0,5341595 0,8325212 1,465101 2,066508 2,425644 2,782821 2,960842 3,471261 3,852961 4,182503 4,485395 4,813271 5,065186 5,473101 5,651317 6,08195 6,232778 6,617877 6,898694 7,202756 7,505836 7,932547 8,185816 8,493617 8,84831 
[ e ;  jungle26 ; breaker: 1,0 ] --> 0 0,03415948 0,07252121 0,09510064 0,1365083 0,1856437 0,06282067 0,03084159 0,2712605 0,3429608 0,4025028 0,405395 0,2432704 0,1651855 0,2831006 0,3513165 0,1619496 0,1327777 0,2478776 0,1386933 0,1127563 0,2658358 0,2325468 0,3858156 0,2536173 0,3483105 
Absolute Error Mean: 0,2062603

[ p ;  jungle26 ; breaker: 1,0 ] --> 0,2 0,5 0,76 1,37 1,93 2,24 2,72 2,93 3,2 3,51 3,78 4,08 4,57 4,9 5,19 5,3 5,92 6,1 6,37 6,76 7,09 7,24 7,7 7,8 8,24 8,5 
[ b ;  jungle26 ; breaker: 1,0 ] --> 0,2 0,4775815 0,7810947 1,283357 1,858262 2,15909 2,512027 2,712102 3,092067 3,441469 3,793312 4,069802 4,394064 4,693292 5,070982 5,299262 5,657241 5,962406 6,292531 6,546329 6,850261 7,154177 7,480319 7,807316 8,208185 8,509044 
[ e ;  jungle26 ; breaker: 1,0 ] --> 0 0,0224185 0,02109468 0,08664262 0,07173753 0,08091044 0,207973 0,2178979 0,1079335 0,06853056 0,0133121 0,01019764 0,1759357 0,2067084 0,1190186 0,0007381439 0,2627587 0,1375942 0,07746935 0,2136707 0,2397389 0,08582306 0,2196813 0,007316113 0,03181458 0,009043694 
Absolute Error Mean: 0,1036908

[ p ;  jungle26 ; breaker: 1,0 ] --> 0,2 0,5 0,76 1,37 1,93 2,24 2,72 2,93 3,2 3,51 3,78 4,08 4,57 4,9 5,19 5,3 5,92 6,1 6,37 6,76 7,09 7,24 7,7 7,8 8,24 8,5 
[ b ;  jungle26 ; breaker: 1,0 ] --> 0,2 0,5293119 0,8308414 1,492084 2,130635 2,485493 2,790443 2,994892 3,369452 3,648071 3,900847 4,20211 4,607968 4,96158 5,369875 5,547097 5,952249 6,155525 6,5633 6,841831 7,198179 7,530015 7,936568 8,193299 8,525852 8,932774 
[ e ;  jungle26 ; breaker: 1,0 ] --> 0 0,0293119 0,07084143 0,1220838 0,2006356 0,2454934 0,07044291 0,06489205 0,1694515 0,1380706 0,1208467 0,1221099 0,03796768 0,06158018 0,1798754 0,247097 0,0322485 0,0555253 0,1933002 0,08183098 0,1081786 0,2900147 0,2365685 0,3932991 0,2858524 0,4327736 
Absolute Error Mean: 0,1534728

[ p ;  jungle8 ; breaker: 1,0 ] --> 0,2 0,5 0,76 1,37 1,93 2,24 2,72 2,93 3,2 3,51 3,78 4,08 4,57 4,9 5,19 5,3 5,92 6,1 6,37 6,76 7,09 7,24 7,7 7,8 8,24 8,5 
[ s ;  jungle8 ; breaker: 1,0 ] --> 0,2 0,5026999 0,8347144 1,520979 2,203015 2,630577 3,114989 3,290124 
[ e ;  jungle8 ; breaker: 1,0 ] --> 0 0,002699912 0,07471442 0,1509794 0,2730149 0,3905773 0,3949893 0,3601243 
Absolute Error Mean: 4,149888

[ p ;  jungle8 ; breaker: 1,0 ] --> 0,2 0,5 0,76 1,37 1,93 2,24 2,72 2,93 
[ s ;  jungle8 ; breaker: 1,0 ] --> 0,2 0,5010635 0,9084333 1,59081 2,250235 2,60131 3,084001 3,260994 
[ e ;  jungle8 ; breaker: 1,0 ] --> 0 0,001063526 0,1484333 0,2208099 0,3202351 0,36131 0,3640006 0,3309937 
Absolute Error Mean: 0,2183558

[ p ;  jungle8 ; breaker: 1,0 ] --> 0,2 0,5 0,76 1,37 1,93 2,24 2,72 2,93 
[ s ;  jungle8 ; breaker: 1,0 ] --> 0,2 0,527101 0,8250598 1,450032 1,959138 2,363712 2,769773 2,921273 
[ e ;  jungle8 ; breaker: 1,0 ] --> 0 0,02710104 0,06505984 0,08003163 0,02913833 0,1237116 0,0497725 0,008727074 
Absolute Error Mean: 0,04794275

[ p ;  jungle8 ; breaker: 1,0 ] --> 0,2 0,5 0,76 1,37 1,93 2,24 2,72 2,93 
[ s ;  jungle8 ; breaker: 1,0 ] --> 0,2 0,5499312 0,8527285 1,487503 2,175437 2,478773 2,987335 3,162184 
[ e ;  jungle8 ; breaker: 1,0 ] --> 0 0,04993117 0,0927285 0,1175032 0,245437 0,2387733 0,2673349 0,2321842 
Absolute Error Mean: 0,1554865

[ p ;  jungle8 ; breaker: 1,0 ] --> 0,2 0,5 0,76 1,37 1,93 2,24 2,72 2,93 
[ s ;  jungle8 ; breaker: 1,0 ] --> 0,2 0,4758566 0,7496149 1,322255 1,880901 2,188985 2,444542 2,572121 
[ e ;  jungle8 ; breaker: 1,0 ] --> 0 0,0241434 0,0103851 0,04774499 0,04909885 0,05101514 0,2754579 0,3578792 
Absolute Error Mean: 0,1019656

[ p ;  jungle8 ; breaker: 1,0 ] --> 0,2 0,5 0,76 1,37 1,93 2,24 2,72 2,93 
[ s ;  jungle8 ; breaker: 1,0 ] --> 0,2 0,4770039 0,8067018 1,464123 2,219392 2,52272 3,053052 3,230885 
[ e ;  jungle8 ; breaker: 1,0 ] --> 0 0,02299607 0,04670185 0,09412313 0,2893916 0,2827199 0,3330522 0,3008845 
Absolute Error Mean: 0,1712337

[ p ;  jungle8 ; breaker: 1,0 ] --> 0,2 0,5 0,76 1,37 1,93 2,24 2,72 2,93 
[ s ;  jungle8 ; breaker: 1,0 ] --> 0,2 0,5002285 0,8270232 1,457437 2,134741 2,516784 2,94973 3,125454 
[ e ;  jungle8 ; breaker: 1,0 ] --> 0 0,0002285242 0,06702322 0,08743727 0,2047411 0,2767842 0,2297301 0,1954541 
Absolute Error Mean: 0,1326748

[ p ;  jungle8 ; breaker: 1,0 ] --> 0,2 0,5 0,76 1,37 1,93 2,24 2,72 2,93 
[ s ;  jungle8 ; breaker: 1,0 ] --> 0,2 0,5289797 0,9092545 1,590227 2,219074 2,575139 3,00764 3,182535 
[ e ;  jungle8 ; breaker: 1,0 ] --> 0 0,02897972 0,1492545 0,2202269 0,2890736 0,335139 0,2876396 0,2525349 
Absolute Error Mean: 0,195356

[ p ;  jungle8 ; breaker: 1,0 ] --> 0,2 0,5 0,76 1,37 1,93 2,24 2,72 2,93 
[ s ;  jungle8 ; breaker: 1,0 ] --> 0,2 0,4778845 0,8315341 1,488225 2,169515 2,543499 2,975255 3,15067 
[ e ;  jungle8 ; breaker: 1,0 ] --> 0 0,0221155 0,0715341 0,118225 0,2395154 0,3034992 0,2552552 0,2206697 
Absolute Error Mean: 0,1538518

[ p ;  jungle8 ; breaker: 1,0 ] --> 0,2 0,5 0,76 1,37 1,93 2,24 2,72 2,93 
[ s ;  jungle8 ; breaker: 1,0 ] --> 0,2 0,4780227 0,7841438 1,364648 2,044309 2,395284 2,642478 2,917912 3,070276 
[ e ;  jungle8 ; breaker: 1,0 ] --> 0 0,02197728 0,02414382 0,005351663 0,1143094 0,1552837 0,07752228 0,01208854 
Absolute Error Mean: 0,05133459

[ p ;  jungle26 ; breaker: 1,0 ] --> 0,2 0,5 0,76 1,37 1,93 2,24 2,72 2,93 
[ s ;  jungle26 ; breaker: 1,0 ] --> 0,2 0,4799441 0,780355 1,337815 1,917384 2,191228 2,54568 2,674653 3,180681 3,431784 3,70974 4,010392 4,287245 4,567005 4,848721 5,004323 5,437133 5,590738 5,922345 6,200758 6,457457 6,759569 7,140021 7,392499 7,643697 7,974562 
[ e ;  jungle26 ; breaker: 1,0 ] --> 0 0,02005592 0,02035499 0,03218544 0,01261604 0,04877186 0,1743202 0,255347 
Absolute Error Mean: 0,07045643

[ p ;  jungle26 ; breaker: 1,0 ] --> 0,2 0,5 0,76 1,37 1,93 2,24 2,72 2,93 3,2 3,51 3,78 4,08 4,57 4,9 5,19 5,3 5,92 6,1 6,37 6,76 7,09 7,24 7,7 7,8 8,24 8,5 
[ s ;  jungle26 ; breaker: 1,0 ] --> 0,2 0,5244907 0,8508105 1,573965 2,24854 2,595092 3,016926 3,190192 3,565037 3,918659 4,370741 4,618114 5,048128 5,374983 5,703437 5,905352 6,356872 6,684874 6,888847 7,221525 7,521908 7,777673 8,183938 8,691765 9,048939 9,279726 
[ e ;  jungle26 ; breaker: 1,0 ] --> 0 0,02449071 0,09081048 0,2039649 0,3185402 0,3550923 0,2969263 0,2601922 0,3650365 0,4086592 0,5907409 0,5381141 0,478128 0,4749827 0,5134373 0,6053519 0,4368715 0,5848737 0,5188475 0,4615245 0,4319077 0,537673 0,4839382 0,8917646 0,808939 0,779726 
Absolute Error Mean: 0,4407898

[ p ;  jungle26 ; breaker: 1,0 ] --> 0,2 0,5 0,76 1,37 1,93 2,24 2,72 2,93 3,2 3,51 3,78 4,08 4,57 4,9 5,19 5,3 5,92 6,1 6,37 6,76 7,09 7,24 7,7 7,8 8,24 8,5 
[ s ;  jungle26 ; breaker: 1,0 ] --> 0,2 0,4764429 0,8043294 1,435469 2,089708 2,416784 2,916327 3,092464 3,44315 3,749412 4,100755 4,654591 5,005347 5,435515 5,765511 5,917967 6,36782 6,722258 6,899247 7,2531 7,607929 7,96326 8,344338 8,62314 8,92461 9,151317 
[ e ;  jungle26 ; breaker: 1,0 ] --> 0 0,0235571 0,0443294 0,06546855 0,1597081 0,1767838 0,1963272 0,1624637 0,24315 0,2394123 0,3207552 0,5745907 0,4353471 0,5355153 0,575511 0,6179671 0,4478197 0,6222582 0,5292473 0,4931002 0,5179291 0,7232604 0,6443386 0,8231401 0,6846104 0,6513166 
Absolute Error Mean: 0,4041503

[ p ;  jungle26 ; breaker: 1,0 ] --> 0,2 0,5 0,76 1,37 1,93 2,24 2,72 2,93 3,2 3,51 3,78 4,08 4,57 4,9 5,19 5,3 5,92 6,1 6,37 6,76 7,09 7,24 7,7 7,8 8,24 8,5 
[ s ;  jungle26 ; breaker: 1,0 ] --> 0,2 0,5542513 0,8311104 1,487213 2,174298 2,4992 2,77834 2,929184 3,281763 3,557584 3,882817 4,159561 4,614112 4,893699 5,299616 5,478948 5,911908 6,219759 6,543131 6,873262 7,271417 7,550578 8,004041 8,280669 8,511614 8,788043 
[ e ;  jungle26 ; breaker: 1,0 ] --> 0 0,05425125 0,07111043 0,1172127 0,2442981 0,2592001 0,05834007 0,0008163452 0,08176255 0,04758406 0,1028166 0,07956123 0,04411173 0,006300926 0,1096158 0,1789479 0,008091927 0,1197586 0,173131 0,1132622 0,1814165 0,3105783 0,3040409 0,480669 0,2716141 0,288043 
Absolute Error Mean: 0,1425591

[ p ;  jungle26 ; breaker: 1,0 ] --> 0,2 0,5 0,76 1,37 1,93 2,24 2,72 2,93 3,2 3,51 3,78 4,08 4,57 4,9 5,19 5,3 5,92 6,1 6,37 6,76 7,09 7,24 7,7 7,8 8,24 8,5 
[ s ;  jungle26 ; breaker: 1,0 ] --> 0,2 0,5033998 0,8283637 1,481951 2,141064 2,520359 2,951623 3,151062 3,553265 3,90581 4,338779 4,794955 5,198766 5,446621 5,874804 6,051219 6,528385 6,725592 7,152455 7,527981 7,805509 8,131137 8,587043 8,868896 9,222399 9,601259 
[ e ;  jungle26 ; breaker: 1,0 ] --> 0 0,003399849 0,06836367 0,1119515 0,2110645 0,280359 0,2316234 0,2210615 0,3532648 0,3958104 0,558779 0,7149549 0,6287661 0,5466208 0,6848035 0,7512188 0,6083846 0,6255918 0,782455 0,7679811 0,7155089 0,8911371 0,887043 1,068896 0,982399 1,101259 
Absolute Error Mean: 0,545873

[ p ;  jungle26 ; breaker: 1,0 ] --> 0,2 0,5 0,76 1,37 1,93 2,24 2,72 2,93 3,2 3,51 3,78 4,08 4,57 4,9 5,19 5,3 5,92 6,1 6,37 6,76 7,09 7,24 7,7 7,8 8,24 8,5 
[ s ;  jungle26 ; breaker: 1,0 ] --> 0,2 0,4984475 0,800123 1,455186 2,11337 2,537629 2,940819 3,119544 3,553838 3,860806 4,319674 4,495555 4,82486 5,105981 5,509082 5,687581 6,115012 6,290855 6,719385 7,075569 7,409377 7,686041 8,091839 8,293732 8,621203 9,054996 
[ e ;  jungle26 ; breaker: 1,0 ] --> 0 0,001552522 0,04012305 0,08518612 0,1833702 0,2976289 0,220819 0,1895437 0,3538384 0,3508062 0,5396745 0,415555 0,2548594 0,2059813 0,3190818 0,3875804 0,1950116 0,1908555 0,3493853 0,3155689 0,3193765 0,4460411 0,391839 0,4937315 0,3812037 0,5549965 
Absolute Error Mean: 0,2878312

[ p ;  jungle26 ; breaker: 1,0 ] --> 0,2 0,5 0,76 1,37 1,93 2,24 2,72 2,93 3,2 3,51 3,78 4,08 4,57 4,9 5,19 5,3 5,92 6,1 6,37 6,76 7,09 7,24 7,7 7,8 8,24 8,5 
[ s ;  jungle26 ; breaker: 1,0 ] --> 0,2 0,5230753 0,8243423 1,480283 2,137084 2,514518 2,965841 3,116592 3,571457 3,94702 4,346144 4,701287 5,130346 5,436657 5,767562 5,92076 6,428712 6,606241 7,142331 7,36908 7,721389 7,999793 8,53181 8,734653 9,188446 9,541838 
[ e ;  jungle26 ; breaker: 1,0 ] --> 0 0,02307528 0,06434232 0,1102833 0,2070845 0,2745175 0,245841 0,1865919 0,3714566 0,4370196 0,5661438 0,6212869 0,5603461 0,5366569 0,5775619 0,6207595 0,5087118 0,5062408 0,7723312 0,6090798 0,6313887 0,7597928 0,83181 0,9346533 0,9484463 1,041838 
Absolute Error Mean: 0,4979715

[ p ;  jungle26 ; breaker: 1,0 ] --> 0,2 0,5 0,76 1,37 1,93 2,24 2,72 2,93 3,2 3,51 3,78 4,08 4,57 4,9 5,19 5,3 5,92 6,1 6,37 6,76 7,09 7,24 7,7 7,8 8,24 8,5 
[ s ;  jungle26 ; breaker: 1,0 ] --> 0,2 0,5251208 0,850825 1,479732 2,136153 2,483586 2,962197 3,141455 3,594486 3,899783 4,353442 4,578888 5,029742 5,333389 5,712925 5,8912 6,374641 6,574906 6,956376 7,386356 7,716274 8,04963 8,529618 8,733555 9,182961 9,531119 
[ e ;  jungle26 ; breaker: 1,0 ] --> 0 0,02512079 0,09082502 0,1097319 0,2061528 0,2435856 0,2421966 0,2114551 0,3944855 0,3897829 0,5734422 0,498888 0,4597416 0,4333892 0,5229254 0,5911999 0,4546413 0,474906 0,5863762 0,6263561 0,6262736 0,8096304 0,8296185 0,9335546 0,9429617 1,031119 
Absolute Error Mean: 0,4733985

[ p ;  jungle26 ; breaker: 1,0 ] --> 0,2 0,5 0,76 1,37 1,93 2,24 2,72 2,93 3,2 3,51 3,78 4,08 4,57 4,9 5,19 5,3 5,92 6,1 6,37 6,76 7,09 7,24 7,7 7,8 8,24 8,5 
[ s ;  jungle26 ; breaker: 1,0 ] --> 0,2 0,4793555 0,8101271 1,464928 2,047131 2,455449 2,851531 3,054439 3,507015 3,805561 4,255469 4,483828 4,865035 5,299507 5,649661 5,825839 6,207116 6,435067 6,613206 6,965663 7,391841 7,617703 8,06448 8,266222 8,747991 9,078291 
[ e ;  jungle26 ; breaker: 1,0 ] --> 0 0,02064452 0,05012715 0,09492779 0,1171314 0,2154493 0,1315312 0,1244385 0,3070149 0,2955608 0,4754694 0,4038281 0,2950349 0,3995066 0,459661 0,5258389 0,2871161 0,3350668 0,2432065 0,2056627 0,3018408 0,3777032 0,36448 0,4662218 0,5079908 0,5782909 
Absolute Error Mean: 0,2916825

[ p ;  jungle26 ; breaker: 1,0 ] --> 0,2 0,5 0,76 1,37 1,93 2,24 2,72 2,93 3,2 3,51 3,78 4,08 4,57 4,9 5,19 5,3 5,92 6,1 6,37 6,76 7,09 7,24 7,7 7,8 8,24 8,5 
[ s ;  jungle26 ; breaker: 1,0 ] --> 0,2 0,504304 0,8315953 1,475255 2,046575 2,696515 3,042422 3,316551 3,740071 4,034804 4,482861 4,880437 5,335658 5,690601 6,015476 6,194601 6,674331 6,852168 7,358118 7,636394 8,03752 8,241755 8,673843 8,899808 9,357317 9,660036 
[ e ;  jungle26 ; breaker: 1,0 ] --> 0 0,004303992 0,07159531 0,1052552 0,1165754 0,4565151 0,322422 0,3865511 0,540071 0,5248039 0,7028611 0,800437 0,7656574 0,7906008 0,8254757 0,8946004 0,7543306 0,7521677 0,9881177 0,8763933 0,9475203 1,001755 0,9738436 1,099808 1,117317 1,160036 
Absolute Error Mean: 0,653039

[ p ;  jungle8 ; breaker: 1,0 ] --> 0,2 0,5 0,76 1,37 1,93 2,24 2,72 2,93 3,2 3,51 3,78 4,08 4,57 4,9 5,19 5,3 5,92 6,1 6,37 6,76 7,09 7,24 7,7 7,8 8,24 8,5 
