
NEW RESULT

[ p ;  jungle8 ; breaker: 1,0 ] --> 0,2 0,5 0,76 1,37 1,93 2,24 2,72 2,93 
[ b ;  jungle8 ; breaker: 1,0 ] --> 0,2 1,506419 2,031597 2,257912 2,998479 4,308519 4,713578 4,83951 4,991653 5,268353 5,473928 7,4155 17,08808 17,46279 18,06702 18,34765 
[ e ;  jungle8 ; breaker: 1,0 ] --> 0 1,006419 1,271597 0,8879122 1,068479 2,068519 1,993578 1,90951 
Absolute Error Mean: 1,275752

[ p ;  jungle8 ; breaker: 1,0 ] --> 0,2 0,5 0,76 1,37 1,93 2,24 2,72 2,93 
[ b ;  jungle8 ; breaker: 1,0 ] --> 0,2 0,5366401 0,8164104 1,377229 1,91441 2,523691 2,859094 3,16678 
[ e ;  jungle8 ; breaker: 1,0 ] --> 0 0,03664011 0,05641037 0,007228971 0,01558971 0,2836907 0,1390936 0,2367802 
Absolute Error Mean: 0,09692921

[ p ;  jungle8 ; breaker: 1,0 ] --> 0,2 0,5 0,76 1,37 1,93 2,24 2,72 2,93 
[ b ;  jungle8 ; breaker: 1,0 ] --> 0,2 0,5620061 0,8432306 1,333276 1,968537 2,454497 3,144944 3,425792 
[ e ;  jungle8 ; breaker: 1,0 ] --> 0 0,06200606 0,08323061 0,03672385 0,0385375 0,2144966 0,4249444 0,4957924 
Absolute Error Mean: 0,1694664

[ p ;  jungle8 ; breaker: 1,0 ] --> 0,2 0,5 0,76 1,37 1,93 2,24 2,72 2,93 
[ b ;  jungle8 ; breaker: 1,0 ] --> 0,2 0,5045452 0,7563846 1,36484 2,282467 2,588359 3,25029 3,557254 
[ e ;  jungle8 ; breaker: 1,0 ] --> 0 0,004545152 0,003615379 0,005160332 0,3524667 0,3483589 0,5302901 0,6272542 
Absolute Error Mean: 0,2339613

[ p ;  jungle8 ; breaker: 1,0 ] --> 0,2 0,5 0,76 1,37 1,93 2,24 2,72 2,93 
[ b ;  jungle8 ; breaker: 1,0 ] --> 0,2 0,5468336 0,8840032 1,718808 2,475301 2,780391 3,388851 3,643531 
[ e ;  jungle8 ; breaker: 1,0 ] --> 0 0,04683357 0,1240032 0,3488079 0,5453011 0,5403914 0,6688511 0,713531 
Absolute Error Mean: 0,3734649

[ p ;  jungle8 ; breaker: 1,0 ] --> 0,2 0,5 0,76 1,37 1,93 2,24 2,72 2,93 
[ b ;  jungle8 ; breaker: 1,0 ] --> 0,2 0,526751 0,8044022 1,461364 2,294909 2,601028 3,239909 3,494426 
[ e ;  jungle8 ; breaker: 1,0 ] --> 0 0,02675104 0,04440224 0,09136367 0,3649095 0,3610277 0,5199087 0,5644259 
Absolute Error Mean: 0,2465986

[ p ;  jungle8 ; breaker: 1,0 ] --> 0,2 0,5 0,76 1,37 1,93 2,24 2,72 2,93 
[ b ;  jungle8 ; breaker: 1,0 ] --> 0,2 0,4332104 0,6380939 1,325998 1,914607 2,197782 2,807556 3,063037 
[ e ;  jungle8 ; breaker: 1,0 ] --> 0 0,06678957 0,121906 0,04400194 0,01539314 0,04221845 0,08755589 0,1330366 
Absolute Error Mean: 0,0638627

[ p ;  jungle8 ; breaker: 1,0 ] --> 0,2 0,5 0,76 1,37 1,93 2,24 2,72 2,93 
[ b ;  jungle8 ; breaker: 1,0 ] --> 0,2 0,4836876 0,7099937 1,288009 1,854149 2,08155 2,583287 2,81039 
[ e ;  jungle8 ; breaker: 1,0 ] --> 0 0,01631239 0,05000627 0,08199084 0,07585132 0,1584496 0,136713 0,1196105 
Absolute Error Mean: 0,07986675

[ p ;  jungle8 ; breaker: 1,0 ] --> 0,2 0,5 0,76 1,37 1,93 2,24 2,72 2,93 
[ b ;  jungle8 ; breaker: 1,0 ] --> 0,2 0,4526975 0,7109247 1,350215 2,031139 2,310184 2,841812 3,071422 
[ e ;  jungle8 ; breaker: 1,0 ] --> 0 0,04730245 0,04907525 0,01978505 0,1011387 0,07018352 0,1218116 0,1414223 
Absolute Error Mean: 0,06883986

[ p ;  jungle8 ; breaker: 1,0 ] --> 0,2 0,5 0,76 1,37 1,93 2,24 2,72 2,93 
[ b ;  jungle8 ; breaker: 1,0 ] --> 0,2 0,481894 0,73672 1,330078 1,970472 2,307382 2,899187 3,078801 
[ e ;  jungle8 ; breaker: 1,0 ] --> 0 0,01810598 0,02328002 0,03992176 0,04047251 0,0673821 0,1791868 0,1488011 
Absolute Error Mean: 0,06464379

[ p ;  jungle16 ; breaker: 1,0 ] --> 0,2 0,5 0,76 1,37 1,93 2,24 2,72 2,93 
[ s ;  jungle16 ; breaker: 1,0 ] --> 0,2 0,5521838 1,035779 1,468156 1,696872 2,205173 2,910508 3,191717 3,772527 4,125493 4,528347 5,060799 5,62119 6,006143 6,486147 6,717416 
[ e ;  jungle16 ; breaker: 1,0 ] --> 0 0,05218381 0,2757787 0,09815609 0,2331282 0,03482747 0,1905079 0,2617171 
Absolute Error Mean: 0,1432874

[ p ;  jungle16 ; breaker: 1,0 ] --> 0,2 0,5 0,76 1,37 1,93 2,24 2,72 2,93 3,2 3,51 3,78 4,08 4,57 4,9 5,19 5,3 
[ s ;  jungle16 ; breaker: 1,0 ] --> 0,2 0,5537341 0,8593659 1,362437 1,996792 2,301382 2,785749 3,115258 3,541758 3,877918 4,283882 4,759887 5,242992 5,550293 5,910419 6,243758 
[ e ;  jungle16 ; breaker: 1,0 ] --> 0 0,05373412 0,09936595 0,007563472 0,06679189 0,06138182 0,06574893 0,1852574 0,3417583 0,367918 0,5038822 0,6798873 0,6729922 0,6502934 0,7204185 0,9437575 
Absolute Error Mean: 0,3387969

[ p ;  jungle16 ; breaker: 1,0 ] --> 0,2 0,5 0,76 1,37 1,93 2,24 2,72 2,93 3,2 3,51 3,78 4,08 4,57 4,9 5,19 5,3 
[ s ;  jungle16 ; breaker: 1,0 ] --> 0,2 0,4500016 0,7276725 1,150218 1,656749 1,907303 2,2598 2,512448 2,717558 3,075607 3,351622 3,732369 4,01356 4,296814 4,500277 4,977427 
[ e ;  jungle16 ; breaker: 1,0 ] --> 0 0,0499984 0,03232747 0,2197815 0,2732511 0,3326969 0,4602003 0,417552 0,4824419 0,4343929 0,4283781 0,3476312 0,5564399 0,6031861 0,6897235 0,3225737 
Absolute Error Mean: 0,3531609

[ p ;  jungle16 ; breaker: 1,0 ] --> 0,2 0,5 0,76 1,37 1,93 2,24 2,72 2,93 3,2 3,51 3,78 4,08 4,57 4,9 5,19 5,3 
[ s ;  jungle16 ; breaker: 1,0 ] --> 0,2 0,5272378 0,8559569 1,339855 1,950025 2,327801 2,804688 3,036482 3,591543 4,077408 4,614436 5,046864 5,35191 5,683189 6,164058 6,341075 7,229228 8,163693 8,46994 8,853739 9,538938 9,845787 10,32874 10,50725 10,98847 11,29101 11,76843 12,12647 12,65306 12,95563 13,38418 13,5863 
[ e ;  jungle16 ; breaker: 1,0 ] --> 0 0,02723777 0,09595692 0,03014517 0,02002513 0,08780098 0,08468747 0,1064816 0,3915427 0,5674083 0,8344357 0,9668636 0,7819099 0,7831893 0,9740577 1,041075 
Absolute Error Mean: 0,4245511

[ p ;  jungle16 ; breaker: 1,0 ] --> 0,2 0,5 0,76 1,37 1,93 2,24 2,72 2,93 3,2 3,51 3,78 4,08 4,57 4,9 5,19 5,3 
[ s ;  jungle16 ; breaker: 1,0 ] --> 0,2 0,4551481 0,7065301 1,003476 1,680503 2,036188 2,54348 2,771899 3,329973 3,611171 4,088979 4,438789 4,94382 5,147796 5,509552 5,661899 
[ e ;  jungle16 ; breaker: 1,0 ] --> 0 0,0448519 0,0534699 0,3665243 0,2494973 0,2038116 0,1765196 0,1581006 0,1299727 0,1011715 0,3089788 0,3587894 0,3738194 0,2477961 0,3195519 0,3618984 
Absolute Error Mean: 0,2159221

[ p ;  jungle16 ; breaker: 1,0 ] --> 0,2 0,5 0,76 1,37 1,93 2,24 2,72 2,93 3,2 3,51 3,78 4,08 4,57 4,9 5,19 5,3 
[ s ;  jungle16 ; breaker: 1,0 ] --> 0,2 0,4776877 0,732773 1,187916 1,697048 1,984263 2,315225 2,519699 2,702178 3,109432 3,801861 4,233857 4,569218 4,851016 5,311171 5,46518 
[ e ;  jungle16 ; breaker: 1,0 ] --> 0 0,02231231 0,02722698 0,1820838 0,2329516 0,2557373 0,4047751 0,4103007 0,4978216 0,400568 0,02186084 0,1538572 0,0007820129 0,04898405 0,1211705 0,1651797 
Absolute Error Mean: 0,1841007

[ p ;  jungle16 ; breaker: 1,0 ] --> 0,2 0,5 0,76 1,37 1,93 2,24 2,72 2,93 3,2 3,51 3,78 4,08 4,57 4,9 5,19 5,3 
[ s ;  jungle16 ; breaker: 1,0 ] --> 0,2 0,4516764 0,8077961 1,217885 1,75451 1,983208 2,363152 2,565541 3,026391 3,306801 3,714205 4,066389 4,498537 4,72628 5,108232 5,313718 
[ e ;  jungle16 ; breaker: 1,0 ] --> 0 0,0483236 0,04779607 0,1521155 0,1754904 0,2567921 0,3568482 0,3644593 0,1736095 0,2031991 0,06579542 0,01361084 0,07146311 0,1737199 0,08176851 0,01371813 
Absolute Error Mean: 0,1374193

[ p ;  jungle16 ; breaker: 1,0 ] --> 0,2 0,5 0,76 1,37 1,93 2,24 2,72 2,93 3,2 3,51 3,78 4,08 4,57 4,9 5,19 5,3 
[ s ;  jungle16 ; breaker: 1,0 ] --> 0,2 0,5026298 0,8024558 1,204697 1,684779 1,987767 2,294815 2,522032 2,674789 2,902802 3,18347 3,43594 3,717274 3,944452 4,170246 4,421096 4,60195 5,38678 5,640703 5,867552 6,526079 6,777284 7,128928 7,386816 7,941382 8,195889 8,579401 8,860515 9,419605 9,718668 10,06999 10,24777 
[ e ;  jungle16 ; breaker: 1,0 ] --> 0 0,002629817 0,04245579 0,1653031 0,2452208 0,2522334 0,4251852 0,4079676 0,5252109 0,6071985 0,5965295 0,6440597 0,8527257 0,9555483 1,019754 0,8789043 
Absolute Error Mean: 0,4763079

[ p ;  jungle16 ; breaker: 1,0 ] --> 0,2 0,5 0,76 1,37 1,93 2,24 2,72 2,93 3,2 3,51 3,78 4,08 4,57 4,9 5,19 5,3 
[ s ;  jungle16 ; breaker: 1,0 ] --> 0,2 0,5269077 0,802946 1,129193 1,729983 1,979117 2,281378 2,535305 3,063125 3,367658 3,752306 4,056761 4,233684 4,663994 5,193858 5,371967 
[ e ;  jungle16 ; breaker: 1,0 ] --> 0 0,02690774 0,04294598 0,2408066 0,2000172 0,2608826 0,4386222 0,3946953 0,1368754 0,1423419 0,02769423 0,02323914 0,3363161 0,2360063 0,003857613 0,07196665 
Absolute Error Mean: 0,1614484

[ p ;  jungle16 ; breaker: 1,0 ] --> 0,2 0,5 0,76 1,37 1,93 2,24 2,72 2,93 3,2 3,51 3,78 4,08 4,57 4,9 5,19 5,3 
[ s ;  jungle16 ; breaker: 1,0 ] --> 0,2 0,4999151 0,781924 1,186161 1,670818 1,896625 2,303839 2,482403 2,907691 3,18574 3,641048 4,094071 4,500132 4,778578 5,181386 5,383504 
[ e ;  jungle16 ; breaker: 1,0 ] --> 0 8,490682E-05 0,02192402 0,1838392 0,2591821 0,3433754 0,4161606 0,4475975 0,2923086 0,3242605 0,138952 0,01407099 0,06986809 0,1214218 0,00861454 0,08350372 
Absolute Error Mean: 0,1703227

[ p ;  jungle16 ; breaker: 1,0 ] --> 0,2 0,5 0,76 1,37 1,93 2,24 2,72 2,93 3,2 3,51 3,78 4,08 4,57 4,9 5,19 5,3 
[ b ;  jungle16 ; breaker: 1,0 ] --> 0,2 0,58449 0,8426485 1,227145 2,200379 2,531443 3,305358 3,639183 3,95283 4,308609 4,666234 4,972379 5,351641 5,962601 6,164965 6,344434 
[ e ;  jungle16 ; breaker: 1,0 ] --> 0 0,08449 0,08264852 0,1428554 0,2703789 0,2914426 0,5853584 0,7091825 0,75283 0,798609 0,886234 0,8923793 0,7816405 1,062601 0,9749651 1,044434 
Absolute Error Mean: 0,5850031

[ p ;  jungle16 ; breaker: 1,0 ] --> 0,2 0,5 0,76 1,37 1,93 2,24 2,72 2,93 3,2 3,51 3,78 4,08 4,57 4,9 5,19 5,3 
[ b ;  jungle16 ; breaker: 1,0 ] --> 0,2 0,4060041 0,5851123 1,198354 1,757498 1,985146 2,473395 2,757375 2,988364 3,191567 3,629641 3,916015 4,147072 4,578573 4,779779 4,935061 
[ e ;  jungle16 ; breaker: 1,0 ] --> 0 0,0939959 0,1748877 0,1716458 0,172502 0,254854 0,2466047 0,1726253 0,2116365 0,3184326 0,1503589 0,1639848 0,4229279 0,3214273 0,4102206 0,3649387 
Absolute Error Mean: 0,2281902

[ p ;  jungle16 ; breaker: 1,0 ] --> 0,2 0,5 0,76 1,37 1,93 2,24 2,72 2,93 3,2 3,51 3,78 4,08 4,57 4,9 5,19 5,3 
[ b ;  jungle16 ; breaker: 1,0 ] --> 0,2 0,425995 0,6291553 1,014621 1,498794 1,681103 2,216797 2,419287 2,72357 2,928473 3,235079 3,514947 3,84829 4,238172 4,419504 4,572694 
[ e ;  jungle16 ; breaker: 1,0 ] --> 0 0,07400498 0,1308447 0,3553791 0,4312056 0,558897 0,5032034 0,5107126 0,4764299 0,5815272 0,5449209 0,5650532 0,7217102 0,661828 0,7704959 0,7273059 
Absolute Error Mean: 0,4758449

[ p ;  jungle16 ; breaker: 1,0 ] --> 0,2 0,5 0,76 1,37 1,93 2,24 2,72 2,93 3,2 3,51 3,78 4,08 4,57 4,9 5,19 5,3 
[ b ;  jungle16 ; breaker: 1,0 ] --> 0,2 0,4307352 0,635047 1,074466 1,534423 1,766589 2,377445 2,659499 2,866305 3,250762 3,453425 3,707936 3,991922 4,44919 4,629508 4,85974 
[ e ;  jungle16 ; breaker: 1,0 ] --> 0 0,06926483 0,124953 0,2955344 0,3955767 0,4734111 0,3425548 0,2705007 0,3336947 0,2592375 0,3265746 0,3720639 0,5780778 0,4508104 0,5604925 0,4402604 
Absolute Error Mean: 0,330813

[ p ;  jungle16 ; breaker: 1,0 ] --> 0,2 0,5 0,76 1,37 1,93 2,24 2,72 2,93 3,2 3,51 3,78 4,08 4,57 4,9 5,19 5,3 
[ b ;  jungle16 ; breaker: 1,0 ] --> 0,2 0,4546637 0,6804779 1,213193 1,724054 1,903352 2,672376 2,851326 3,081463 3,5372 3,889531 4,142212 4,444758 4,825974 5,003672 5,156698 
[ e ;  jungle16 ; breaker: 1,0 ] --> 0 0,04533628 0,07952207 0,1568074 0,2059457 0,3366482 0,04762411 0,07867432 0,1185369 0,02719998 0,1095307 0,06221199 0,1252422 0,07402658 0,1863279 0,143302 
Absolute Error Mean: 0,1123085

[ p ;  jungle16 ; breaker: 1,0 ] --> 0,2 0,5 0,76 1,37 1,93 2,24 2,72 2,93 3,2 3,51 3,78 4,08 4,57 4,9 5,19 5,3 
[ b ;  jungle16 ; breaker: 1,0 ] --> 0,2 0,4779049 0,6553542 1,11293 1,62303 1,828566 2,394508 2,621361 2,798332 2,976408 3,131132 3,61393 3,919734 4,432696 4,610089 4,786225 
[ e ;  jungle16 ; breaker: 1,0 ] --> 0 0,02209511 0,1046458 0,2570699 0,3069704 0,4114338 0,3254917 0,3086388 0,4016683 0,533592 0,6488683 0,4660695 0,6502666 0,4673042 0,5799108 0,5137749 
Absolute Error Mean: 0,3748625

[ p ;  jungle16 ; breaker: 1,0 ] --> 0,2 0,5 0,76 1,37 1,93 2,24 2,72 2,93 3,2 3,51 3,78 4,08 4,57 4,9 5,19 5,3 
[ b ;  jungle16 ; breaker: 1,0 ] --> 0,2 0,4261941 0,7064598 1,349612 1,911936 2,143061 2,703673 2,910116 3,093767 3,301043 3,504946 3,939181 4,195035 4,732805 4,937586 5,145701 
[ e ;  jungle16 ; breaker: 1,0 ] --> 0 0,0738059 0,05354023 0,02038765 0,01806414 0,09693909 0,01632667 0,01988387 0,1062329 0,2089574 0,2750545 0,1408186 0,3749657 0,1671948 0,2524137 0,1542993 
Absolute Error Mean: 0,1236803

[ p ;  jungle16 ; breaker: 1,0 ] --> 0,2 0,5 0,76 1,37 1,93 2,24 2,72 2,93 3,2 3,51 3,78 4,08 4,57 4,9 5,19 5,3 
[ b ;  jungle16 ; breaker: 1,0 ] --> 0,2 0,4021956 0,6328604 0,9920613 1,524941 1,85604 2,523272 2,676463 2,882534 3,265925 3,494604 3,851494 4,18517 4,541185 4,903897 5,081962 
[ e ;  jungle16 ; breaker: 1,0 ] --> 0 0,0978044 0,1271396 0,3779387 0,4050587 0,3839597 0,196728 0,2535369 0,3174665 0,2440753 0,2853956 0,2285056 0,3848305 0,3588147 0,2861028 0,2180386 
Absolute Error Mean: 0,2603372

[ p ;  jungle16 ; breaker: 1,0 ] --> 0,2 0,5 0,76 1,37 1,93 2,24 2,72 2,93 3,2 3,51 3,78 4,08 4,57 4,9 5,19 5,3 
[ b ;  jungle16 ; breaker: 1,0 ] --> 0,2 0,4320179 0,6118672 1,175346 1,433031 2,169991 2,983673 3,212449 3,389166 3,567421 3,747434 3,952246 4,386669 5,028056 5,181274 5,334829 
[ e ;  jungle16 ; breaker: 1,0 ] --> 0 0,06798208 0,1481327 0,1946545 0,4969693 0,07000852 0,2636731 0,2824492 0,1891661 0,05742097 0,03256607 0,1277537 0,1833315 0,128056 0,008725643 0,03482866 
Absolute Error Mean: 0,1428574

[ p ;  jungle16 ; breaker: 1,0 ] --> 0,2 0,5 0,76 1,37 1,93 2,24 2,72 2,93 3,2 3,51 3,78 4,08 4,57 4,9 5,19 5,3 
[ b ;  jungle16 ; breaker: 1,0 ] --> 0,2 0,4805302 0,7380877 1,396816 1,986075 2,217744 2,859668 3,071377 3,274047 3,431752 3,64093 3,973729 4,41043 4,971449 5,149724 5,302209 
[ e ;  jungle16 ; breaker: 1,0 ] --> 0 0,0194698 0,02191234 0,02681613 0,05607486 0,0222559 0,139668 0,1413772 0,07404685 0,07824826 0,13907 0,1062713 0,1595702 0,07144928 0,04027653 0,00220871 
Absolute Error Mean: 0,06866971

[ p ;  jungle26 ; breaker: 1,0 ] --> 0,2 0,5 0,76 1,37 1,93 2,24 2,72 2,93 3,2 3,51 3,78 4,08 4,57 4,9 5,19 5,3 
[ b ;  jungle26 ; breaker: 1,0 ] --> 0,2 0,741 0,9978108 1,505106 2,197124 2,375033 2,632618 3,245419 3,476572 4,043677 4,24867 4,425642 4,992078 5,44906 5,652157 6,108006 6,310255 6,512668 7,040392 7,422473 7,985181 8,163841 8,548325 8,857044 9,137877 9,47016 
[ e ;  jungle26 ; breaker: 1,0 ] --> 0 0,241 0,2378109 0,135106 0,2671241 0,1350329 0,0873816 0,3154187 0,2765715 0,5336773 0,4686701 0,3456421 0,4220781 0,5490603 0,4621568 0,8080063 
Absolute Error Mean: 0,330296

[ p ;  jungle26 ; breaker: 1,0 ] --> 0,2 0,5 0,76 1,37 1,93 2,24 2,72 2,93 3,2 3,51 3,78 4,08 4,57 4,9 5,19 5,3 5,92 6,1 6,37 6,76 7,09 7,24 7,7 7,8 8,24 8,5 
[ b ;  jungle26 ; breaker: 1,0 ] --> 0,2 0,4036802 0,5549546 1,223889 1,709974 1,940505 2,578365 2,832312 3,06167 3,265326 3,51924 3,929271 4,311231 4,462566 4,894907 5,254046 5,587502 5,788706 5,942232 6,219032 6,625371 6,849878 7,204867 7,480236 7,632017 7,784662 
[ e ;  jungle26 ; breaker: 1,0 ] --> 0 0,09631979 0,2050453 0,1461115 0,220026 0,2994946 0,1416352 0,09768772 0,1383302 0,2446735 0,2607603 0,1507285 0,258769 0,4374337 0,2950935 0,04595375 0,3324976 0,3112941 0,4277678 0,5409684 0,4646287 0,3901219 0,4951324 0,3197641 0,6079826 0,7153382 
Absolute Error Mean: 0,293983

[ p ;  jungle26 ; breaker: 1,0 ] --> 0,2 0,5 0,76 1,37 1,93 2,24 2,72 2,93 3,2 3,51 3,78 4,08 4,57 4,9 5,19 5,3 5,92 6,1 6,37 6,76 7,09 7,24 7,7 7,8 8,24 8,5 
[ b ;  jungle26 ; breaker: 1,0 ] --> 0,2 0,4569338 0,663087 1,178913 1,765154 1,995243 2,559401 2,790387 2,996315 3,509561 3,665605 3,823713 4,358688 4,664796 5,002759 5,518382 5,69621 6,029999 6,410903 6,919315 7,096364 7,533039 8,071706 8,22566 8,406503 8,635612 
[ e ;  jungle26 ; breaker: 1,0 ] --> 0 0,0430662 0,09691304 0,1910871 0,1648459 0,2447569 0,1605988 0,1396132 0,2036855 0,0004394054 0,1143954 0,2562869 0,2113118 0,2352042 0,1872411 0,2183814 0,2237902 0,07000113 0,04090357 0,1593146 0,006363392 0,2930388 0,371706 0,4256601 0,166503 0,1356115 
Absolute Error Mean: 0,16772

[ p ;  jungle26 ; breaker: 1,0 ] --> 0,2 0,5 0,76 1,37 1,93 2,24 2,72 2,93 3,2 3,51 3,78 4,08 4,57 4,9 5,19 5,3 5,92 6,1 6,37 6,76 7,09 7,24 7,7 7,8 8,24 8,5 
[ b ;  jungle26 ; breaker: 1,0 ] --> 0,2 0,5096314 0,7397045 1,14547 1,582107 1,888399 2,417376 2,671469 2,875474 3,054474 3,538725 3,718411 3,821631 4,281599 4,538925 4,769283 4,999051 5,230282 5,674225 6,238623 6,523854 6,749141 6,926548 7,384384 7,562002 7,714073 
[ e ;  jungle26 ; breaker: 1,0 ] --> 0 0,009631395 0,0202955 0,2245296 0,3478934 0,3516005 0,3026237 0,2585313 0,3245256 0,4555259 0,2412746 0,3615892 0,7483692 0,6184015 0,6510749 0,5307169 0,9209495 0,8697181 0,695775 0,5213776 0,5661464 0,490859 0,7734523 0,4156165 0,6779981 0,7859273 
Absolute Error Mean: 0,4678616

[ p ;  jungle26 ; breaker: 1,0 ] --> 0,2 0,5 0,76 1,37 1,93 2,24 2,72 2,93 3,2 3,51 3,78 4,08 4,57 4,9 5,19 5,3 5,92 6,1 6,37 6,76 7,09 7,24 7,7 7,8 8,24 8,5 
[ b ;  jungle26 ; breaker: 1,0 ] --> 0,2 0,4318821 0,6894271 1,099185 1,63533 1,841359 2,432022 2,712671 2,971131 3,229874 3,40778 3,565141 4,078805 4,362177 4,64005 5,175957 5,406841 5,561931 6,050912 6,28237 6,56444 6,897652 7,12707 7,51578 7,67212 7,82479 
[ e ;  jungle26 ; breaker: 1,0 ] --> 0 0,06811789 0,07057291 0,2708155 0,2946701 0,3986411 0,2879784 0,217329 0,228869 0,2801263 0,3722198 0,5148585 0,4911947 0,5378232 0,5499496 0,1240435 0,5131593 0,5380692 0,319088 0,4776301 0,5255604 0,3423481 0,5729294 0,2842202 0,5678802 0,6752105 
Absolute Error Mean: 0,366281

[ p ;  jungle26 ; breaker: 1,0 ] --> 0,2 0,5 0,76 1,37 1,93 2,24 2,72 2,93 3,2 3,51 3,78 4,08 4,57 4,9 5,19 5,3 5,92 6,1 6,37 6,76 7,09 7,24 7,7 7,8 8,24 8,5 
[ b ;  jungle26 ; breaker: 1,0 ] --> 0,2 0,4302362 0,6085915 1,020777 1,53471 1,738152 2,351171 2,583191 3,047815 3,221252 3,390363 3,569107 3,942943 4,176176 4,561572 5,231674 5,461594 5,640666 6,123696 6,349996 6,527079 6,990746 7,32406 7,555113 7,706697 7,887305 
[ e ;  jungle26 ; breaker: 1,0 ] --> 0 0,06976378 0,1514085 0,3492234 0,3952903 0,501848 0,3688288 0,3468087 0,152185 0,2887483 0,389637 0,5108931 0,6270573 0,723824 0,628428 0,068326 0,4584064 0,4593339 0,246304 0,4100041 0,562921 0,2492533 0,3759398 0,2448869 0,5333023 0,6126947 
Absolute Error Mean: 0,3740506

[ p ;  jungle26 ; breaker: 1,0 ] --> 0,2 0,5 0,76 1,37 1,93 2,24 2,72 2,93 3,2 3,51 3,78 4,08 4,57 4,9 5,19 5,3 5,92 6,1 6,37 6,76 7,09 7,24 7,7 7,8 8,24 8,5 
[ b ;  jungle26 ; breaker: 1,0 ] --> 0,2 0,4341452 0,6130935 1,074622 1,60957 1,839942 2,269578 2,474007 2,627006 2,780569 2,936499 3,422349 3,834129 4,058993 4,58768 5,0707 5,272528 5,424636 5,931821 6,109716 6,595869 6,775114 6,951825 7,104308 7,284276 7,641464 
[ e ;  jungle26 ; breaker: 1,0 ] --> 0 0,06585476 0,1469065 0,2953776 0,3204303 0,4000583 0,450422 0,4559927 0,572994 0,7294309 0,8435009 0,6576505 0,7358708 0,8410072 0,6023197 0,2293 0,6474724 0,6753635 0,438179 0,6502838 0,4941311 0,4648862 0,7481751 0,6956925 0,9557233 0,8585358 
Absolute Error Mean: 0,5375214

[ p ;  jungle26 ; breaker: 1,0 ] --> 0,2 0,5 0,76 1,37 1,93 2,24 2,72 2,93 3,2 3,51 3,78 4,08 4,57 4,9 5,19 5,3 5,92 6,1 6,37 6,76 7,09 7,24 7,7 7,8 8,24 8,5 
[ b ;  jungle26 ; breaker: 1,0 ] --> 0,2 0,4330395 0,6340085 1,041158 1,580735 1,759062 2,268795 2,474656 2,625525 2,75493 2,986061 3,444157 3,596046 4,13784 4,391182 4,570337 4,74999 5,159463 5,311399 5,770527 5,950622 6,151353 6,557458 6,734624 6,88652 7,040683 
[ e ;  jungle26 ; breaker: 1,0 ] --> 0 0,06696051 0,1259915 0,3288417 0,349265 0,4809378 0,4512055 0,4553442 0,5744755 0,7550695 0,7939394 0,635843 0,9739537 0,7621603 0,7988181 0,7296629 1,17001 0,9405365 1,0586 0,9894733 1,139378 1,088646 1,142541 1,065376 1,353479 1,459317 
Absolute Error Mean: 0,757301

[ p ;  jungle26 ; breaker: 1,0 ] --> 0,2 0,5 0,76 1,37 1,93 2,24 2,72 2,93 3,2 3,51 3,78 4,08 4,57 4,9 5,19 5,3 5,92 6,1 6,37 6,76 7,09 7,24 7,7 7,8 8,24 8,5 
[ b ;  jungle26 ; breaker: 1,0 ] --> 0,2 0,3793825 0,5356216 0,969019 1,404094 1,55766 2,014124 2,192517 2,347309 2,501565 3,014785 3,170601 3,554453 3,783858 4,062355 4,213882 4,647254 4,850673 5,101041 5,35464 5,530165 5,683073 5,83793 6,11793 6,314918 6,542999 
[ e ;  jungle26 ; breaker: 1,0 ] --> 0 0,1206175 0,2243784 0,400981 0,5259055 0,6823404 0,7058764 0,7374828 0,8526914 1,008435 0,7652149 0,9093993 1,015547 1,116142 1,127645 1,086118 1,272746 1,249327 1,268959 1,40536 1,559835 1,556927 1,86207 1,68207 1,925082 1,957001 
Absolute Error Mean: 1,03916

[ p ;  jungle26 ; breaker: 1,0 ] --> 0,2 0,5 0,76 1,37 1,93 2,24 2,72 2,93 3,2 3,51 3,78 4,08 4,57 4,9 5,19 5,3 5,92 6,1 6,37 6,76 7,09 7,24 7,7 7,8 8,24 8,5 
[ b ;  jungle26 ; breaker: 1,0 ] --> 0,2 0,3799106 0,6107123 1,09362 1,789925 1,995402 2,43281 2,613331 2,765662 3,070777 3,428493 3,578888 3,909969 4,114329 4,342725 4,698196 4,928276 5,10603 5,612486 5,740441 6,170514 6,327815 6,686218 6,891809 7,045012 7,502821 
[ e ;  jungle26 ; breaker: 1,0 ] --> 0 0,1200894 0,1492876 0,2763802 0,1400754 0,2445983 0,2871902 0,3166692 0,4343383 0,4392228 0,3515074 0,5011115 0,6600308 0,7856712 0,8472753 0,6018038 0,991724 0,9939694 0,7575135 1,019559 0,9194865 0,9121847 1,013782 0,9081917 1,194988 0,9971786 
Absolute Error Mean: 0,6101472

[ p ;  jungle8 ; breaker: 1,0 ] --> 0,2 0,5 0,76 1,37 1,93 2,24 2,72 2,93 3,2 3,51 3,78 4,08 4,57 4,9 5,19 5,3 5,92 6,1 6,37 6,76 7,09 7,24 7,7 7,8 8,24 8,5 
[ s ;  jungle8 ; breaker: 1,0 ] --> 0,2 0,4820146 0,763422 1,218511 1,698688 1,979601 2,406264 2,558789 
[ e ;  jungle8 ; breaker: 1,0 ] --> 0 0,01798537 0,003421962 0,1514889 0,2313119 0,2603987 0,313736 0,3712115 
Absolute Error Mean: 4,138444

[ p ;  jungle8 ; breaker: 1,0 ] --> 0,2 0,5 0,76 1,37 1,93 2,24 2,72 2,93 
[ s ;  jungle8 ; breaker: 1,0 ] --> 0,2 0,4817953 0,715404 1,177858 1,662603 1,965971 2,327873 2,531951 
[ e ;  jungle8 ; breaker: 1,0 ] --> 0 0,01820469 0,04459596 0,1921417 0,2673972 0,2740291 0,392127 0,3980494 
Absolute Error Mean: 0,1983181

[ p ;  jungle8 ; breaker: 1,0 ] --> 0,2 0,5 0,76 1,37 1,93 2,24 2,72 2,93 
[ s ;  jungle8 ; breaker: 1,0 ] --> 0,2 0,4287622 0,7061158 1,191492 1,832406 2,036164 2,414327 2,594367 
[ e ;  jungle8 ; breaker: 1,0 ] --> 0 0,0712378 0,05388415 0,1785083 0,0975939 0,2038357 0,3056734 0,3356333 
Absolute Error Mean: 0,1557958

[ p ;  jungle8 ; breaker: 1,0 ] --> 0,2 0,5 0,76 1,37 1,93 2,24 2,72 2,93 
[ s ;  jungle8 ; breaker: 1,0 ] --> 0,2 0,5290338 0,7834427 1,161288 1,842557 2,045275 2,520017 2,695445 
[ e ;  jungle8 ; breaker: 1,0 ] --> 0 0,02903378 0,02344275 0,2087115 0,08744311 0,1947246 0,1999834 0,234555 
Absolute Error Mean: 0,1222368

[ p ;  jungle8 ; breaker: 1,0 ] --> 0,2 0,5 0,76 1,37 1,93 2,24 2,72 2,93 
[ s ;  jungle8 ; breaker: 1,0 ] --> 0,2 0,5055881 0,8105728 1,167533 1,749697 1,976799 2,307208 2,487723 
[ e ;  jungle8 ; breaker: 1,0 ] --> 0 0,005588114 0,05057281 0,2024666 0,1803025 0,2632011 0,412792 0,4422772 
Absolute Error Mean: 0,19465

[ p ;  jungle8 ; breaker: 1,0 ] --> 0,2 0,5 0,76 1,37 1,93 2,24 2,72 2,93 
[ s ;  jungle8 ; breaker: 1,0 ] --> 0,2 0,555301 0,9339166 1,365667 2,052053 2,279438 2,785465 2,938645 
[ e ;  jungle8 ; breaker: 1,0 ] --> 0 0,05530101 0,1739166 0,004333019 0,1220533 0,03943777 0,06546474 0,008645296 
Absolute Error Mean: 0,05864397

[ p ;  jungle8 ; breaker: 1,0 ] --> 0,2 0,5 0,76 1,37 1,93 2,24 2,72 2,93 
[ s ;  jungle8 ; breaker: 1,0 ] --> 0,2 0,5284709 0,7597347 1,243367 1,853646 2,053554 2,490792 2,667953 
[ e ;  jungle8 ; breaker: 1,0 ] --> 0 0,02847093 0,0002652407 0,1266329 0,07635379 0,1864457 0,2292085 0,2620468 
Absolute Error Mean: 0,113678

[ p ;  jungle8 ; breaker: 1,0 ] --> 0,2 0,5 0,76 1,37 1,93 2,24 2,72 2,93 
[ s ;  jungle8 ; breaker: 1,0 ] --> 0,2 0,4751043 0,8060057 1,262528 1,742161 1,967032 2,317142 2,517215 
[ e ;  jungle8 ; breaker: 1,0 ] --> 0 0,02489567 0,04600573 0,1074724 0,187839 0,2729677 0,4028578 0,4127853 
Absolute Error Mean: 0,181853

[ p ;  jungle8 ; breaker: 1,0 ] --> 0,2 0,5 0,76 1,37 1,93 2,24 2,72 2,93 
[ s ;  jungle8 ; breaker: 1,0 ] --> 0,2 0,5802082 0,8319755 1,239086 1,838244 2,091685 2,525463 2,703711 
[ e ;  jungle8 ; breaker: 1,0 ] --> 0 0,08020818 0,07197547 0,1309137 0,09175611 0,1483147 0,1945374 0,226289 
Absolute Error Mean: 0,1179993

[ p ;  jungle8 ; breaker: 1,0 ] --> 0,2 0,5 0,76 1,37 1,93 2,24 2,72 2,93 
[ s ;  jungle8 ; breaker: 1,0 ] --> 0,2 0,5389002 0,8415255 1,373775 1,861162 2,120368 2,600608 2,754992 
[ e ;  jungle8 ; breaker: 1,0 ] --> 0 0,0389002 0,0815255 0,003774881 0,06883788 0,1196318 0,1193922 0,1750076 
Absolute Error Mean: 0,07588375

[ p ;  jungle26 ; breaker: 1,0 ] --> 0,2 0,5 0,76 1,37 1,93 2,24 2,72 2,93 
[ s ;  jungle26 ; breaker: 1,0 ] --> 0,2 0,5249894 0,8288622 1,234977 1,818085 2,098092 2,454221 2,631827 3,093196 3,39956 3,860407 4,218925 4,777244 4,953189 5,359538 5,51037 6,067521 6,628359 7,112653 7,447067 7,876538 8,076188 8,551037 8,831201 9,188289 9,669307 
[ e ;  jungle26 ; breaker: 1,0 ] --> 0 0,02498937 0,06886226 0,1350225 0,1119145 0,1419077 0,2657793 0,298173 
Absolute Error Mean: 0,1308311

[ p ;  jungle26 ; breaker: 1,0 ] --> 0,2 0,5 0,76 1,37 1,93 2,24 2,72 2,93 3,2 3,51 3,78 4,08 4,57 4,9 5,19 5,3 5,92 6,1 6,37 6,76 7,09 7,24 7,7 7,8 8,24 8,5 
[ s ;  jungle26 ; breaker: 1,0 ] --> 0,2 0,5052908 0,8900169 1,275249 1,809063 2,065034 2,468335 2,621921 3,132658 3,511606 3,99943 4,15291 4,765255 4,945672 5,498507 5,700005 6,365789 6,672503 7,186061 7,467811 7,821896 8,102878 8,536233 8,792597 9,07349 9,279757 9,510455 10,21981 10,44893 10,85321 11,48632 11,73958 12,1975 12,35151 12,83284 13,18822 13,64177 14,15414 14,56515 14,8208 15,28046 15,40853 16,17261 16,47484 17,08539 17,33873 17,78957 18,01857 18,47792 18,75631 19,21428 19,52337 
[ e ;  jungle26 ; breaker: 1,0 ] --> 0 0,005290806 0,1300169 0,09475124 0,1209371 0,1749661 0,2516646 0,3080792 0,06734157 0,001605511 0,2194297 0,07290983 0,1952553 0,04567194 0,308507 0,4000049 0,4457889 0,5725026 0,816061 0,7078109 0,7318954 0,8628778 0,8362331 0,9925966 0,8334904 0,7797575 
Absolute Error Mean: 0,383671

[ p ;  jungle26 ; breaker: 1,0 ] --> 0,2 0,5 0,76 1,37 1,93 2,24 2,72 2,93 3,2 3,51 3,78 4,08 4,57 4,9 5,19 5,3 5,92 6,1 6,37 6,76 7,09 7,24 7,7 7,8 8,24 8,5 
[ s ;  jungle26 ; breaker: 1,0 ] --> 0,2 0,5829048 0,8366498 1,223723 1,809774 2,099298 2,409937 2,869193 3,453195 3,759083 4,26983 4,476041 4,957321 5,135606 5,543888 5,699461 6,208412 6,490676 7,004756 7,283913 7,668915 7,923715 8,355997 8,608995 8,964466 9,319162 
[ e ;  jungle26 ; breaker: 1,0 ] --> 0 0,08290476 0,07664979 0,1462774 0,1202255 0,1407022 0,3100634 0,06080747 0,2531953 0,2490833 0,4898303 0,3960409 0,3873205 0,2356057 0,353888 0,3994613 0,2884121 0,390676 0,6347566 0,5239129 0,5789146 0,6837149 0,6559973 0,8089952 0,7244663 0,8191624 
Absolute Error Mean: 0,3773486

[ p ;  jungle26 ; breaker: 1,0 ] --> 0,2 0,5 0,76 1,37 1,93 2,24 2,72 2,93 3,2 3,51 3,78 4,08 4,57 4,9 5,19 5,3 5,92 6,1 6,37 6,76 7,09 7,24 7,7 7,8 8,24 8,5 
[ s ;  jungle26 ; breaker: 1,0 ] --> 0,2 0,5527852 0,9280658 1,334031 1,798738 2,074815 2,480847 2,657935 3,171177 3,480525 3,892258 4,295294 4,653193 5,090392 5,449534 5,653529 6,168667 6,552691 7,064041 7,394467 7,802751 8,083138 8,442945 8,776857 9,164438 9,498022 
[ e ;  jungle26 ; breaker: 1,0 ] --> 0 0,05278516 0,1680658 0,03596938 0,1312622 0,1651855 0,2391534 0,2720654 0,02882314 0,02947474 0,1122577 0,2152939 0,08319283 0,190392 0,2595344 0,353529 0,2486672 0,4526911 0,6940413 0,6344666 0,7127504 0,8431387 0,7429447 0,9768572 0,9244385 0,9980221 
Absolute Error Mean: 0,3678847

[ p ;  jungle26 ; breaker: 1,0 ] --> 0,2 0,5 0,76 1,37 1,93 2,24 2,72 2,93 3,2 3,51 3,78 4,08 4,57 4,9 5,19 5,3 5,92 6,1 6,37 6,76 7,09 7,24 7,7 7,8 8,24 8,5 
[ s ;  jungle26 ; breaker: 1,0 ] --> 0,2 0,577542 0,8565243 1,206699 1,639976 2,017853 2,37391 2,579355 3,011824 3,294639 3,625703 3,959112 4,417675 4,725713 5,088086 5,292869 5,803876 6,140133 6,623729 6,90573 7,233987 7,562485 7,892785 8,229103 8,560919 8,969754 
[ e ;  jungle26 ; breaker: 1,0 ] --> 0 0,07754201 0,0965243 0,1633015 0,2900244 0,2221472 0,3460898 0,3506451 0,1881762 0,2153606 0,1542974 0,1208882 0,1523256 0,1742868 0,1019144 0,007131577 0,1161242 0,04013348 0,2537289 0,1457295 0,1439867 0,3224854 0,1927848 0,4291029 0,320919 0,4697542 
Absolute Error Mean: 0,1959771

[ p ;  jungle26 ; breaker: 1,0 ] --> 0,2 0,5 0,76 1,37 1,93 2,24 2,72 2,93 3,2 3,51 3,78 4,08 4,57 4,9 5,19 5,3 5,92 6,1 6,37 6,76 7,09 7,24 7,7 7,8 8,24 8,5 
[ s ;  jungle26 ; breaker: 1,0 ] --> 0,2 0,534687 0,7886361 1,223604 1,813268 2,094596 2,53102 2,709787 3,171997 3,43154 3,842395 4,125743 4,610435 4,83645 5,212264 5,418826 5,877802 6,31154 6,77436 7,152708 7,482132 7,713246 8,0172 8,320354 8,625336 9,003932 
[ e ;  jungle26 ; breaker: 1,0 ] --> 0 0,03468704 0,0286361 0,1463959 0,116732 0,1454041 0,1889803 0,2202129 0,02800345 0,07845998 0,0623951 0,04574299 0,04043436 0,06355 0,022264 0,1188259 0,0421977 0,2115402 0,4043603 0,3927073 0,3921318 0,4732461 0,3172007 0,5203533 0,3853359 0,503932 
Absolute Error Mean: 0,1916819

[ p ;  jungle26 ; breaker: 1,0 ] --> 0,2 0,5 0,76 1,37 1,93 2,24 2,72 2,93 3,2 3,51 3,78 4,08 4,57 4,9 5,19 5,3 5,92 6,1 6,37 6,76 7,09 7,24 7,7 7,8 8,24 8,5 
[ s ;  jungle26 ; breaker: 1,0 ] --> 0,2 0,5512476 0,8516712 1,284475 1,86813 2,146307 2,527581 2,70434 3,239554 3,544598 3,96953 4,2761 4,708751 5,037921 5,444154 5,650417 6,133573 6,466271 6,950281 7,257688 7,567611 7,874884 8,231215 8,585996 8,967209 9,326155 
[ e ;  jungle26 ; breaker: 1,0 ] --> 0 0,0512476 0,09167123 0,08552456 0,0618695 0,09369254 0,1924188 0,2256603 0,03955412 0,03459787 0,1895301 0,1961002 0,138751 0,1379213 0,2541542 0,3504171 0,213573 0,3662715 0,5802808 0,4976878 0,4776106 0,6348839 0,5312147 0,7859955 0,7272091 0,8261547 
Absolute Error Mean: 0,2993843

[ p ;  jungle26 ; breaker: 1,0 ] --> 0,2 0,5 0,76 1,37 1,93 2,24 2,72 2,93 3,2 3,51 3,78 4,08 4,57 4,9 5,19 5,3 5,92 6,1 6,37 6,76 7,09 7,24 7,7 7,8 8,24 8,5 
[ s ;  jungle26 ; breaker: 1,0 ] --> 0,2 0,6320801 0,9117543 1,292002 1,984737 2,266705 2,64772 2,956346 3,36673 3,620713 4,000632 4,332134 4,741184 5,275261 5,70768 5,988476 6,571518 7,097316 7,566503 7,926975 8,286473 8,61688 9,049307 9,431816 9,816425 10,29618 
[ e ;  jungle26 ; breaker: 1,0 ] --> 0 0,1320801 0,1517543 0,07799828 0,05473697 0,02670479 0,07228041 0,02634549 0,1667304 0,1107128 0,2206318 0,2521343 0,1711841 0,3752608 0,5176797 0,6884761 0,6515183 0,9973164 1,196503 1,166975 1,196473 1,376881 1,349307 1,631816 1,576426 1,796178 
Absolute Error Mean: 0,6147732

[ p ;  jungle26 ; breaker: 1,0 ] --> 0,2 0,5 0,76 1,37 1,93 2,24 2,72 2,93 3,2 3,51 3,78 4,08 4,57 4,9 5,19 5,3 5,92 6,1 6,37 6,76 7,09 7,24 7,7 7,8 8,24 8,5 
[ s ;  jungle26 ; breaker: 1,0 ] --> 0,2 0,5828015 0,8638512 1,268062 1,968773 2,300511 2,610147 2,786293 3,413587 3,745671 4,027457 4,332769 4,616087 4,923986 5,103555 5,715311 6,169363 6,648277 7,180767 7,535923 7,938455 8,294178 8,696608 9,025592 9,402523 9,882894 
[ e ;  jungle26 ; breaker: 1,0 ] --> 0 0,08280152 0,1038513 0,1019385 0,03877342 0,06051111 0,1098528 0,143707 0,2135866 0,2356706 0,2474573 0,252769 0,04608679 0,02398586 0,08644533 0,4153109 0,2493629 0,5482769 0,8107672 0,7759233 0,8484545 1,054178 0,9966078 1,225592 1,162523 1,382894 
Absolute Error Mean: 0,4314356

[ p ;  jungle26 ; breaker: 1,0 ] --> 0,2 0,5 0,76 1,37 1,93 2,24 2,72 2,93 3,2 3,51 3,78 4,08 4,57 4,9 5,19 5,3 5,92 6,1 6,37 6,76 7,09 7,24 7,7 7,8 8,24 8,5 
[ s ;  jungle26 ; breaker: 1,0 ] --> 0,2 0,5297912 0,8343676 1,217953 1,827003 2,158447 2,487064 2,637079 3,143618 3,419312 3,703383 3,93273 4,265976 4,522771 4,804252 4,95708 5,340139 5,745985 6,054459 6,307778 6,561498 6,816067 7,141263 7,444203 7,798197 8,126019 
[ e ;  jungle26 ; breaker: 1,0 ] --> 0 0,02979124 0,07436764 0,1520468 0,1029965 0,08155322 0,2329359 0,2929211 0,0563817 0,09068847 0,076617 0,1472702 0,3040242 0,3772287 0,3857484 0,3429198 0,5798607 0,3540154 0,3155413 0,4522219 0,528502 0,4239326 0,5587363 0,3557973 0,441803 0,3739805 
Absolute Error Mean: 0,2743031

[ p ;  jungle8 ; breaker: 1,0 ] --> 0,2 0,5 0,76 1,37 1,93 2,24 2,72 2,93 3,2 3,51 3,78 4,08 4,57 4,9 5,19 5,3 5,92 6,1 6,37 6,76 7,09 7,24 7,7 7,8 8,24 8,5 
