b;0;0,05818725;0,05542433;0,0947305;
b;0;0,343109;0,417287;0,06195164;
s;0;0,03546953;0,1779692;0,2263062;
s;0;0,08523667;0,2070389;0,2044169;
b;0;0,07853127;0,09350365;0,07006204;
b;0;0,0328694;0,1317366;0,1874025;0,2369667;0,2330666;0,3429811;0,4193623;
b;0;0,06100768;0,08298653;0,08596814;0,1396228;0,1874321;0,2716572;0,3413377;
b;0;0,0608443;0,05894762;0,02003729;0,08395469;0,4370534;0,2623956;0,3608403;
b;0;0,05691272;0,0753808;0,05602562;0,1041266;0,2744458;0,1225443;0,5215285;
b;0;0,08706683;0,05777973;0,01523507;0,07709396;0,4090023;0,2345638;0,4578328;
b;0;0,1080106;0,1036729;0,07819426;0,1332651;0,1816471;0,3163857;0,3868268;
b;0;0,08434415;0,07985646;0,01764333;0,005154371;0,005198717;0,01050186;0,1371007;
b;0;0,1359683;0,129274;0,0316;0,06026947;0,05766368;0,1219344;0,146765;
b;0;0,08299601;0,103394;0,03787351;0,06740117;0,3221123;0,1220684;0,3724699;
s;0;0,03554773;0,1578658;0,1139076;0,1632823;0,2094903;0,01024437;0,1325209;
s;0;0,005705297;0,1320909;0,05722797;0,05444801;0,1242542;0,0007686615;0,04570627;0,2639399;0,3329604;0,4691875;0,5232325;0,3160353;0,3990669;0,5442071;0,6362262;
s;0;0,06068635;0,1573599;0,08607233;0,05975914;0,08046722;0,1196191;0,2308862;0,5458751;0,6448176;0,8121822;0,8439131;0,6619892;0,7148905;0,8102293;0,9799776;
s;0;0,0609442;0,1830081;0,05433822;0,1125239;0,1563218;0,04574275;0,1245515;0,3668885;0,3896923;0,5051563;0,5929117;0,4337535;0,4871497;0,630188;0,7246013;
s;0;0,05833387;0,1805881;0,05754828;0,05174708;0,06969476;0,1073565;0,0422163;0,2270942;0,3251131;0,4337037;0,5163836;0,4569163;0,4824858;0,5810938;0,6797199;
s;0;0,06064826;0,1549821;0,001954913;0,023525;0,04341102;0,08162737;0,2185729;0,5369463;0,6090777;0,7451651;0,8810086;0,8449407;0,8674316;0,9853067;1,15873;
s;0;0,05436307;0,1755427;0,01901984;0,1115919;0,1291378;0,06074142;0,159147;0,3726861;0,4941628;0,6067145;0,7190847;0,6824346;0,761302;0,9294429;1,101961;
s;0;0,0344578;0,154729;0,02843916;0,0498842;0,01960421;0,1799774;0,01291251;0,2220817;0,3439574;0,4250786;0,5595875;0,4225507;0,4264565;0,5163884;0,6345806;
s;0;0,004524529;0,1005875;0,001240015;0,08933771;0,07980895;0,09206462;0,006742001;0,1972818;0,2972262;0,3359797;0,3389263;0,1065149;0,1577349;0,2999716;0,4507651;
s;0;0,02889359;0,1263565;0,04705977;0,1166593;0,1145296;0,07829571;0,005330324;0,1815283;0,176693;0,2879317;0,368691;0,3131719;0,3917055;0,5609713;0,6801491;
b;0;0,06446761;0,08506364;0,06492841;0,03189695;0,2264693;0,05555296;0,2868855;0,913523;1,567644;2,086611;2,094875;1,990912;2,04385;2,162253;2,556309;
b;0;0,02142465;0,02720356;0,1811099;0,204084;0,180963;0,1956506;0,2666872;0,2790565;0,6076248;0,6464007;0,7548761;0,6502914;0,8065443;0,9535918;1,280206;
b;0;0,06840861;0,1229848;0,2742465;0,3444905;0,01513624;0,2153988;0,1090534;0,3055182;0,5814531;0,6205003;0,7028899;0,547894;0,8880796;1,339633;1,484977;
b;0;0,04193398;0,07117122;0,1702296;0,1202143;0,1437366;0,062639;0,1126888;0,1781745;0,1754498;0,2644989;0,3198204;0,1906443;0,2169776;0,3586192;0,5574431;
b;0;0,0372445;0,06230402;0,04309642;0,1224891;0,09404802;0,2778234;0,3260696;0,316124;0,3388796;0,6360633;0,6440682;0,3855095;0,3374062;0,5541806;0,597455;
b;0;0,0678674;0,09795666;0,1787142;0,1534231;0,2073321;0,1759751;0,2046745;0,2186038;0,1665301;0,3063304;0,3444319;0,2123866;0,2904015;0,4095225;0,7417288;
b;0;0,01983914;0,07320535;0,1768401;0,05781507;0,08816195;0,04345703;0,3130801;0,3509402;0,2966602;0,6405346;0,5700574;0,260334;0,6412911;1,096722;1,189491;
b;0;0,08170789;0,05244362;0,04450488;0,08422816;0,05968785;0,217118;0,1380503;0,4598806;0,4336166;0,4715068;0,5324264;0,380806;0,4616771;0,7626209;0,9628825;
b;0;0,01299411;0,06741863;0,1391356;0,1098999;0,1359508;0,02356863;0,1265402;0,218787;0,2182171;0,3406613;0,3757181;0,2991576;0,586534;0,5274611;0,8505378;
b;0;0,01720831;0,04490149;0,1416913;0,01461613;0,01742935;0,1938961;0,3111107;0,3405941;0,3868494;0,4752939;0,6630554;0,8664508;0,8396864;1,239308;1,309093;
b;0;0,04228821;0,07465053;0,1815875;0,05761945;0,01667547;0,2089541;0,3068142;0,4173863;0,5182846;0,6415331;0,8011827;0,7658129;0,8157716;1,259089;1,328146;
b;0;0,068221;0,1236591;0,2210293;0,165383;0,2171471;0,1322019;0,2216713;0,2324595;0,2119436;0,2238963;0,2819362;0,5118885;0,3599167;0,6097507;0,9092631;0,7496138;0,9556284;0,992672;1,011685;0,9910717;1,221661;1,146387;1,426467;1,527515;1,449316;
b;0;0,06632331;0,09238797;0,1622137;0,1255153;0,1532321;0,04065299;0,1119146;0,123379;0,07148528;0,08456016;0,196054;0,01048803;0,2808676;0,1686053;0,2378111;0,07929325;0,1071877;0,120316;0,1148915;0,172287;0,4078565;0,2843199;0,5928059;0,7206678;0,6919756;
b;0;0,04349321;0,09782571;0,1702398;0,1392043;0,2140961;0,4372947;0,06996179;0,08203578;0,2081494;0,2180247;0,2252808;0,04353476;0,1526437;0,1734638;0,5749927;0,259459;0,336545;0,5814614;0,5772033;0,5280962;0,6851707;0,5331879;0,8656006;1,039974;0,9867783;
b;0;0,0432781;0,09570801;0,1400371;0,1043669;0,1051083;0,0284183;0,1517551;0,1626792;0,441885;0,4033959;0,3348408;0,127378;0,0539999;0,2285743;0,3256655;0,01110125;0,1167307;0,1244683;0,2436056;0,1708856;0,2706261;0,1150589;0,2154245;0,03092289;0,2878809;
b;0;0,04284391;0,09732842;0,2210913;0,09415531;0,176775;0,09650779;0,04577041;0,03042722;0,08239651;0,1372848;0,6807928;0,3956819;0,2700868;0,2355657;0,6641612;0,5796537;0,6554213;0,5943003;0,4624572;0,4146194;0,5197248;0,3699226;0,527071;0,6008682;0,5456696;
b;0;0,04664698;0,1235765;0,2744011;0,2766409;0,1241601;0,3687329;0,3739026;0,3115966;0,1811669;0,04195356;0,1368489;0,4193573;0,4142628;0,4481149;0,1213293;0,3828659;0,1791072;0,008114815;0,26196;0,1360612;0,216289;0,03720903;0,2220631;0,470108;0,4204226;
b;0;0,07019255;0,1279725;0,2052602;0,1813247;0,2631607;0,147444;0,04669285;0,01143694;0,03634334;0,05013895;0,06483698;0,2718935;0,2690887;0,2750196;0,001928329;0,2887778;0,1094928;0,09469223;0,05268574;0,1075635;0,2898889;0,1651511;0,528861;0,4479561;0,7809677;
b;0;0,04143339;0,0957011;0,2137171;0,1794415;0,2614682;0,1229775;0,07717013;0,09111285;0,1459863;0,1836691;0,05820465;0,2525334;0,3020372;0,3606672;0,2356501;0,2958026;0,2738771;0,3168454;0,4783759;0,194416;0,1138983;0,3426518;0,06720734;0,3151712;0,2632933;
b;0;0,0409368;0,1185793;0,1627837;0,1070065;0,1849887;0,02909279;0,06897259;0,004731655;0,04994512;0,1174991;0,2767334;0,0671854;0,03260517;0,06489754;0,2873139;0,02315187;0,005276203;0,03122663;0,1371126;0,07210636;0,1772561;0,02697611;0,1037235;0,2101316;0,232995;
s;0;0,02215406;0,07832462;0,001403093;0,0228442;0,007018566;0,2335773;0,1127198;
s;0;0,02045318;0,02594256;0,07573187;0,0175463;0,0197134;0,270472;0,2262795;
s;0;0,05783063;0,1553969;0,04936087;0,1748275;0,1708894;0,002696276;0,01004934;
s;0;0,02654314;0,1002157;0,002484441;0,08844411;0,1046774;0,09301519;0,0008163452;
s;0;0,08184546;0,1266379;0,02875507;0,05108643;0,0487628;0,1491556;0,1505935;
s;0;0,0001767874;0,07077372;0,05107892;0,0003000498;0,004897833;0,2050772;0,06118894;
s;0;0,02547455;0,06779838;0,03667092;0,01515138;0,02259564;0,250138;0,159929;
s;0;0,04634196;0,0525986;0,1597015;0,1340762;0,09050512;0,3152773;0,1932089;
s;0;0,008171678;0,07967198;0,07231581;0,01631534;0,01526904;0,2105753;0,1153891;
s;0;0,0425449;0,0001280308;0,2086388;0,08830667;0,1206658;0,3189845;0,2247791;
s;0;0,02110264;0,02136016;0,08249128;0,03264308;0,01454568;0,1912699;0,09837079;
s;0;0,06101483;0,1370642;0,01444948;0,05915284;0,126286;0,05216146;0,01684308;0,2036035;0,3006563;0,4075878;0,442718;0,4099207;0,4369936;0,5501447;0,7226443;0,6608505;0,9371567;1,021415;1,013645;1,059132;1,237188;1,214263;1,525899;1,570651;1,800445;
s;0;0,2378673;2,53279;2,198321;2,193717;2,288004;2,213093;2,236513;2,427384;2,497974;2,582753;2,715026;2,610677;2,635452;2,731599;2,901641;2,742609;3,049771;3,189989;3,133068;3,186612;3,341232;3,319606;3,603073;3,495812;3,643733;
s;0;0,05791014;0,1285005;0,07579017;0,1192414;0,2147372;0,06691194;0,1373007;0,2979147;0,3983679;0,4833124;0,4923635;0,3603687;0,3851299;0,4747934;0,6206713;0,570364;0,8481598;0,9375095;0,9023089;0,9261703;1,112583;1,033184;1,26488;1,20491;1,352682;
s;0;0,06119692;0,1564094;0,1599202;0,1591672;0,2050881;0,08432198;0,1556375;0,3756115;0,4795744;0,5682795;0,6258268;0,4664984;0,515017;0,6315298;0,7790108;0,7157941;0,9680719;1,078711;1,017418;1,067379;1,223329;1,142874;1,372286;1,265124;1,462925;
s;0;0,00569129;0,08129102;0,02670074;0,04848087;0,09560776;0,1074426;0,06414223;0,1730082;0,2491987;0,3099282;0,3101707;0,1242509;0,2518001;0,3396134;0,5557532;0,5529256;0,831193;0,9938293;0,9954772;1,000724;1,122892;1,044528;1,33848;1,234698;1,359756;
s;0;0,04146451;0,1344391;0,02601075;0,09421957;0,1995697;0,032161;0,1025112;0,2924826;0,3634648;0,5213702;0,6254334;0,5620399;0,6342754;0,775178;0,9200668;0,8604836;1,141499;1,233243;1,198657;1,198747;1,355693;1,249032;1,456841;1,323235;1,321357;
s;0;0,04550609;0,02855974;0,1794488;0,1263734;0,1568613;0,333051;0,1864178;0,0004534721;0,1242959;0,2336996;0,2435269;0,06694794;0,02545691;0,04088688;0,2106252;0,1311402;0,3616133;0,3973308;0,2881098;0,2667537;0,4744363;0,3708143;0,5547943;0,4221725;0,5448065;
s;0;0,04608703;0,02628589;0,04497004;0,00857985;0,05921054;0,08930373;0,01582527;0,09953761;0,2217357;0,3869145;0,4700017;0,308557;0,3327508;0,369688;0,5402594;0,479248;0,7084861;0,7717009;0,6631923;0,6422;0,7938232;0,6918373;0,8995304;0,7413378;0,741353;
s;0;0,01252121;0,05644226;0,02559745;0,06967819;0,08742905;0,1358614;0,1138666;0,3291979;0,3734446;0,4904897;0,5732875;0,3870654;0,3654943;0,3547325;0,5240588;0,4610806;0,6625767;0,700983;0,6187162;0,6483922;0,7813225;0,6260948;0,8091469;0,6496077;0,6465826;
