
NEW RESULT

[ p ;  jungle4 ; breaker: 1,0 ] --> 0,2 0,5 0,76 1,37 
[ b ;  jungle4 ; breaker: 1,0 ] --> 0,2 0,5581872 0,8154243 1,27527 
[ e ;  jungle4 ; breaker: 1,0 ] --> 0 0,05818725 0,05542433 0,0947305 
Absolute Error Mean: 0,05208552

[ p ;  jungle4 ; breaker: 1,0 ] --> 0,2 0,5 0,76 1,37 
[ b ;  jungle4 ; breaker: 1,0 ] --> 0,2 0,843109 1,177287 1,431952 1,790555 
[ e ;  jungle4 ; breaker: 1,0 ] --> 0 0,343109 0,417287 0,06195164 
Absolute Error Mean: 0,2055869

[ p ;  jungle4 ; breaker: 1,0 ] --> 0,2 0,5 0,76 1,37 
[ s ;  jungle4 ; breaker: 1,0 ] --> 0,2 0,5354695 0,9379691 1,596306 
[ e ;  jungle4 ; breaker: 1,0 ] --> 0 0,03546953 0,1779692 0,2263062 
Absolute Error Mean: 0,1099362

[ p ;  jungle4 ; breaker: 1,0 ] --> 0,2 0,5 0,76 1,37 
[ s ;  jungle4 ; breaker: 1,0 ] --> 0,2 0,5852367 0,9670389 1,574417 
[ e ;  jungle4 ; breaker: 1,0 ] --> 0 0,08523667 0,2070389 0,2044169 
Absolute Error Mean: 0,1241731

[ p ;  jungle8 ; breaker: 1,0 ] --> 0,2 0,5 0,76 1,37 
[ b ;  jungle8 ; breaker: 1,0 ] --> 0,2 0,5785313 0,8535036 1,440062 2,223872 2,632616 3,338938 4,351869 
[ e ;  jungle8 ; breaker: 1,0 ] --> 0 0,07853127 0,09350365 0,07006204 
Absolute Error Mean: 0,06052424

[ p ;  jungle8 ; breaker: 1,0 ] --> 0,2 0,5 0,76 1,37 1,93 2,24 2,72 2,93 
[ b ;  jungle8 ; breaker: 1,0 ] --> 0,2 0,5328694 0,8917366 1,557402 2,166967 2,473067 3,062981 3,349362 
[ e ;  jungle8 ; breaker: 1,0 ] --> 0 0,0328694 0,1317366 0,1874025 0,2369667 0,2330666 0,3429811 0,4193623 
Absolute Error Mean: 0,1980481

[ p ;  jungle8 ; breaker: 1,0 ] --> 0,2 0,5 0,76 1,37 1,93 2,24 2,72 2,93 
[ b ;  jungle8 ; breaker: 1,0 ] --> 0,2 0,5610077 0,8429865 1,455968 2,069623 2,427432 2,991657 3,271338 
[ e ;  jungle8 ; breaker: 1,0 ] --> 0 0,06100768 0,08298653 0,08596814 0,1396228 0,1874321 0,2716572 0,3413377 
Absolute Error Mean: 0,1462515

[ p ;  jungle8 ; breaker: 1,0 ] --> 0,2 0,5 0,76 1,37 1,93 2,24 2,72 2,93 
[ b ;  jungle8 ; breaker: 1,0 ] --> 0,2 0,5608443 0,8189476 1,349963 2,013955 2,677053 2,982396 3,29084 
[ e ;  jungle8 ; breaker: 1,0 ] --> 0 0,0608443 0,05894762 0,02003729 0,08395469 0,4370534 0,2623956 0,3608403 
Absolute Error Mean: 0,1605092

[ p ;  jungle8 ; breaker: 1,0 ] --> 0,2 0,5 0,76 1,37 1,93 2,24 2,72 2,93 
[ b ;  jungle8 ; breaker: 1,0 ] --> 0,2 0,5569127 0,8353808 1,426026 2,034127 2,514446 2,842544 3,451529 
[ e ;  jungle8 ; breaker: 1,0 ] --> 0 0,05691272 0,0753808 0,05602562 0,1041266 0,2744458 0,1225443 0,5215285 
Absolute Error Mean: 0,1513705

[ p ;  jungle8 ; breaker: 1,0 ] --> 0,2 0,5 0,76 1,37 1,93 2,24 2,72 2,93 
[ b ;  jungle8 ; breaker: 1,0 ] --> 0,2 0,5870668 0,8177797 1,385235 2,007094 2,649002 2,954564 3,387833 
[ e ;  jungle8 ; breaker: 1,0 ] --> 0 0,08706683 0,05777973 0,01523507 0,07709396 0,4090023 0,2345638 0,4578328 
Absolute Error Mean: 0,1673218

[ p ;  jungle8 ; breaker: 1,0 ] --> 0,2 0,5 0,76 1,37 1,93 2,24 2,72 2,93 
[ b ;  jungle8 ; breaker: 1,0 ] --> 0,2 0,6080106 0,8636729 1,448194 2,063265 2,421647 3,036386 3,316827 
[ e ;  jungle8 ; breaker: 1,0 ] --> 0 0,1080106 0,1036729 0,07819426 0,1332651 0,1816471 0,3163857 0,3868268 
Absolute Error Mean: 0,1635003

[ p ;  jungle8 ; breaker: 1,0 ] --> 0,2 0,5 0,76 1,37 1,93 2,24 2,72 2,93 
[ b ;  jungle8 ; breaker: 1,0 ] --> 0,2 0,5843441 0,8398564 1,352357 1,935154 2,245199 2,709498 3,067101 
[ e ;  jungle8 ; breaker: 1,0 ] --> 0 0,08434415 0,07985646 0,01764333 0,005154371 0,005198717 0,01050186 0,1371007 
Absolute Error Mean: 0,04247495

[ p ;  jungle8 ; breaker: 1,0 ] --> 0,2 0,5 0,76 1,37 1,93 2,24 2,72 2,93 
[ b ;  jungle8 ; breaker: 1,0 ] --> 0,2 0,6359683 0,8892739 1,4016 1,990269 2,297664 2,841934 3,076765 
[ e ;  jungle8 ; breaker: 1,0 ] --> 0 0,1359683 0,129274 0,0316 0,06026947 0,05766368 0,1219344 0,146765 
Absolute Error Mean: 0,08543435

[ p ;  jungle8 ; breaker: 1,0 ] --> 0,2 0,5 0,76 1,37 1,93 2,24 2,72 2,93 
[ b ;  jungle8 ; breaker: 1,0 ] --> 0,2 0,582996 0,863394 1,407874 1,997401 2,562112 2,842068 3,30247 
[ e ;  jungle8 ; breaker: 1,0 ] --> 0 0,08299601 0,103394 0,03787351 0,06740117 0,3221123 0,1220684 0,3724699 
Absolute Error Mean: 0,1385394

[ p ;  jungle16 ; breaker: 1,0 ] --> 0,2 0,5 0,76 1,37 1,93 2,24 2,72 2,93 
[ s ;  jungle16 ; breaker: 1,0 ] --> 0,2 0,5355477 0,9178658 1,483908 2,093282 2,44949 2,730244 3,062521 3,573866 4,00953 4,41678 4,847046 5,284914 5,69384 6,179695 6,41123 
[ e ;  jungle16 ; breaker: 1,0 ] --> 0 0,03554773 0,1578658 0,1139076 0,1632823 0,2094903 0,01024437 0,1325209 
Absolute Error Mean: 0,1028574

[ p ;  jungle16 ; breaker: 1,0 ] --> 0,2 0,5 0,76 1,37 1,93 2,24 2,72 2,93 3,2 3,51 3,78 4,08 4,57 4,9 5,19 5,3 
[ s ;  jungle16 ; breaker: 1,0 ] --> 0,2 0,5057053 0,8920909 1,427228 1,984448 2,364254 2,720769 2,975706 3,46394 3,84296 4,249187 4,603232 4,886035 5,299067 5,734207 5,936226 
[ e ;  jungle16 ; breaker: 1,0 ] --> 0 0,005705297 0,1320909 0,05722797 0,05444801 0,1242542 0,0007686615 0,04570627 0,2639399 0,3329604 0,4691875 0,5232325 0,3160353 0,3990669 0,5442071 0,6362262 
Absolute Error Mean: 0,2440661

[ p ;  jungle16 ; breaker: 1,0 ] --> 0,2 0,5 0,76 1,37 1,93 2,24 2,72 2,93 3,2 3,51 3,78 4,08 4,57 4,9 5,19 5,3 
[ s ;  jungle16 ; breaker: 1,0 ] --> 0,2 0,5606863 0,9173599 1,456072 1,989759 2,320467 2,600381 3,160886 3,745875 4,154818 4,592182 4,923913 5,231989 5,614891 6,000229 6,279978 
[ e ;  jungle16 ; breaker: 1,0 ] --> 0 0,06068635 0,1573599 0,08607233 0,05975914 0,08046722 0,1196191 0,2308862 0,5458751 0,6448176 0,8121822 0,8439131 0,6619892 0,7148905 0,8102293 0,9799776 
Absolute Error Mean: 0,4255453

[ p ;  jungle16 ; breaker: 1,0 ] --> 0,2 0,5 0,76 1,37 1,93 2,24 2,72 2,93 3,2 3,51 3,78 4,08 4,57 4,9 5,19 5,3 
[ s ;  jungle16 ; breaker: 1,0 ] --> 0,2 0,5609442 0,9430081 1,424338 2,042524 2,396322 2,674257 3,054552 3,566889 3,899692 4,285156 4,672912 5,003754 5,38715 5,820188 6,024601 
[ e ;  jungle16 ; breaker: 1,0 ] --> 0 0,0609442 0,1830081 0,05433822 0,1125239 0,1563218 0,04574275 0,1245515 0,3668885 0,3896923 0,5051563 0,5929117 0,4337535 0,4871497 0,630188 0,7246013 
Absolute Error Mean: 0,3042357

[ p ;  jungle16 ; breaker: 1,0 ] --> 0,2 0,5 0,76 1,37 1,93 2,24 2,72 2,93 3,2 3,51 3,78 4,08 4,57 4,9 5,19 5,3 
[ s ;  jungle16 ; breaker: 1,0 ] --> 0,2 0,5583339 0,9405881 1,427548 1,981747 2,309695 2,612643 2,972216 3,427094 3,835113 4,213704 4,596384 5,026917 5,382486 5,771094 5,97972 
[ e ;  jungle16 ; breaker: 1,0 ] --> 0 0,05833387 0,1805881 0,05754828 0,05174708 0,06969476 0,1073565 0,0422163 0,2270942 0,3251131 0,4337037 0,5163836 0,4569163 0,4824858 0,5810938 0,6797199 
Absolute Error Mean: 0,2668747

[ p ;  jungle16 ; breaker: 1,0 ] --> 0,2 0,5 0,76 1,37 1,93 2,24 2,72 2,93 3,2 3,51 3,78 4,08 4,57 4,9 5,19 5,3 
[ s ;  jungle16 ; breaker: 1,0 ] --> 0,2 0,5606483 0,9149821 1,368045 1,953525 2,283411 2,638373 3,148573 3,736946 4,119078 4,525165 4,961009 5,414941 5,767432 6,175307 6,45873 
[ e ;  jungle16 ; breaker: 1,0 ] --> 0 0,06064826 0,1549821 0,001954913 0,023525 0,04341102 0,08162737 0,2185729 0,5369463 0,6090777 0,7451651 0,8810086 0,8449407 0,8674316 0,9853067 1,15873 
Absolute Error Mean: 0,450833

[ p ;  jungle16 ; breaker: 1,0 ] --> 0,2 0,5 0,76 1,37 1,93 2,24 2,72 2,93 3,2 3,51 3,78 4,08 4,57 4,9 5,19 5,3 
[ s ;  jungle16 ; breaker: 1,0 ] --> 0,2 0,5543631 0,9355427 1,38902 2,041592 2,369138 2,780741 3,089147 3,572686 4,004163 4,386714 4,799085 5,252435 5,661302 6,119443 6,401961 
[ e ;  jungle16 ; breaker: 1,0 ] --> 0 0,05436307 0,1755427 0,01901984 0,1115919 0,1291378 0,06074142 0,159147 0,3726861 0,4941628 0,6067145 0,7190847 0,6824346 0,761302 0,9294429 1,101961 
Absolute Error Mean: 0,3985833

[ p ;  jungle16 ; breaker: 1,0 ] --> 0,2 0,5 0,76 1,37 1,93 2,24 2,72 2,93 3,2 3,51 3,78 4,08 4,57 4,9 5,19 5,3 
[ s ;  jungle16 ; breaker: 1,0 ] --> 0,2 0,5344578 0,914729 1,398439 1,979884 2,259604 2,540023 2,942913 3,422082 3,853957 4,205079 4,639587 4,992551 5,326457 5,706388 5,934581 
[ e ;  jungle16 ; breaker: 1,0 ] --> 0 0,0344578 0,154729 0,02843916 0,0498842 0,01960421 0,1799774 0,01291251 0,2220817 0,3439574 0,4250786 0,5595875 0,4225507 0,4264565 0,5163884 0,6345806 
Absolute Error Mean: 0,2519178

[ p ;  jungle16 ; breaker: 1,0 ] --> 0,2 0,5 0,76 1,37 1,93 2,24 2,72 2,93 3,2 3,51 3,78 4,08 4,57 4,9 5,19 5,3 
[ s ;  jungle16 ; breaker: 1,0 ] --> 0,2 0,5045245 0,8605875 1,37124 2,019338 2,319809 2,627935 2,936742 3,397282 3,807226 4,11598 4,418926 4,676515 5,057735 5,489972 5,750765 
[ e ;  jungle16 ; breaker: 1,0 ] --> 0 0,004524529 0,1005875 0,001240015 0,08933771 0,07980895 0,09206462 0,006742001 0,1972818 0,2972262 0,3359797 0,3389263 0,1065149 0,1577349 0,2999716 0,4507651 
Absolute Error Mean: 0,1599191

[ p ;  jungle16 ; breaker: 1,0 ] --> 0,2 0,5 0,76 1,37 1,93 2,24 2,72 2,93 3,2 3,51 3,78 4,08 4,57 4,9 5,19 5,3 
[ s ;  jungle16 ; breaker: 1,0 ] --> 0,2 0,5288936 0,8863565 1,41706 2,046659 2,35453 2,641704 2,92467 3,381528 3,686693 4,067932 4,448691 4,883172 5,291706 5,750971 5,980149 
[ e ;  jungle16 ; breaker: 1,0 ] --> 0 0,02889359 0,1263565 0,04705977 0,1166593 0,1145296 0,07829571 0,005330324 0,1815283 0,176693 0,2879317 0,368691 0,3131719 0,3917055 0,5609713 0,6801491 
Absolute Error Mean: 0,2173729

[ p ;  jungle16 ; breaker: 1,0 ] --> 0,2 0,5 0,76 1,37 1,93 2,24 2,72 2,93 3,2 3,51 3,78 4,08 4,57 4,9 5,19 5,3 
[ b ;  jungle16 ; breaker: 1,0 ] --> 0,2 0,5644676 0,8450636 1,305072 1,898103 2,466469 2,775553 3,216886 4,113523 5,077644 5,866611 6,174875 6,560913 6,94385 7,352253 7,856309 
[ e ;  jungle16 ; breaker: 1,0 ] --> 0 0,06446761 0,08506364 0,06492841 0,03189695 0,2264693 0,05555296 0,2868855 0,913523 1,567644 2,086611 2,094875 1,990912 2,04385 2,162253 2,556309 
Absolute Error Mean: 1,014453

[ p ;  jungle16 ; breaker: 1,0 ] --> 0,2 0,5 0,76 1,37 1,93 2,24 2,72 2,93 3,2 3,51 3,78 4,08 4,57 4,9 5,19 5,3 
[ b ;  jungle16 ; breaker: 1,0 ] --> 0,2 0,4785753 0,7327964 1,18889 1,725916 2,059037 2,524349 3,196687 3,479057 4,117625 4,426401 4,834876 5,220292 5,706544 6,143592 6,580206 
[ e ;  jungle16 ; breaker: 1,0 ] --> 0 0,02142465 0,02720356 0,1811099 0,204084 0,180963 0,1956506 0,2666872 0,2790565 0,6076248 0,6464007 0,7548761 0,6502914 0,8065443 0,9535918 1,280206 
Absolute Error Mean: 0,4409822

[ p ;  jungle16 ; breaker: 1,0 ] --> 0,2 0,5 0,76 1,37 1,93 2,24 2,72 2,93 3,2 3,51 3,78 4,08 4,57 4,9 5,19 5,3 
[ b ;  jungle16 ; breaker: 1,0 ] --> 0,2 0,4315914 0,6370152 1,095754 1,585509 2,224864 2,504601 3,039053 3,505518 4,091453 4,4005 4,78289 5,117894 5,78808 6,529633 6,784977 
[ e ;  jungle16 ; breaker: 1,0 ] --> 0 0,06840861 0,1229848 0,2742465 0,3444905 0,01513624 0,2153988 0,1090534 0,3055182 0,5814531 0,6205003 0,7028899 0,547894 0,8880796 1,339633 1,484977 
Absolute Error Mean: 0,4762914

[ p ;  jungle16 ; breaker: 1,0 ] --> 0,2 0,5 0,76 1,37 1,93 2,24 2,72 2,93 3,2 3,51 3,78 4,08 4,57 4,9 5,19 5,3 
[ b ;  jungle16 ; breaker: 1,0 ] --> 0,2 0,458066 0,6888288 1,19977 1,809786 2,096263 2,657361 3,042689 3,378175 3,68545 4,044499 4,39982 4,760644 5,116978 5,548619 5,857443 
[ e ;  jungle16 ; breaker: 1,0 ] --> 0 0,04193398 0,07117122 0,1702296 0,1202143 0,1437366 0,062639 0,1126888 0,1781745 0,1754498 0,2644989 0,3198204 0,1906443 0,2169776 0,3586192 0,5574431 
Absolute Error Mean: 0,1865151

[ p ;  jungle16 ; breaker: 1,0 ] --> 0,2 0,5 0,76 1,37 1,93 2,24 2,72 2,93 3,2 3,51 3,78 4,08 4,57 4,9 5,19 5,3 
[ b ;  jungle16 ; breaker: 1,0 ] --> 0,2 0,5372445 0,822304 1,413096 2,052489 2,334048 2,997823 3,25607 3,516124 3,84888 4,416063 4,724068 4,95551 5,237406 5,744181 5,897455 
[ e ;  jungle16 ; breaker: 1,0 ] --> 0 0,0372445 0,06230402 0,04309642 0,1224891 0,09404802 0,2778234 0,3260696 0,316124 0,3388796 0,6360633 0,6440682 0,3855095 0,3374062 0,5541806 0,597455 
Absolute Error Mean: 0,2982976

[ p ;  jungle16 ; breaker: 1,0 ] --> 0,2 0,5 0,76 1,37 1,93 2,24 2,72 2,93 3,2 3,51 3,78 4,08 4,57 4,9 5,19 5,3 
[ b ;  jungle16 ; breaker: 1,0 ] --> 0,2 0,4321326 0,6620433 1,191286 1,776577 2,032668 2,544025 3,134675 3,418604 3,67653 4,08633 4,424432 4,782387 5,190402 5,599523 6,041729 
[ e ;  jungle16 ; breaker: 1,0 ] --> 0 0,0678674 0,09795666 0,1787142 0,1534231 0,2073321 0,1759751 0,2046745 0,2186038 0,1665301 0,3063304 0,3444319 0,2123866 0,2904015 0,4095225 0,7417288 
Absolute Error Mean: 0,2359924

[ p ;  jungle16 ; breaker: 1,0 ] --> 0,2 0,5 0,76 1,37 1,93 2,24 2,72 2,93 3,2 3,51 3,78 4,08 4,57 4,9 5,19 5,3 
[ b ;  jungle16 ; breaker: 1,0 ] --> 0,2 0,4801609 0,6867946 1,19316 1,872185 2,151838 2,763457 3,24308 3,55094 3,80666 4,420535 4,650057 4,830334 5,541291 6,286722 6,489491 
[ e ;  jungle16 ; breaker: 1,0 ] --> 0 0,01983914 0,07320535 0,1768401 0,05781507 0,08816195 0,04345703 0,3130801 0,3509402 0,2966602 0,6405346 0,5700574 0,260334 0,6412911 1,096722 1,189491 
Absolute Error Mean: 0,3636518

[ p ;  jungle16 ; breaker: 1,0 ] --> 0,2 0,5 0,76 1,37 1,93 2,24 2,72 2,93 3,2 3,51 3,78 4,08 4,57 4,9 5,19 5,3 
[ b ;  jungle16 ; breaker: 1,0 ] --> 0,2 0,5817079 0,8124436 1,325495 2,014228 2,299688 2,502882 3,06805 3,659881 3,943617 4,251507 4,612426 4,950806 5,361677 5,952621 6,262883 
[ e ;  jungle16 ; breaker: 1,0 ] --> 0 0,08170789 0,05244362 0,04450488 0,08422816 0,05968785 0,217118 0,1380503 0,4598806 0,4336166 0,4715068 0,5324264 0,380806 0,4616771 0,7626209 0,9628825 
Absolute Error Mean: 0,3214473

[ p ;  jungle16 ; breaker: 1,0 ] --> 0,2 0,5 0,76 1,37 1,93 2,24 2,72 2,93 3,2 3,51 3,78 4,08 4,57 4,9 5,19 5,3 
[ b ;  jungle16 ; breaker: 1,0 ] --> 0,2 0,4870059 0,6925814 1,230864 1,8201 2,104049 2,696431 3,05654 3,418787 3,728217 4,120661 4,455718 4,869158 5,486534 5,717461 6,150538 
[ e ;  jungle16 ; breaker: 1,0 ] --> 0 0,01299411 0,06741863 0,1391356 0,1098999 0,1359508 0,02356863 0,1265402 0,218787 0,2182171 0,3406613 0,3757181 0,2991576 0,586534 0,5274611 0,8505378 
Absolute Error Mean: 0,2520364

[ p ;  jungle16 ; breaker: 1,0 ] --> 0,2 0,5 0,76 1,37 1,93 2,24 2,72 2,93 3,2 3,51 3,78 4,08 4,57 4,9 5,19 5,3 
[ b ;  jungle16 ; breaker: 1,0 ] --> 0,2 0,4827917 0,7150985 1,228309 1,915384 2,222571 2,913896 3,241111 3,540594 3,896849 4,255294 4,743055 5,436451 5,739686 6,429308 6,609094 
[ e ;  jungle16 ; breaker: 1,0 ] --> 0 0,01720831 0,04490149 0,1416913 0,01461613 0,01742935 0,1938961 0,3111107 0,3405941 0,3868494 0,4752939 0,6630554 0,8664508 0,8396864 1,239308 1,309093 
Absolute Error Mean: 0,4288241

[ p ;  jungle26 ; breaker: 1,0 ] --> 0,2 0,5 0,76 1,37 1,93 2,24 2,72 2,93 3,2 3,51 3,78 4,08 4,57 4,9 5,19 5,3 
[ b ;  jungle26 ; breaker: 1,0 ] --> 0,2 0,4577118 0,6853495 1,188413 1,87238 2,256675 2,928954 3,236814 3,617386 4,028285 4,421533 4,881183 5,335813 5,715772 6,44909 6,628146 7,15974 7,618644 7,97988 8,418798 8,809903 9,118011 9,322967 9,791279 10,12211 10,53326 
[ e ;  jungle26 ; breaker: 1,0 ] --> 0 0,04228821 0,07465053 0,1815875 0,05761945 0,01667547 0,2089541 0,3068142 0,4173863 0,5182846 0,6415331 0,8011827 0,7658129 0,8157716 1,259089 1,328146 
Absolute Error Mean: 0,4647372

[ p ;  jungle26 ; breaker: 1,0 ] --> 0,2 0,5 0,76 1,37 1,93 2,24 2,72 2,93 3,2 3,51 3,78 4,08 4,57 4,9 5,19 5,3 5,92 6,1 6,37 6,76 7,09 7,24 7,7 7,8 8,24 8,5 
[ b ;  jungle26 ; breaker: 1,0 ] --> 0,2 0,431779 0,6363409 1,148971 1,764617 2,022853 2,587798 3,151671 3,43246 3,721944 4,003896 4,361936 5,081889 5,259917 5,799751 6,209263 6,669614 7,055628 7,362672 7,771685 8,081072 8,46166 8,846387 9,226467 9,767515 9,949316 
[ e ;  jungle26 ; breaker: 1,0 ] --> 0 0,068221 0,1236591 0,2210293 0,165383 0,2171471 0,1322019 0,2216713 0,2324595 0,2119436 0,2238963 0,2819362 0,5118885 0,3599167 0,6097507 0,9092631 0,7496138 0,9556284 0,992672 1,011685 0,9910717 1,221661 1,146387 1,426467 1,527515 1,449316 
Absolute Error Mean: 0,6139379

[ p ;  jungle26 ; breaker: 1,0 ] --> 0,2 0,5 0,76 1,37 1,93 2,24 2,72 2,93 3,2 3,51 3,78 4,08 4,57 4,9 5,19 5,3 5,92 6,1 6,37 6,76 7,09 7,24 7,7 7,8 8,24 8,5 
[ b ;  jungle26 ; breaker: 1,0 ] --> 0,2 0,4336767 0,667612 1,207786 1,804485 2,086768 2,760653 3,041915 3,323379 3,581485 3,86456 4,276054 4,559512 5,180868 5,358605 5,537811 5,999293 6,207188 6,490316 6,874892 7,262287 7,647856 7,98432 8,392806 8,960668 9,191976 
[ e ;  jungle26 ; breaker: 1,0 ] --> 0 0,06632331 0,09238797 0,1622137 0,1255153 0,1532321 0,04065299 0,1119146 0,123379 0,07148528 0,08456016 0,196054 0,01048803 0,2808676 0,1686053 0,2378111 0,07929325 0,1071877 0,120316 0,1148915 0,172287 0,4078565 0,2843199 0,5928059 0,7206678 0,6919756 
Absolute Error Mean: 0,2006574

[ p ;  jungle26 ; breaker: 1,0 ] --> 0,2 0,5 0,76 1,37 1,93 2,24 2,72 2,93 3,2 3,51 3,78 4,08 4,57 4,9 5,19 5,3 5,92 6,1 6,37 6,76 7,09 7,24 7,7 7,8 8,24 8,5 
[ b ;  jungle26 ; breaker: 1,0 ] --> 0,2 0,4565068 0,6621743 1,19976 1,790796 2,025904 2,282705 2,999962 3,282036 3,718149 3,998025 4,305281 4,613535 5,052644 5,363464 5,874993 6,179459 6,436545 6,951461 7,337204 7,618096 7,92517 8,233188 8,665601 9,279974 9,486778 9,691037 
[ e ;  jungle26 ; breaker: 1,0 ] --> 0 0,04349321 0,09782571 0,1702398 0,1392043 0,2140961 0,4372947 0,06996179 0,08203578 0,2081494 0,2180247 0,2252808 0,04353476 0,1526437 0,1734638 0,5749927 0,259459 0,336545 0,5814614 0,5772033 0,5280962 0,6851707 0,5331879 0,8656006 1,039974 0,9867783 
Absolute Error Mean: 0,3555276

[ p ;  jungle26 ; breaker: 1,0 ] --> 0,2 0,5 0,76 1,37 1,93 2,24 2,72 2,93 3,2 3,51 3,78 4,08 4,57 4,9 5,19 5,3 5,92 6,1 6,37 6,76 7,09 7,24 7,7 7,8 8,24 8,5 
[ b ;  jungle26 ; breaker: 1,0 ] --> 0,2 0,4567219 0,664292 1,229963 1,825633 2,134892 2,748418 3,081755 3,362679 3,951885 4,183396 4,414841 4,697378 4,954 5,418574 5,625666 5,908899 6,216731 6,494468 7,003606 7,260886 7,510626 7,815059 8,015425 8,270923 8,787881 
[ e ;  jungle26 ; breaker: 1,0 ] --> 0 0,0432781 0,09570801 0,1400371 0,1043669 0,1051083 0,0284183 0,1517551 0,1626792 0,441885 0,4033959 0,3348408 0,127378 0,0539999 0,2285743 0,3256655 0,01110125 0,1167307 0,1244683 0,2436056 0,1708856 0,2706261 0,1150589 0,2154245 0,03092289 0,2878809 
Absolute Error Mean: 0,1666844

[ p ;  jungle26 ; breaker: 1,0 ] --> 0,2 0,5 0,76 1,37 1,93 2,24 2,72 2,93 3,2 3,51 3,78 4,08 4,57 4,9 5,19 5,3 5,92 6,1 6,37 6,76 7,09 7,24 7,7 7,8 8,24 8,5 
[ b ;  jungle26 ; breaker: 1,0 ] --> 0,2 0,4571561 0,6626716 1,148909 1,835845 2,063225 2,623492 2,88423 3,169573 3,427603 3,917285 4,760793 4,965682 5,170087 5,425566 5,964161 6,499654 6,755421 6,9643 7,222457 7,50462 7,759725 8,069922 8,327071 8,840868 9,04567 
[ e ;  jungle26 ; breaker: 1,0 ] --> 0 0,04284391 0,09732842 0,2210913 0,09415531 0,176775 0,09650779 0,04577041 0,03042722 0,08239651 0,1372848 0,6807928 0,3956819 0,2700868 0,2355657 0,6641612 0,5796537 0,6554213 0,5943003 0,4624572 0,4146194 0,5197248 0,3699226 0,527071 0,6008682 0,5456696 
Absolute Error Mean: 0,3284837

[ p ;  jungle26 ; breaker: 1,0 ] --> 0,2 0,5 0,76 1,37 1,93 2,24 2,72 2,93 3,2 3,51 3,78 4,08 4,57 4,9 5,19 5,3 5,92 6,1 6,37 6,76 7,09 7,24 7,7 7,8 8,24 8,5 
[ b ;  jungle26 ; breaker: 1,0 ] --> 0,2 0,453353 0,6364235 1,095599 1,653359 2,11584 2,351267 2,556098 2,888403 3,328833 3,738046 3,943151 4,150643 4,485737 4,741885 5,178671 5,537134 5,920893 6,378115 7,02196 7,226061 7,456289 7,737209 8,022063 8,710108 8,920423 
[ e ;  jungle26 ; breaker: 1,0 ] --> 0 0,04664698 0,1235765 0,2744011 0,2766409 0,1241601 0,3687329 0,3739026 0,3115966 0,1811669 0,04195356 0,1368489 0,4193573 0,4142628 0,4481149 0,1213293 0,3828659 0,1791072 0,008114815 0,26196 0,1360612 0,216289 0,03720903 0,2220631 0,470108 0,4204226 
Absolute Error Mean: 0,2306497

[ p ;  jungle26 ; breaker: 1,0 ] --> 0,2 0,5 0,76 1,37 1,93 2,24 2,72 2,93 3,2 3,51 3,78 4,08 4,57 4,9 5,19 5,3 5,92 6,1 6,37 6,76 7,09 7,24 7,7 7,8 8,24 8,5 
[ b ;  jungle26 ; breaker: 1,0 ] --> 0,2 0,4298075 0,6320274 1,16474 1,748675 1,976839 2,572556 2,883307 3,188563 3,473657 3,729861 4,015163 4,298107 4,630911 4,91498 5,298072 5,631222 5,990507 6,275308 6,812686 7,197564 7,529889 7,865151 8,328861 8,687956 9,280968 
[ e ;  jungle26 ; breaker: 1,0 ] --> 0 0,07019255 0,1279725 0,2052602 0,1813247 0,2631607 0,147444 0,04669285 0,01143694 0,03634334 0,05013895 0,06483698 0,2718935 0,2690887 0,2750196 0,001928329 0,2887778 0,1094928 0,09469223 0,05268574 0,1075635 0,2898889 0,1651511 0,528861 0,4479561 0,7809677 
Absolute Error Mean: 0,1880297

[ p ;  jungle26 ; breaker: 1,0 ] --> 0,2 0,5 0,76 1,37 1,93 2,24 2,72 2,93 3,2 3,51 3,78 4,08 4,57 4,9 5,19 5,3 5,92 6,1 6,37 6,76 7,09 7,24 7,7 7,8 8,24 8,5 
[ b ;  jungle26 ; breaker: 1,0 ] --> 0,2 0,4585666 0,6642989 1,156283 1,750558 1,978532 2,597023 2,85283 3,108887 3,364014 3,596331 4,138205 4,317467 4,597963 4,829333 5,06435 5,624197 5,826123 6,053154 6,281624 6,895584 7,126101 7,357348 7,867208 8,555171 8,763293 
[ e ;  jungle26 ; breaker: 1,0 ] --> 0 0,04143339 0,0957011 0,2137171 0,1794415 0,2614682 0,1229775 0,07717013 0,09111285 0,1459863 0,1836691 0,05820465 0,2525334 0,3020372 0,3606672 0,2356501 0,2958026 0,2738771 0,3168454 0,4783759 0,194416 0,1138983 0,3426518 0,06720734 0,3151712 0,2632933 
Absolute Error Mean: 0,2032042

[ p ;  jungle26 ; breaker: 1,0 ] --> 0,2 0,5 0,76 1,37 1,93 2,24 2,72 2,93 3,2 3,51 3,78 4,08 4,57 4,9 5,19 5,3 5,92 6,1 6,37 6,76 7,09 7,24 7,7 7,8 8,24 8,5 
[ b ;  jungle26 ; breaker: 1,0 ] --> 0,2 0,4590632 0,6414207 1,207216 1,822993 2,055011 2,690907 2,998973 3,204732 3,460055 3,897499 4,356733 4,637186 4,867395 5,125103 5,587314 5,896848 6,105276 6,338773 6,622888 7,162107 7,417256 7,673024 7,903724 8,450131 8,732995 
[ e ;  jungle26 ; breaker: 1,0 ] --> 0 0,0409368 0,1185793 0,1627837 0,1070065 0,1849887 0,02909279 0,06897259 0,004731655 0,04994512 0,1174991 0,2767334 0,0671854 0,03260517 0,06489754 0,2873139 0,02315187 0,005276203 0,03122663 0,1371126 0,07210636 0,1772561 0,02697611 0,1037235 0,2101316 0,232995 
Absolute Error Mean: 0,101278

[ p ;  jungle8 ; breaker: 1,0 ] --> 0,2 0,5 0,76 1,37 1,93 2,24 2,72 2,93 3,2 3,51 3,78 4,08 4,57 4,9 5,19 5,3 5,92 6,1 6,37 6,76 7,09 7,24 7,7 7,8 8,24 8,5 
[ s ;  jungle8 ; breaker: 1,0 ] --> 0,2 0,4778459 0,8383246 1,371403 1,952844 2,232981 2,486423 2,81728 
[ e ;  jungle8 ; breaker: 1,0 ] --> 0 0,02215406 0,07832462 0,001403093 0,0228442 0,007018566 0,2335773 0,1127198 
Absolute Error Mean: 4,104924

[ p ;  jungle8 ; breaker: 1,0 ] --> 0,2 0,5 0,76 1,37 1,93 2,24 2,72 2,93 
[ s ;  jungle8 ; breaker: 1,0 ] --> 0,2 0,4795468 0,7859426 1,294268 1,912454 2,220287 2,449528 2,703721 
[ e ;  jungle8 ; breaker: 1,0 ] --> 0 0,02045318 0,02594256 0,07573187 0,0175463 0,0197134 0,270472 0,2262795 
Absolute Error Mean: 0,08201736

[ p ;  jungle8 ; breaker: 1,0 ] --> 0,2 0,5 0,76 1,37 1,93 2,24 2,72 2,93 
[ s ;  jungle8 ; breaker: 1,0 ] --> 0,2 0,5578306 0,9153969 1,419361 2,104827 2,410889 2,717304 2,919951 
[ e ;  jungle8 ; breaker: 1,0 ] --> 0 0,05783063 0,1553969 0,04936087 0,1748275 0,1708894 0,002696276 0,01004934 
Absolute Error Mean: 0,07763135

[ p ;  jungle8 ; breaker: 1,0 ] --> 0,2 0,5 0,76 1,37 1,93 2,24 2,72 2,93 
[ s ;  jungle8 ; breaker: 1,0 ] --> 0,2 0,5265431 0,8602157 1,367516 2,018444 2,344677 2,626985 2,930816 
[ e ;  jungle8 ; breaker: 1,0 ] --> 0 0,02654314 0,1002157 0,002484441 0,08844411 0,1046774 0,09301519 0,0008163452 
Absolute Error Mean: 0,05202455

[ p ;  jungle8 ; breaker: 1,0 ] --> 0,2 0,5 0,76 1,37 1,93 2,24 2,72 2,93 
[ s ;  jungle8 ; breaker: 1,0 ] --> 0,2 0,5818455 0,8866379 1,341245 1,981086 2,288763 2,570844 3,080594 
[ e ;  jungle8 ; breaker: 1,0 ] --> 0 0,08184546 0,1266379 0,02875507 0,05108643 0,0487628 0,1491556 0,1505935 
Absolute Error Mean: 0,0796046

[ p ;  jungle8 ; breaker: 1,0 ] --> 0,2 0,5 0,76 1,37 1,93 2,24 2,72 2,93 
[ s ;  jungle8 ; breaker: 1,0 ] --> 0,2 0,5001768 0,8307737 1,318921 1,9303 2,235102 2,514923 2,868811 
[ e ;  jungle8 ; breaker: 1,0 ] --> 0 0,0001767874 0,07077372 0,05107892 0,0003000498 0,004897833 0,2050772 0,06118894 
Absolute Error Mean: 0,04918668

[ p ;  jungle8 ; breaker: 1,0 ] --> 0,2 0,5 0,76 1,37 1,93 2,24 2,72 2,93 
[ s ;  jungle8 ; breaker: 1,0 ] --> 0,2 0,5254745 0,8277984 1,333329 1,914849 2,217404 2,469862 2,770071 
[ e ;  jungle8 ; breaker: 1,0 ] --> 0 0,02547455 0,06779838 0,03667092 0,01515138 0,02259564 0,250138 0,159929 
Absolute Error Mean: 0,07221974

[ p ;  jungle8 ; breaker: 1,0 ] --> 0,2 0,5 0,76 1,37 1,93 2,24 2,72 2,93 
[ s ;  jungle8 ; breaker: 1,0 ] --> 0,2 0,453658 0,7074014 1,210299 1,795924 2,149495 2,404723 2,736791 
[ e ;  jungle8 ; breaker: 1,0 ] --> 0 0,04634196 0,0525986 0,1597015 0,1340762 0,09050512 0,3152773 0,1932089 
Absolute Error Mean: 0,1239637

[ p ;  jungle8 ; breaker: 1,0 ] --> 0,2 0,5 0,76 1,37 1,93 2,24 2,72 2,93 
[ s ;  jungle8 ; breaker: 1,0 ] --> 0,2 0,5081717 0,839672 1,297684 1,946315 2,255269 2,509425 2,814611 
[ e ;  jungle8 ; breaker: 1,0 ] --> 0 0,008171678 0,07967198 0,07231581 0,01631534 0,01526904 0,2105753 0,1153891 
Absolute Error Mean: 0,06471354

[ p ;  jungle8 ; breaker: 1,0 ] --> 0,2 0,5 0,76 1,37 1,93 2,24 2,72 2,93 
[ s ;  jungle8 ; breaker: 1,0 ] --> 0,2 0,4574551 0,759872 1,161361 1,841693 2,119334 2,401016 2,705221 
[ e ;  jungle8 ; breaker: 1,0 ] --> 0 0,0425449 0,0001280308 0,2086388 0,08830667 0,1206658 0,3189845 0,2247791 
Absolute Error Mean: 0,125506

[ p ;  jungle26 ; breaker: 1,0 ] --> 0,2 0,5 0,76 1,37 1,93 2,24 2,72 2,93 
[ s ;  jungle26 ; breaker: 1,0 ] --> 0,2 0,4788974 0,7813601 1,287509 1,897357 2,225454 2,52873 2,831629 3,314393 3,720628 4,102296 4,488324 4,871168 5,201099 5,579077 5,831069 6,461336 6,914175 7,319448 7,65159 7,978746 8,313878 8,697948 9,080184 9,41101 9,742048 
[ e ;  jungle26 ; breaker: 1,0 ] --> 0 0,02110264 0,02136016 0,08249128 0,03264308 0,01454568 0,1912699 0,09837079 
Absolute Error Mean: 0,05772294

[ p ;  jungle26 ; breaker: 1,0 ] --> 0,2 0,5 0,76 1,37 1,93 2,24 2,72 2,93 3,2 3,51 3,78 4,08 4,57 4,9 5,19 5,3 5,92 6,1 6,37 6,76 7,09 7,24 7,7 7,8 8,24 8,5 
[ s ;  jungle26 ; breaker: 1,0 ] --> 0,2 0,5610148 0,8970641 1,355551 1,989153 2,366286 2,667839 2,946843 3,403604 3,810656 4,187588 4,522718 4,979921 5,336994 5,740145 6,022645 6,580851 7,037157 7,391415 7,773645 8,149132 8,477188 8,914263 9,325899 9,810651 10,30044 
[ e ;  jungle26 ; breaker: 1,0 ] --> 0 0,06101483 0,1370642 0,01444948 0,05915284 0,126286 0,05216146 0,01684308 0,2036035 0,3006563 0,4075878 0,442718 0,4099207 0,4369936 0,5501447 0,7226443 0,6608505 0,9371567 1,021415 1,013645 1,059132 1,237188 1,214263 1,525899 1,570651 1,800445 
Absolute Error Mean: 0,6146879

[ p ;  jungle26 ; breaker: 1,0 ] --> 0,2 0,5 0,76 1,37 1,93 2,24 2,72 2,93 3,2 3,51 3,78 4,08 4,57 4,9 5,19 5,3 5,92 6,1 6,37 6,76 7,09 7,24 7,7 7,8 8,24 8,5 
[ s ;  jungle26 ; breaker: 1,0 ] --> 0,2 0,7378673 3,29279 3,568321 4,123716 4,528004 4,933093 5,166513 5,627384 6,007974 6,362753 6,795026 7,180677 7,535452 7,921599 8,201641 8,662609 9,149771 9,559989 9,893068 10,27661 10,58123 11,01961 11,40307 11,73581 12,14373 
[ e ;  jungle26 ; breaker: 1,0 ] --> 0 0,2378673 2,53279 2,198321 2,193717 2,288004 2,213093 2,236513 2,427384 2,497974 2,582753 2,715026 2,610677 2,635452 2,731599 2,901641 2,742609 3,049771 3,189989 3,133068 3,186612 3,341232 3,319606 3,603073 3,495812 3,643733 
Absolute Error Mean: 2,604166

[ p ;  jungle26 ; breaker: 1,0 ] --> 0,2 0,5 0,76 1,37 1,93 2,24 2,72 2,93 3,2 3,51 3,78 4,08 4,57 4,9 5,19 5,3 5,92 6,1 6,37 6,76 7,09 7,24 7,7 7,8 8,24 8,5 
[ s ;  jungle26 ; breaker: 1,0 ] --> 0,2 0,5579101 0,8885005 1,44579 2,049241 2,454737 2,786912 3,067301 3,497915 3,908368 4,263312 4,572363 4,930369 5,28513 5,664793 5,920671 6,490364 6,94816 7,307509 7,662309 8,016171 8,352583 8,733184 9,06488 9,44491 9,852682 
[ e ;  jungle26 ; breaker: 1,0 ] --> 0 0,05791014 0,1285005 0,07579017 0,1192414 0,2147372 0,06691194 0,1373007 0,2979147 0,3983679 0,4833124 0,4923635 0,3603687 0,3851299 0,4747934 0,6206713 0,570364 0,8481598 0,9375095 0,9023089 0,9261703 1,112583 1,033184 1,26488 1,20491 1,352682 
Absolute Error Mean: 0,5563872

[ p ;  jungle26 ; breaker: 1,0 ] --> 0,2 0,5 0,76 1,37 1,93 2,24 2,72 2,93 3,2 3,51 3,78 4,08 4,57 4,9 5,19 5,3 5,92 6,1 6,37 6,76 7,09 7,24 7,7 7,8 8,24 8,5 
[ s ;  jungle26 ; breaker: 1,0 ] --> 0,2 0,5611969 0,9164094 1,52992 2,089167 2,445088 2,804322 3,085638 3,575612 3,989574 4,348279 4,705827 5,036499 5,415017 5,82153 6,079011 6,635794 7,068072 7,448711 7,777418 8,157379 8,463328 8,842874 9,172286 9,505124 9,962925 
[ e ;  jungle26 ; breaker: 1,0 ] --> 0 0,06119692 0,1564094 0,1599202 0,1591672 0,2050881 0,08432198 0,1556375 0,3756115 0,4795744 0,5682795 0,6258268 0,4664984 0,515017 0,6315298 0,7790108 0,7157941 0,9680719 1,078711 1,017418 1,067379 1,223329 1,142874 1,372286 1,265124 1,462925 
Absolute Error Mean: 0,6437308

[ p ;  jungle26 ; breaker: 1,0 ] --> 0,2 0,5 0,76 1,37 1,93 2,24 2,72 2,93 3,2 3,51 3,78 4,08 4,57 4,9 5,19 5,3 5,92 6,1 6,37 6,76 7,09 7,24 7,7 7,8 8,24 8,5 
[ s ;  jungle26 ; breaker: 1,0 ] --> 0,2 0,5056913 0,841291 1,343299 1,978481 2,335608 2,612557 2,865858 3,373008 3,759199 4,089928 4,390171 4,694251 5,1518 5,529613 5,855753 6,472926 6,931193 7,363829 7,755477 8,090724 8,362892 8,744528 9,13848 9,474698 9,859756 
[ e ;  jungle26 ; breaker: 1,0 ] --> 0 0,00569129 0,08129102 0,02670074 0,04848087 0,09560776 0,1074426 0,06414223 0,1730082 0,2491987 0,3099282 0,3101707 0,1242509 0,2518001 0,3396134 0,5557532 0,5529256 0,831193 0,9938293 0,9954772 1,000724 1,122892 1,044528 1,33848 1,234698 1,359756 
Absolute Error Mean: 0,5083686

[ p ;  jungle26 ; breaker: 1,0 ] --> 0,2 0,5 0,76 1,37 1,93 2,24 2,72 2,93 3,2 3,51 3,78 4,08 4,57 4,9 5,19 5,3 5,92 6,1 6,37 6,76 7,09 7,24 7,7 7,8 8,24 8,5 
[ s ;  jungle26 ; breaker: 1,0 ] --> 0,2 0,5414645 0,8944391 1,396011 2,02422 2,43957 2,752161 3,032511 3,492483 3,873465 4,30137 4,705433 5,13204 5,534276 5,965178 6,220067 6,780484 7,241498 7,603243 7,958657 8,288747 8,595693 8,949032 9,256841 9,563234 9,821357 10,1005 
[ e ;  jungle26 ; breaker: 1,0 ] --> 0 0,04146451 0,1344391 0,02601075 0,09421957 0,1995697 0,032161 0,1025112 0,2924826 0,3634648 0,5213702 0,6254334 0,5620399 0,6342754 0,775178 0,9200668 0,8604836 1,141499 1,233243 1,198657 1,198747 1,355693 1,249032 1,456841 1,323235 1,321357 
Absolute Error Mean: 0,6793644

[ p ;  jungle26 ; breaker: 1,0 ] --> 0,2 0,5 0,76 1,37 1,93 2,24 2,72 2,93 3,2 3,51 3,78 4,08 4,57 4,9 5,19 5,3 5,92 6,1 6,37 6,76 7,09 7,24 7,7 7,8 8,24 8,5 
[ s ;  jungle26 ; breaker: 1,0 ] --> 0,2 0,4544939 0,7314402 1,190551 1,803627 2,083139 2,386949 2,743582 3,200454 3,634296 4,0137 4,323527 4,636948 4,925457 5,230887 5,510625 6,05114 6,461613 6,767331 7,04811 7,356754 7,714436 8,070814 8,354795 8,662172 9,044806 
[ e ;  jungle26 ; breaker: 1,0 ] --> 0 0,04550609 0,02855974 0,1794488 0,1263734 0,1568613 0,333051 0,1864178 0,0004534721 0,1242959 0,2336996 0,2435269 0,06694794 0,02545691 0,04088688 0,2106252 0,1311402 0,3616133 0,3973308 0,2881098 0,2667537 0,4744363 0,3708143 0,5547943 0,4221725 0,5448065 
Absolute Error Mean: 0,2236186

[ p ;  jungle26 ; breaker: 1,0 ] --> 0,2 0,5 0,76 1,37 1,93 2,24 2,72 2,93 3,2 3,51 3,78 4,08 4,57 4,9 5,19 5,3 5,92 6,1 6,37 6,76 7,09 7,24 7,7 7,8 8,24 8,5 
[ s ;  jungle26 ; breaker: 1,0 ] --> 0,2 0,453913 0,7862859 1,32503 1,93858 2,299211 2,630696 2,914175 3,299538 3,731736 4,166914 4,550002 4,878557 5,232751 5,559688 5,84026 6,399248 6,808486 7,141701 7,423193 7,7322 8,033823 8,391837 8,699531 8,981338 9,241353 
[ e ;  jungle26 ; breaker: 1,0 ] --> 0 0,04608703 0,02628589 0,04497004 0,00857985 0,05921054 0,08930373 0,01582527 0,09953761 0,2217357 0,3869145 0,4700017 0,308557 0,3327508 0,369688 0,5402594 0,479248 0,7084861 0,7717009 0,6631923 0,6422 0,7938232 0,6918373 0,8995304 0,7413378 0,741353 
Absolute Error Mean: 0,3904775

[ p ;  jungle26 ; breaker: 1,0 ] --> 0,2 0,5 0,76 1,37 1,93 2,24 2,72 2,93 3,2 3,51 3,78 4,08 4,57 4,9 5,19 5,3 5,92 6,1 6,37 6,76 7,09 7,24 7,7 7,8 8,24 8,5 
[ s ;  jungle26 ; breaker: 1,0 ] --> 0,2 0,5125212 0,8164423 1,395597 1,999678 2,327429 2,584139 3,043867 3,529198 3,883445 4,27049 4,653287 4,957066 5,265494 5,544733 5,824059 6,381081 6,762577 7,070983 7,378716 7,738392 8,021322 8,326095 8,609147 8,889607 9,146583 
[ e ;  jungle26 ; breaker: 1,0 ] --> 0 0,01252121 0,05644226 0,02559745 0,06967819 0,08742905 0,1358614 0,1138666 0,3291979 0,3734446 0,4904897 0,5732875 0,3870654 0,3654943 0,3547325 0,5240588 0,4610806 0,6625767 0,700983 0,6187162 0,6483922 0,7813225 0,6260948 0,8091469 0,6496077 0,6465826 
Absolute Error Mean: 0,4039873

[ p ;  jungle4 ; breaker: 1,0 ] --> 0,2 0,5 0,76 1,37 1,93 2,24 2,72 2,93 3,2 3,51 3,78 4,08 4,57 4,9 5,19 5,3 5,92 6,1 6,37 6,76 7,09 7,24 7,7 7,8 8,24 8,5 
