
NEW RESULT

[ p ;  jungle8 ; breaker: 1,0 ] --> 0,2 0,5 0,76 1,37 1,93 2,24 2,72 2,93 
[ b ;  jungle8 ; breaker: 1,0 ] --> 0,2 0,9419765 1,322475 1,706666 2,365335 3,075284 3,484346 3,689246 3,896775 4,286747 4,677038 5,322901 5,910172 6,292034 6,906497 7,339539 
[ e ;  jungle8 ; breaker: 1,0 ] --> 0 0,4419765 0,5624747 0,3366657 0,4353348 0,8352838 0,7643464 0,7592456 
Absolute Error Mean: 0,5169159

[ p ;  jungle8 ; breaker: 1,0 ] --> 0,2 0,5 0,76 1,37 1,93 2,24 2,72 2,93 
[ b ;  jungle8 ; breaker: 1,0 ] --> 0,2 0,5602086 0,9172244 1,55031 2,2342 2,561125 3,116539 3,451829 
[ e ;  jungle8 ; breaker: 1,0 ] --> 0 0,06020856 0,1572244 0,1803097 0,3041996 0,3211248 0,396539 0,5218291 
Absolute Error Mean: 0,2426794

[ p ;  jungle8 ; breaker: 1,0 ] --> 0,2 0,5 0,76 1,37 1,93 2,24 2,72 2,93 
[ b ;  jungle8 ; breaker: 1,0 ] --> 0,2 0,5066796 0,8415973 1,454045 2,122666 2,402823 2,912481 3,168215 
[ e ;  jungle8 ; breaker: 1,0 ] --> 0 0,006679595 0,08159727 0,08404505 0,1926659 0,1628234 0,1924806 0,238215 
Absolute Error Mean: 0,1198134

[ p ;  jungle8 ; breaker: 1,0 ] --> 0,2 0,5 0,76 1,37 1,93 2,24 2,72 2,93 
[ b ;  jungle8 ; breaker: 1,0 ] --> 0,2 0,5570096 0,8119137 1,067562 1,347829 3,686003 4,406068 4,84207 5,890068 6,248734 6,549458 7,238561 7,821681 8,151767 8,713136 8,968741 
[ e ;  jungle8 ; breaker: 1,0 ] --> 0 0,05700958 0,05191374 0,3024384 0,5821713 1,446003 1,686068 1,91207 
Absolute Error Mean: 0,7547092

[ p ;  jungle8 ; breaker: 1,0 ] --> 0,2 0,5 0,76 1,37 1,93 2,24 2,72 2,93 
[ b ;  jungle8 ; breaker: 1,0 ] --> 0,2 0,4774887 0,7804048 1,436782 2,037027 2,340796 2,870856 3,125422 
[ e ;  jungle8 ; breaker: 1,0 ] --> 0 0,0225113 0,02040482 0,06678176 0,1070267 0,1007965 0,1508558 0,1954215 
Absolute Error Mean: 0,08297478

[ p ;  jungle8 ; breaker: 1,0 ] --> 0,2 0,5 0,76 1,37 1,93 2,24 2,72 2,93 
[ b ;  jungle8 ; breaker: 1,0 ] --> 0,2 0,453459 0,808659 1,471957 2,113589 2,442284 2,980127 3,263981 
[ e ;  jungle8 ; breaker: 1,0 ] --> 0 0,04654104 0,04865897 0,1019572 0,1835886 0,2022836 0,2601273 0,3339806 
Absolute Error Mean: 0,1471422

[ p ;  jungle8 ; breaker: 1,0 ] --> 0,2 0,5 0,76 1,37 1,93 2,24 2,72 2,93 
[ b ;  jungle8 ; breaker: 1,0 ] --> 0,2 0,5045846 0,8110319 1,394127 2,023722 2,3032 2,809231 3,061792 
[ e ;  jungle8 ; breaker: 1,0 ] --> 0 0,004584551 0,05103189 0,02412689 0,09372222 0,06319952 0,08923125 0,1317923 
Absolute Error Mean: 0,05721108

[ p ;  jungle8 ; breaker: 1,0 ] --> 0,2 0,5 0,76 1,37 1,93 2,24 2,72 2,93 
[ b ;  jungle8 ; breaker: 1,0 ] --> 0,2 0,5071816 0,7907371 1,52409 2,125942 2,380347 2,892861 3,122139 
[ e ;  jungle8 ; breaker: 1,0 ] --> 0 0,007181585 0,0307371 0,15409 0,1959418 0,1403475 0,1728611 0,1921389 
Absolute Error Mean: 0,1116623

[ p ;  jungle8 ; breaker: 1,0 ] --> 0,2 0,5 0,76 1,37 1,93 2,24 2,72 2,93 
[ b ;  jungle8 ; breaker: 1,0 ] --> 0,2 0,4298694 0,7307099 1,413598 2,07505 2,393635 2,976374 3,280168 
[ e ;  jungle8 ; breaker: 1,0 ] --> 0 0,07013056 0,02929014 0,04359794 0,1450504 0,1536353 0,2563744 0,3501675 
Absolute Error Mean: 0,1310308

[ p ;  jungle8 ; breaker: 1,0 ] --> 0,2 0,5 0,76 1,37 1,93 2,24 2,72 2,93 
[ b ;  jungle8 ; breaker: 1,0 ] --> 0,2 0,5363781 0,8203635 1,378493 2,020593 2,301601 2,807652 3,060734 
[ e ;  jungle8 ; breaker: 1,0 ] --> 0 0,03637809 0,06036347 0,008492708 0,09059322 0,06160116 0,08765221 0,1307335 
Absolute Error Mean: 0,05947679

[ p ;  jungle16 ; breaker: 1,0 ] --> 0,2 0,5 0,76 1,37 1,93 2,24 2,72 2,93 
[ s ;  jungle16 ; breaker: 1,0 ] --> 0,2 0,5336605 0,8839223 1,185296 1,540442 2,254616 2,813339 3,292104 3,76758 4,150852 4,658151 4,984313 5,307236 5,632173 5,882059 6,158154 6,436341 9,368141 9,702457 9,954716 10,2838 10,81374 11,07192 11,39755 11,72714 12,11261 12,70024 12,98108 13,28268 13,56211 13,89398 14,22635 15,34729 20,09657 20,45221 20,75739 21,06236 21,54607 21,79799 22,1 22,40661 22,81638 23,09806 23,4294 23,68303 23,96673 24,40316 24,73568 
[ e ;  jungle16 ; breaker: 1,0 ] --> 0 0,03366047 0,1239223 0,1847038 0,3895576 0,01461601 0,09333944 0,3621035 
Absolute Error Mean: 0,1502379

[ p ;  jungle16 ; breaker: 1,0 ] --> 0,2 0,5 0,76 1,37 1,93 2,24 2,72 2,93 3,2 3,51 3,78 4,08 4,57 4,9 5,19 5,3 
[ s ;  jungle16 ; breaker: 1,0 ] --> 0,2 0,5060308 0,8622939 1,293227 2,051469 2,356016 2,682601 2,937917 3,365583 3,716559 4,073017 4,375675 4,654692 4,985142 5,265029 5,547071 
[ e ;  jungle16 ; breaker: 1,0 ] --> 0 0,006030798 0,1022939 0,07677281 0,1214694 0,1160164 0,03739882 0,007917404 0,1655834 0,2065587 0,2930171 0,2956753 0,08469152 0,08514166 0,0750289 0,2470713 
Absolute Error Mean: 0,1200417

[ p ;  jungle16 ; breaker: 1,0 ] --> 0,2 0,5 0,76 1,37 1,93 2,24 2,72 2,93 3,2 3,51 3,78 4,08 4,57 4,9 5,19 5,3 
[ s ;  jungle16 ; breaker: 1,0 ] --> 0,2 0,7137597 1,146749 1,37544 1,700869 2,027021 2,579206 3,060206 3,831259 4,137562 4,469779 4,751834 5,007591 5,260219 5,515005 5,794105 6,102409 
[ e ;  jungle16 ; breaker: 1,0 ] --> 0 0,2137597 0,3867488 0,005439758 0,2291306 0,2129788 0,1407938 0,1302061 0,6312592 0,6275618 0,6897786 0,6718345 0,4375911 0,3602185 0,3250046 0,4941049 
Absolute Error Mean: 0,3472757

[ p ;  jungle16 ; breaker: 1,0 ] --> 0,2 0,5 0,76 1,37 1,93 2,24 2,72 2,93 3,2 3,51 3,78 4,08 4,57 4,9 5,19 5,3 
[ s ;  jungle16 ; breaker: 1,0 ] --> 0,2 0,630803 0,9599187 1,414415 2,179082 2,483937 2,841205 3,199262 3,604536 3,96437 4,342815 4,696828 5,025537 5,327521 5,635694 5,961666 
[ e ;  jungle16 ; breaker: 1,0 ] --> 0 0,130803 0,1999187 0,04441535 0,2490817 0,243937 0,1212053 0,2692623 0,404536 0,4543698 0,562815 0,616828 0,4555364 0,4275208 0,445694 0,6616659 
Absolute Error Mean: 0,3304743

[ p ;  jungle16 ; breaker: 1,0 ] --> 0,2 0,5 0,76 1,37 1,93 2,24 2,72 2,93 3,2 3,51 3,78 4,08 4,57 4,9 5,19 5,3 
[ s ;  jungle16 ; breaker: 1,0 ] --> 0,2 0,6079369 0,9366353 1,394058 2,10528 2,484266 2,966389 3,396337 3,827659 4,309699 4,740772 5,070618 5,400529 5,655853 5,933188 6,218314 
[ e ;  jungle16 ; breaker: 1,0 ] --> 0 0,1079369 0,1766353 0,02405751 0,1752797 0,2442658 0,2463892 0,4663367 0,6276586 0,7996991 0,9607718 0,9906182 0,8305287 0,7558527 0,7431879 0,918314 
Absolute Error Mean: 0,5042207

[ p ;  jungle16 ; breaker: 1,0 ] --> 0,2 0,5 0,76 1,37 1,93 2,24 2,72 2,93 3,2 3,51 3,78 4,08 4,57 4,9 5,19 5,3 
[ s ;  jungle16 ; breaker: 1,0 ] --> 0,2 0,6858251 1,165062 1,648308 2,369314 3,133133 3,515992 4,02769 4,514185 5,096463 5,658588 6,01543 6,44766 6,934937 7,393448 7,902063 
[ e ;  jungle16 ; breaker: 1,0 ] --> 0 0,1858251 0,4050618 0,2783083 0,4393145 0,8931332 0,7959917 1,09769 1,314185 1,586463 1,878588 1,935431 1,87766 2,034937 2,203448 2,602063 
Absolute Error Mean: 1,220506

[ p ;  jungle16 ; breaker: 1,0 ] --> 0,2 0,5 0,76 1,37 1,93 2,24 2,72 2,93 3,2 3,51 3,78 4,08 4,57 4,9 5,19 5,3 
[ s ;  jungle16 ; breaker: 1,0 ] --> 0,2 0,7090508 1,068022 1,501951 2,264139 2,620147 3,126794 3,51456 4,046803 4,476825 4,956257 5,283816 5,646145 5,951448 6,229989 6,55441 6,831853 7,332457 7,940094 8,422961 9,160825 9,592657 10,05089 10,38123 11,63524 12,08857 12,63411 12,94507 13,37786 13,70606 14,13887 14,59663 
[ e ;  jungle16 ; breaker: 1,0 ] --> 0 0,2090508 0,3080219 0,1319509 0,334139 0,380147 0,4067938 0,5845594 0,8468034 0,9668252 1,176257 1,203816 1,076145 1,051448 1,039989 1,25441 
Absolute Error Mean: 0,6856474

[ p ;  jungle16 ; breaker: 1,0 ] --> 0,2 0,5 0,76 1,37 1,93 2,24 2,72 2,93 3,2 3,51 3,78 4,08 4,57 4,9 5,19 5,3 
[ s ;  jungle16 ; breaker: 1,0 ] --> 0,2 0,7610664 1,068079 1,349846 2,03447 2,391324 2,650711 2,903539 3,260901 3,56769 3,872172 4,127039 4,410285 4,690884 4,972902 5,259502 
[ e ;  jungle16 ; breaker: 1,0 ] --> 0 0,2610664 0,3080789 0,020154 0,1044699 0,1513238 0,06928945 0,02646136 0,06090069 0,05769038 0,09217191 0,04703951 0,1597152 0,2091165 0,2170978 0,04049778 
Absolute Error Mean: 0,1140671

[ p ;  jungle16 ; breaker: 1,0 ] --> 0,2 0,5 0,76 1,37 1,93 2,24 2,72 2,93 3,2 3,51 3,78 4,08 4,57 4,9 5,19 5,3 
[ s ;  jungle16 ; breaker: 1,0 ] --> 0,2 0,6803133 1,005202 1,357258 2,119345 2,820236 3,098446 3,352861 3,629522 3,914629 4,196165 4,501365 4,831324 5,11143 5,390532 5,719698 6,069444 6,629913 6,958436 7,287141 8,045144 8,347507 8,753092 9,055469 9,389373 9,844342 10,2299 10,51103 10,8173 11,12825 11,45832 11,99067 
[ e ;  jungle16 ; breaker: 1,0 ] --> 0 0,1803133 0,2452019 0,01274192 0,1893452 0,5802364 0,3784456 0,4228609 0,4295216 0,4046295 0,4161651 0,4213648 0,2613239 0,2114296 0,2005324 0,4196978 
Absolute Error Mean: 0,2983631

[ p ;  jungle16 ; breaker: 1,0 ] --> 0,2 0,5 0,76 1,37 1,93 2,24 2,72 2,93 3,2 3,51 3,78 4,08 4,57 4,9 5,19 5,3 
[ s ;  jungle16 ; breaker: 1,0 ] --> 0,2 0,7342155 1,089066 1,595205 1,949761 2,636048 2,965311 3,293063 3,723767 4,156809 4,559951 4,965956 5,252707 5,534285 5,843109 6,124459 
[ e ;  jungle16 ; breaker: 1,0 ] --> 0 0,2342155 0,3290663 0,2252051 0,01976061 0,3960481 0,2453113 0,3630626 0,5237672 0,6468089 0,7799509 0,8859563 0,6827068 0,634285 0,6531086 0,8244586 
Absolute Error Mean: 0,465232

[ p ;  jungle16 ; breaker: 1,0 ] --> 0,2 0,5 0,76 1,37 1,93 2,24 2,72 2,93 3,2 3,51 3,78 4,08 4,57 4,9 5,19 5,3 
[ b ;  jungle16 ; breaker: 1,0 ] --> 0,2 0,6053202 0,9623095 1,37128 2,012132 2,370996 2,912504 3,296276 3,606255 3,993505 4,405602 4,840392 5,402982 5,814508 
[ e ;  jungle16 ; breaker: 1,0 ] --> 0 0,1053202 0,2023095 0,001280427 0,08213198 0,1309965 0,1925042 0,3662763 0,4062552 0,4835055 0,625602 0,7603922 0,8329816 0,9145079 
Absolute Error Mean: 0,974629

[ p ;  jungle16 ; breaker: 1,0 ] --> 0,2 0,5 0,76 1,37 1,93 2,24 2,72 2,93 3,2 3,51 3,78 4,08 4,57 4,9 5,19 5,3 
[ b ;  jungle16 ; breaker: 1,0 ] --> 0,2 0,5331093 0,8913312 1,487873 2,151203 2,486953 3,054001 3,419252 3,776517 4,161956 4,471357 4,830696 5,40125 5,763584 6,072522 6,352332 
[ e ;  jungle16 ; breaker: 1,0 ] --> 0 0,03310931 0,1313312 0,1178727 0,2212027 0,2469525 0,3340006 0,4892519 0,5765173 0,6519563 0,6913569 0,7506962 0,8312497 0,863584 0,8825216 1,052331 
Absolute Error Mean: 0,4921209

[ p ;  jungle16 ; breaker: 1,0 ] --> 0,2 0,5 0,76 1,37 1,93 2,24 2,72 2,93 3,2 3,51 3,78 4,08 4,57 4,9 5,19 5,3 
[ b ;  jungle16 ; breaker: 1,0 ] --> 0,2 0,4809226 0,7876381 1,378263 2,069171 2,404922 2,997035 3,334117 3,618905 3,927474 4,184832 4,41673 4,796685 5,49214 5,899232 6,17834 
[ e ;  jungle16 ; breaker: 1,0 ] --> 0 0,01907739 0,02763808 0,008262634 0,139171 0,1649215 0,2770352 0,4041173 0,4189045 0,4174743 0,4048321 0,33673 0,226685 0,5921397 0,7092323 0,8783402 
Absolute Error Mean: 0,3140351

[ p ;  jungle16 ; breaker: 1,0 ] --> 0,2 0,5 0,76 1,37 1,93 2,24 2,72 2,93 3,2 3,51 3,78 4,08 4,57 4,9 5,19 5,3 
[ b ;  jungle16 ; breaker: 1,0 ] --> 0,2 0,4536252 0,7598826 1,344581 1,980027 2,313542 2,92481 3,278464 3,553193 3,830583 4,086603 4,289578 4,597149 5,395835 5,807709 6,141536 
[ e ;  jungle16 ; breaker: 1,0 ] --> 0 0,04637483 0,0001173615 0,02541852 0,05002689 0,07354212 0,2048097 0,3484635 0,3531933 0,3205826 0,3066027 0,2095785 0,02714872 0,4958353 0,6177092 0,841536 
Absolute Error Mean: 0,2450587

[ p ;  jungle16 ; breaker: 1,0 ] --> 0,2 0,5 0,76 1,37 1,93 2,24 2,72 2,93 3,2 3,51 3,78 4,08 4,57 4,9 5,19 5,3 
[ b ;  jungle16 ; breaker: 1,0 ] --> 0,2 0,4809222 0,8130294 1,401737 2,01568 2,349385 2,912047 3,194657 3,55818 3,869587 4,124823 4,352735 4,60851 5,37315 5,627562 5,835362 6,012009 8,534335 8,793028 9,075172 9,990033 10,3723 10,59837 11,03221 11,36809 11,98375 12,41616 12,79462 13,20048 13,86682 15,28752 17,02968 18,75187 19,0857 19,44167 19,9991 20,68959 20,99705 21,61297 21,97149 22,25575 22,5135 22,79257 23,10144 23,74093 23,99574 24,25266 24,53449 
[ e ;  jungle16 ; breaker: 1,0 ] --> 0 0,01907784 0,05302942 0,03173673 0,08568013 0,109385 0,1920466 0,2646568 0,3581798 0,359587 0,3448226 0,2727351 0,03850937 0,4731498 0,4375615 0,5353618 
Absolute Error Mean: 0,22347

[ p ;  jungle16 ; breaker: 1,0 ] --> 0,2 0,5 0,76 1,37 1,93 2,24 2,72 2,93 3,2 3,51 3,78 4,08 4,57 4,9 5,19 5,3 
[ b ;  jungle16 ; breaker: 1,0 ] --> 0,2 0,4566838 0,7432901 1,309527 1,957632 2,266556 2,806166 3,115004 3,424851 3,758319 4,038459 4,448337 5,031491 5,315953 5,546262 5,751277 
[ e ;  jungle16 ; breaker: 1,0 ] --> 0 0,04331619 0,01670986 0,06047344 0,02763247 0,02655554 0,08616614 0,185004 0,2248511 0,2483189 0,2584589 0,3683367 0,4614911 0,4159532 0,3562617 0,4512768 
Absolute Error Mean: 0,2019254

[ p ;  jungle16 ; breaker: 1,0 ] --> 0,2 0,5 0,76 1,37 1,93 2,24 2,72 2,93 3,2 3,51 3,78 4,08 4,57 4,9 5,19 5,3 
[ b ;  jungle16 ; breaker: 1,0 ] --> 0,2 0,4825866 0,7657299 1,330345 1,919595 2,225675 2,87003 3,174484 3,477819 3,73208 3,987186 4,245798 4,754936 5,088247 5,44746 5,727661 
[ e ;  jungle16 ; breaker: 1,0 ] --> 0 0,01741341 0,005729914 0,03965485 0,01040483 0,0143249 0,1500301 0,2444837 0,2778187 0,2220798 0,207186 0,1657982 0,184936 0,1882472 0,2574601 0,4276609 
Absolute Error Mean: 0,1508268

[ p ;  jungle16 ; breaker: 1,0 ] --> 0,2 0,5 0,76 1,37 1,93 2,24 2,72 2,93 3,2 3,51 3,78 4,08 4,57 4,9 5,19 5,3 
[ b ;  jungle16 ; breaker: 1,0 ] --> 0,2 0,5342091 0,9470224 1,559845 2,17508 2,430515 3,022489 3,27789 3,506941 3,764891 4,023746 4,356001 4,896103 5,17571 5,436516 5,719326 
[ e ;  jungle16 ; breaker: 1,0 ] --> 0 0,03420907 0,1870224 0,1898454 0,2450804 0,1905153 0,302489 0,3478899 0,3069406 0,2548912 0,2437456 0,276001 0,3261027 0,2757096 0,2465158 0,4193258 
Absolute Error Mean: 0,2403927

[ p ;  jungle16 ; breaker: 1,0 ] --> 0,2 0,5 0,76 1,37 1,93 2,24 2,72 2,93 3,2 3,51 3,78 4,08 4,57 4,9 5,19 5,3 
[ b ;  jungle16 ; breaker: 1,0 ] --> 0,2 0,4804047 0,7874626 1,351013 1,915269 2,198127 2,736047 3,017739 3,272197 3,55605 3,911556 4,322685 4,807024 5,06162 5,318693 5,550317 
[ e ;  jungle16 ; breaker: 1,0 ] --> 0 0,01959532 0,0274626 0,0189867 0,01473141 0,04187298 0,016047 0,08773851 0,07219744 0,04604959 0,131556 0,2426853 0,2370238 0,1616197 0,1286931 0,2503166 
Absolute Error Mean: 0,093536

[ p ;  jungle16 ; breaker: 1,0 ] --> 0,2 0,5 0,76 1,37 1,93 2,24 2,72 2,93 3,2 3,51 3,78 4,08 4,57 4,9 5,19 5,3 
[ b ;  jungle16 ; breaker: 1,0 ] --> 0,2 0,4531134 0,7849992 1,355117 1,945467 2,232734 2,829678 3,110365 3,364324 3,646953 3,929636 4,240742 4,779658 5,081058 5,334014 5,613922 
[ e ;  jungle16 ; breaker: 1,0 ] --> 0 0,04688662 0,0249992 0,01488256 0,01546729 0,007266283 0,1096778 0,1803646 0,1643236 0,1369526 0,149636 0,1607423 0,2096581 0,1810575 0,1440144 0,3139219 
Absolute Error Mean: 0,1162407

[ p ;  jungle26 ; breaker: 1,0 ] --> 0,2 0,5 0,76 1,37 1,93 2,24 2,72 2,93 3,2 3,51 3,78 4,08 4,57 4,9 5,19 5,3 
[ b ;  jungle26 ; breaker: 1,0 ] --> 0,2 0,5130602 0,8240612 1,424217 2,019223 2,250719 2,870621 3,177091 3,4576 3,762366 4,597619 5,0089 5,576099 5,855105 6,158041 6,561437 7,276814 7,508864 7,765127 8,307204 8,565136 8,796185 9,026543 9,261863 9,518426 9,749109 
[ e ;  jungle26 ; breaker: 1,0 ] --> 0 0,01306021 0,06406116 0,05421698 0,08922303 0,01071906 0,1506207 0,2470908 0,2576003 0,2523663 0,8176191 0,9289002 1,006099 0,9551053 0,9680405 1,261436 
Absolute Error Mean: 0,44226

[ p ;  jungle26 ; breaker: 1,0 ] --> 0,2 0,5 0,76 1,37 1,93 2,24 2,72 2,93 3,2 3,51 3,78 4,08 4,57 4,9 5,19 5,3 5,92 6,1 6,37 6,76 7,09 7,24 7,7 7,8 8,24 8,5 
[ b ;  jungle26 ; breaker: 1,0 ] --> 0,2 0,480912 0,7333164 1,247945 1,860409 2,137637 2,750312 3,15695 3,537236 3,87125 4,107644 4,414627 5,105505 5,433167 5,815679 6,450449 6,706779 6,986211 7,215542 7,399677 7,731309 8,317355 8,644406 8,97379 9,503956 9,836648 
[ e ;  jungle26 ; breaker: 1,0 ] --> 0 0,019088 0,02668363 0,1220546 0,06959093 0,1023629 0,03031158 0,2269497 0,3372362 0,3612497 0,3276441 0,3346267 0,5355048 0,5331669 0,625679 1,150449 0,7867785 0,8862114 0,845542 0,639677 0,6413088 1,077355 0,9444065 1,17379 1,263956 1,336648 
Absolute Error Mean: 0,5537797

[ p ;  jungle26 ; breaker: 1,0 ] --> 0,2 0,5 0,76 1,37 1,93 2,24 2,72 2,93 3,2 3,51 3,78 4,08 4,57 4,9 5,19 5,3 5,92 6,1 6,37 6,76 7,09 7,24 7,7 7,8 8,24 8,5 
[ b ;  jungle26 ; breaker: 1,0 ] --> 0,2 0,4589693 0,6914957 1,208906 1,829256 2,086004 2,694907 2,976591 3,18163 3,440772 3,695454 3,948668 4,670778 4,923953 5,356894 5,606994 5,78736 5,96655 6,349752 6,712956 6,993285 7,225339 7,561355 8,07083 8,328418 8,768972 
[ e ;  jungle26 ; breaker: 1,0 ] --> 0 0,04103073 0,06850433 0,161094 0,100744 0,153996 0,0250926 0,04659081 0,01836967 0,06922841 0,08454633 0,1313319 0,1007776 0,02395248 0,1668944 0,3069935 0,1326404 0,13345 0,02024794 0,0470438 0,09671497 0,01466084 0,1386452 0,2708302 0,08841801 0,2689724 
Absolute Error Mean: 0,1042604

[ p ;  jungle26 ; breaker: 1,0 ] --> 0,2 0,5 0,76 1,37 1,93 2,24 2,72 2,93 3,2 3,51 3,78 4,08 4,57 4,9 5,19 5,3 5,92 6,1 6,37 6,76 7,09 7,24 7,7 7,8 8,24 8,5 
[ b ;  jungle26 ; breaker: 1,0 ] --> 0,2 0,4843769 0,7716556 1,31769 2,034701 2,366558 3,155425 3,509594 3,740736 3,995117 4,273147 4,528404 4,78823 5,379363 5,712735 6,016241 6,550458 7,034544 7,313588 7,516234 7,896508 8,226686 8,713749 9,02144 9,30445 9,634274 
[ e ;  jungle26 ; breaker: 1,0 ] --> 0 0,01562306 0,01165557 0,05230975 0,1047009 0,1265583 0,4354246 0,5795939 0,5407362 0,4851172 0,4931467 0,4484038 0,2182302 0,4793625 0,5227351 0,7162409 0,6304584 0,9345441 0,9435883 0,7562342 0,8065081 0,9866867 1,013749 1,221439 1,06445 1,134274 
Absolute Error Mean: 0,566222

[ p ;  jungle26 ; breaker: 1,0 ] --> 0,2 0,5 0,76 1,37 1,93 2,24 2,72 2,93 3,2 3,51 3,78 4,08 4,57 4,9 5,19 5,3 5,92 6,1 6,37 6,76 7,09 7,24 7,7 7,8 8,24 8,5 
[ b ;  jungle26 ; breaker: 1,0 ] --> 0,2 0,4797514 0,7340957 1,296155 1,897313 2,128233 2,687519 2,967451 3,223448 3,456448 3,711095 3,937712 4,195084 4,915826 5,197914 5,766179 6,076112 6,638286 6,841444 7,050972 7,466643 7,858947 8,091084 8,271052 8,500311 8,886233 
[ e ;  jungle26 ; breaker: 1,0 ] --> 0 0,02024856 0,0259043 0,07384491 0,03268683 0,1117668 0,03248143 0,03745079 0,02344751 0,05355167 0,06890488 0,1422877 0,3749166 0,01582623 0,007914066 0,4661784 0,1561117 0,5382857 0,4714446 0,2909718 0,3766432 0,618947 0,3910837 0,4710522 0,2603111 0,3862333 
Absolute Error Mean: 0,2095575

[ p ;  jungle26 ; breaker: 1,0 ] --> 0,2 0,5 0,76 1,37 1,93 2,24 2,72 2,93 3,2 3,51 3,78 4,08 4,57 4,9 5,19 5,3 5,92 6,1 6,37 6,76 7,09 7,24 7,7 7,8 8,24 8,5 
[ b ;  jungle26 ; breaker: 1,0 ] --> 0,2 0,4085831 0,6627687 1,205502 1,855149 2,1403 2,840629 3,152698 3,435359 3,744434 3,952976 4,235963 4,830291 5,113572 5,373482 6,06102 6,422313 6,687146 7,127598 7,364533 7,857469 8,321293 8,614408 9,052826 9,33608 9,855731 
[ e ;  jungle26 ; breaker: 1,0 ] --> 0 0,0914169 0,09723133 0,1644982 0,0748508 0,09969974 0,1206286 0,2226977 0,2353587 0,2344341 0,172976 0,1559634 0,2602906 0,213572 0,1834822 0,7610197 0,5023131 0,5871463 0,7575979 0,6045332 0,7674685 1,081293 0,9144077 1,252826 1,09608 1,355731 
Absolute Error Mean: 0,4618275

[ p ;  jungle26 ; breaker: 1,0 ] --> 0,2 0,5 0,76 1,37 1,93 2,24 2,72 2,93 3,2 3,51 3,78 4,08 4,57 4,9 5,19 5,3 5,92 6,1 6,37 6,76 7,09 7,24 7,7 7,8 8,24 8,5 
[ b ;  jungle26 ; breaker: 1,0 ] --> 0,2 0,4518547 0,7388682 1,278308 1,819304 2,10456 2,722757 3,00147 3,307564 3,538764 3,768488 4,047677 4,607961 4,915962 5,168826 5,933905 6,580098 6,834696 7,039804 7,269803 7,502769 7,837995 8,223948 8,479286 8,836898 9,166546 
[ e ;  jungle26 ; breaker: 1,0 ] --> 0 0,04814532 0,02113181 0,09169197 0,1106963 0,1354399 0,002756596 0,07147002 0,1075644 0,02876449 0,0115118 0,03232288 0,03796101 0,01596212 0,02117395 0,6339045 0,6600976 0,7346959 0,6698041 0,5098028 0,4127688 0,5979953 0,5239477 0,679286 0,5968981 0,6665459 
Absolute Error Mean: 0,2854746

[ p ;  jungle26 ; breaker: 1,0 ] --> 0,2 0,5 0,76 1,37 1,93 2,24 2,72 2,93 3,2 3,51 3,78 4,08 4,57 4,9 5,19 5,3 5,92 6,1 6,37 6,76 7,09 7,24 7,7 7,8 8,24 8,5 
[ b ;  jungle26 ; breaker: 1,0 ] --> 0,2 0,4779433 0,7624578 1,298498 2,012305 2,290169 2,930525 3,240955 3,495456 3,752201 4,05939 4,292428 4,524869 5,218369 5,395225 5,623201 6,158784 6,417157 6,805012 7,038221 7,245123 7,42582 7,861423 8,195066 8,44927 8,888066 9,321616 10,9469 11,2542 11,85004 12,519 12,7494 14,03274 14,2887 14,49537 14,74965 15,00581 15,26401 16,53419 16,81644 17,02044 17,22835 17,40926 17,58707 17,78719 17,98808 18,21852 18,42068 18,62232 18,84844 19,35882 19,66381 21,1373 21,33964 21,5694 22,10876 22,72323 22,95797 23,67839 23,91236 24,14679 24,38079 24,63912 24,84559 25,80147 26,00798 26,23951 26,81243 27,1206 27,43099 27,63781 27,97214 28,36053 28,60194 28,83393 29,07077 29,27596 29,58887 
[ e ;  jungle26 ; breaker: 1,0 ] --> 0 0,02205667 0,002457857 0,07150173 0,0823046 0,05016923 0,2105248 0,3109553 0,2954562 0,2422006 0,2793896 0,2124281 0,04513073 0,3183689 0,205225 0,3232012 0,2387843 0,3171568 0,4350119 0,2782211 0,1551228 0,1858206 0,1614227 0,3950663 0,2092705 0,3880663 
Absolute Error Mean: 0,2090505

[ p ;  jungle26 ; breaker: 1,0 ] --> 0,2 0,5 0,76 1,37 1,93 2,24 2,72 2,93 3,2 3,51 3,78 4,08 4,57 4,9 5,19 5,3 5,92 6,1 6,37 6,76 7,09 7,24 7,7 7,8 8,24 8,5 
[ b ;  jungle26 ; breaker: 1,0 ] --> 0,2 0,4567787 0,7110538 1,323357 2,033129 2,311143 3,03343 3,291837 3,518722 3,749453 4,030604 4,280196 4,483055 5,151179 5,411989 5,59203 6,36214 7,023612 7,253579 7,45827 7,66069 7,865942 8,22171 8,505128 8,737964 8,94482 
[ e ;  jungle26 ; breaker: 1,0 ] --> 0 0,04322129 0,04894614 0,0466435 0,103129 0,07114315 0,3134303 0,3618364 0,3187222 0,2394528 0,2506039 0,2001963 0,08694553 0,2511787 0,2219892 0,2920294 0,4421396 0,9236126 0,8835793 0,6982698 0,5706897 0,6259418 0,5217104 0,7051277 0,4979639 0,4448204 
Absolute Error Mean: 0,3524355

[ p ;  jungle26 ; breaker: 1,0 ] --> 0,2 0,5 0,76 1,37 1,93 2,24 2,72 2,93 3,2 3,51 3,78 4,08 4,57 4,9 5,19 5,3 5,92 6,1 6,37 6,76 7,09 7,24 7,7 7,8 8,24 8,5 
[ b ;  jungle26 ; breaker: 1,0 ] --> 0,2 6,896074 7,14791 7,376228 7,860877 8,498919 8,728868 9,216548 9,502048 9,709279 9,916862 10,14636 10,40642 11,01442 11,64435 11,87996 12,09494 12,90094 13,43677 13,82205 14,04822 14,25062 14,45864 14,63843 14,95029 15,51664 18,0421 18,29741 18,55246 19,14768 19,89191 20,12178 20,78705 21,06766 21,32434 21,55712 21,78716 21,9945 22,27436 22,94664 23,14931 23,32661 24,1009 24,71811 24,92286 25,12585 25,33119 25,53306 25,73812 26,2272 26,4822 26,68834 
[ e ;  jungle26 ; breaker: 1,0 ] --> 0 6,396074 6,38791 6,006228 5,930877 6,25892 6,008867 6,286548 6,302048 6,199279 6,136863 6,066357 5,83642 6,114422 6,454353 6,57996 6,17494 6,800941 7,066769 7,062053 6,958217 7,010618 6,758636 6,838432 6,710293 7,016637 
Absolute Error Mean: 6,206256

[ p ;  jungle8 ; breaker: 1,0 ] --> 0,2 0,5 0,76 1,37 1,93 2,24 2,72 2,93 3,2 3,51 3,78 4,08 4,57 4,9 5,19 5,3 5,92 6,1 6,37 6,76 7,09 7,24 7,7 7,8 8,24 8,5 
[ s ;  jungle8 ; breaker: 1,0 ] --> 0,2 0,7387586 1,097515 1,484375 2,176109 2,663548 3,097343 3,4848 
[ e ;  jungle8 ; breaker: 1,0 ] --> 0 0,2387586 0,337515 0,1143745 0,2461094 0,423548 0,3773429 0,5547998 
Absolute Error Mean: 4,174709

[ p ;  jungle8 ; breaker: 1,0 ] --> 0,2 0,5 0,76 1,37 1,93 2,24 2,72 2,93 
[ s ;  jungle8 ; breaker: 1,0 ] --> 0,2 0,4806945 0,7833524 1,069106 1,350286 1,837302 2,091451 2,381835 
[ e ;  jungle8 ; breaker: 1,0 ] --> 0 0,01930553 0,02335238 0,3008939 0,5797139 0,4026977 0,6285489 0,5481653 
Absolute Error Mean: 0,3128347

[ p ;  jungle8 ; breaker: 1,0 ] --> 0,2 0,5 0,76 1,37 1,93 2,24 2,72 2,93 
[ s ;  jungle8 ; breaker: 1,0 ] --> 0,2 0,5306708 0,8075389 1,213994 1,920024 2,324234 2,627587 2,883589 
[ e ;  jungle8 ; breaker: 1,0 ] --> 0 0,03067082 0,04753894 0,1560061 0,009976149 0,08423448 0,09241271 0,0464108 
Absolute Error Mean: 0,05840625

[ p ;  jungle8 ; breaker: 1,0 ] --> 0,2 0,5 0,76 1,37 1,93 2,24 2,72 2,93 
[ s ;  jungle8 ; breaker: 1,0 ] --> 0,2 0,5287628 0,8333244 1,111168 1,392583 1,901036 2,202745 2,452979 2,683066 5,709517 6,012053 6,262702 6,514758 6,968009 7,248686 7,503864 
[ e ;  jungle8 ; breaker: 1,0 ] --> 0 0,02876276 0,07332444 0,2588321 0,5374172 0,3389643 0,5172551 0,4770207 
Absolute Error Mean: 0,2789471

[ p ;  jungle8 ; breaker: 1,0 ] --> 0,2 0,5 0,76 1,37 1,93 2,24 2,72 2,93 
[ s ;  jungle8 ; breaker: 1,0 ] --> 0,2 0,578462 0,9115101 1,393664 2,124202 2,481145 2,810855 3,114056 
[ e ;  jungle8 ; breaker: 1,0 ] --> 0 0,078462 0,1515101 0,02366364 0,1942025 0,2411454 0,09085488 0,1840556 
Absolute Error Mean: 0,1204868

[ p ;  jungle8 ; breaker: 1,0 ] --> 0,2 0,5 0,76 1,37 1,93 2,24 2,72 2,93 
[ s ;  jungle8 ; breaker: 1,0 ] --> 0,2 0,5303606 0,8128493 1,350275 1,984084 2,28668 2,644539 2,950844 
[ e ;  jungle8 ; breaker: 1,0 ] --> 0 0,03036064 0,05284929 0,01972497 0,05408394 0,04667974 0,07546139 0,02084422 
Absolute Error Mean: 0,03750052

[ p ;  jungle8 ; breaker: 1,0 ] --> 0,2 0,5 0,76 1,37 1,93 2,24 2,72 2,93 
[ s ;  jungle8 ; breaker: 1,0 ] --> 0,2 0,557575 0,8601198 1,266271 1,592165 1,81808 2,328279 2,758623 3,82528 5,09059 5,594312 5,900405 6,311585 7,026656 7,354576 7,658182 7,961716 8,475163 
[ e ;  jungle8 ; breaker: 1,0 ] --> 0 0,05757505 0,1001198 0,1037295 0,3378352 0,4219196 0,3917212 0,1713774 
Absolute Error Mean: 0,1980347

[ p ;  jungle8 ; breaker: 1,0 ] --> 0,2 0,5 0,76 1,37 1,93 2,24 2,72 2,93 
[ s ;  jungle8 ; breaker: 1,0 ] --> 0,2 0,5295982 0,8045276 1,133874 1,82157 2,102479 2,405235 2,707584 
[ e ;  jungle8 ; breaker: 1,0 ] --> 0 0,02959818 0,04452759 0,2361264 0,1084303 0,1375206 0,3147647 0,2224157 
Absolute Error Mean: 0,1366729

[ p ;  jungle8 ; breaker: 1,0 ] --> 0,2 0,5 0,76 1,37 1,93 2,24 2,72 2,93 
[ s ;  jungle8 ; breaker: 1,0 ] --> 0,2 0,5284808 0,8776979 1,227787 1,936817 2,338931 2,691318 2,971357 
[ e ;  jungle8 ; breaker: 1,0 ] --> 0 0,02848083 0,117698 0,1422129 0,00681746 0,09893084 0,02868199 0,0413568 
Absolute Error Mean: 0,05802234

[ p ;  jungle8 ; breaker: 1,0 ] --> 0,2 0,5 0,76 1,37 1,93 2,24 2,72 2,93 
[ s ;  jungle8 ; breaker: 1,0 ] --> 0,2 0,554566 0,9602468 1,390553 2,071254 2,498351 2,881787 3,289365 3,900025 5,146618 5,503937 5,935601 6,544708 6,901797 7,206846 7,487206 
[ e ;  jungle8 ; breaker: 1,0 ] --> 0 0,05456603 0,2002468 0,02055252 0,1412538 0,2583508 0,161787 0,3593647 
Absolute Error Mean: 0,1495152

[ p ;  jungle26 ; breaker: 1,0 ] --> 0,2 0,5 0,76 1,37 1,93 2,24 2,72 2,93 
[ s ;  jungle26 ; breaker: 1,0 ] --> 0,2 0,581562 0,9874596 1,496645 2,130898 2,461066 2,794446 3,073337 3,428397 3,71091 3,991529 4,297201 4,578594 4,834581 5,089568 5,320835 5,498628 5,90382 6,181858 6,538876 6,845156 7,14819 7,579364 7,959488 8,236514 8,493643 22,77988 23,06264 23,39816 23,67892 23,98218 24,46849 24,74504 25,09663 25,35332 25,58454 25,89034 26,17091 26,42851 26,68244 26,96714 27,34873 27,70614 28,35266 28,76139 29,09429 29,37385 29,629 29,93706 30,2198 30,53047 30,78621 
[ e ;  jungle26 ; breaker: 1,0 ] --> 0 0,08156198 0,2274596 0,126645 0,2008976 0,2210655 0,0744462 0,1433365 
Absolute Error Mean: 0,1344265

[ p ;  jungle26 ; breaker: 1,0 ] --> 0,2 0,5 0,76 1,37 1,93 2,24 2,72 2,93 3,2 3,51 3,78 4,08 4,57 4,9 5,19 5,3 5,92 6,1 6,37 6,76 7,09 7,24 7,7 7,8 8,24 8,5 
[ s ;  jungle26 ; breaker: 1,0 ] --> 0,2 0,5315166 0,8087216 1,114412 1,367988 1,876117 2,104289 2,410353 2,812129 3,141551 3,44649 3,724961 3,95489 4,208884 4,512516 4,81667 5,143775 5,627028 5,98419 6,236968 6,542125 6,875114 7,232154 7,540775 7,873506 8,151644 8,454801 9,139157 9,441783 9,722266 9,974062 10,38208 10,66282 10,96914 11,42674 11,72902 12,03403 12,34114 12,62099 12,92693 13,26196 13,59683 14,10336 14,56262 14,97147 15,35197 15,78804 16,07 16,42794 16,75514 17,06403 17,32053 
[ e ;  jungle26 ; breaker: 1,0 ] --> 0 0,03151661 0,04872161 0,2555884 0,5620118 0,3638827 0,615711 0,5196474 0,387871 0,3684492 0,3335097 0,3550394 0,6151102 0,6911159 0,6774836 0,4833302 0,7762256 0,4729714 0,3858099 0,5230322 0,5478749 0,3648858 0,4678459 0,2592249 0,3664937 0,3483562 
Absolute Error Mean: 0,4162196

[ p ;  jungle26 ; breaker: 1,0 ] --> 0,2 0,5 0,76 1,37 1,93 2,24 2,72 2,93 3,2 3,51 3,78 4,08 4,57 4,9 5,19 5,3 5,92 6,1 6,37 6,76 7,09 7,24 7,7 7,8 8,24 8,5 
[ s ;  jungle26 ; breaker: 1,0 ] --> 0,2 0,5060164 0,7855864 1,064913 1,342077 1,772471 2,053596 2,331164 2,764361 3,117939 3,395121 3,670286 3,951108 4,255908 4,53898 4,816447 5,098818 5,507044 5,837733 6,121021 6,399881 6,811037 7,274125 7,609254 7,915274 8,198027 
[ e ;  jungle26 ; breaker: 1,0 ] --> 0 0,006016374 0,02558637 0,3050874 0,5879229 0,4675287 0,6664045 0,5988357 0,4356391 0,3920608 0,3848786 0,4097142 0,6188917 0,6440916 0,6510196 0,4835529 0,8211818 0,5929556 0,5322671 0,638979 0,6901188 0,4289627 0,4258747 0,1907463 0,3247261 0,3019733 
Absolute Error Mean: 0,447116

[ p ;  jungle26 ; breaker: 1,0 ] --> 0,2 0,5 0,76 1,37 1,93 2,24 2,72 2,93 3,2 3,51 3,78 4,08 4,57 4,9 5,19 5,3 5,92 6,1 6,37 6,76 7,09 7,24 7,7 7,8 8,24 8,5 
[ s ;  jungle26 ; breaker: 1,0 ] --> 0,2 0,5050529 0,7590476 1,008194 1,360298 1,793293 2,020668 2,297758 2,68172 3,011141 3,265799 3,517674 3,793754 4,076819 4,384057 4,662057 4,916506 5,394071 5,697736 6,00154 6,27841 6,556483 6,807405 7,134975 7,464683 7,715724 8,046392 8,685014 9,063464 9,545324 10,17561 10,44462 10,75152 11,03186 11,48664 11,76283 12,09019 12,40038 12,68014 12,98174 13,28251 13,63414 14,13939 14,67213 14,9818 15,23477 15,51884 15,77769 16,03274 16,33853 16,61651 16,91912 
[ e ;  jungle26 ; breaker: 1,0 ] --> 0 0,005052924 0,0009524226 0,3618063 0,5697018 0,4467065 0,6993318 0,6322422 0,5182796 0,4988589 0,5142012 0,5623255 0,7762465 0,8231807 0,8059435 0,6379433 1,003494 0,7059293 0,6722641 0,75846 0,8115897 0,6835165 0,8925943 0,6650252 0,7753167 0,7842765 
Absolute Error Mean: 0,6002015

[ p ;  jungle26 ; breaker: 1,0 ] --> 0,2 0,5 0,76 1,37 1,93 2,24 2,72 2,93 3,2 3,51 3,78 4,08 4,57 4,9 5,19 5,3 5,92 6,1 6,37 6,76 7,09 7,24 7,7 7,8 8,24 8,5 
[ s ;  jungle26 ; breaker: 1,0 ] --> 0,2 0,5587847 0,8848985 1,324935 1,942731 2,247192 2,555175 2,835205 3,294071 3,625479 3,961096 4,220111 4,501467 4,758298 5,09351 5,400122 5,759288 6,195185 6,533237 6,814592 7,124593 7,511083 8,018684 8,327396 8,610006 8,89394 9,14984 
[ e ;  jungle26 ; breaker: 1,0 ] --> 0 0,05878472 0,1248985 0,04506457 0,01273155 0,007191658 0,1648254 0,09479547 0,09407115 0,1154795 0,1810956 0,1401114 0,06853294 0,1417022 0,09648991 0,1001215 0,1607118 0,0951848 0,1632371 0,05459166 0,03459263 0,2710834 0,3186846 0,5273962 0,3700066 0,39394 
Absolute Error Mean: 0,1475125

[ p ;  jungle26 ; breaker: 1,0 ] --> 0,2 0,5 0,76 1,37 1,93 2,24 2,72 2,93 3,2 3,51 3,78 4,08 4,57 4,9 5,19 5,3 5,92 6,1 6,37 6,76 7,09 7,24 7,7 7,8 8,24 8,5 
[ s ;  jungle26 ; breaker: 1,0 ] --> 0,2 0,5551759 0,8600261 1,110715 1,362142 1,821304 2,074619 2,402185 2,757693 3,14045 3,596767 3,850428 4,154251 4,486388 4,815701 5,097592 5,456071 5,970295 6,302264 6,58171 6,833584 7,095977 7,351976 7,71045 8,013848 8,241111 
[ e ;  jungle26 ; breaker: 1,0 ] --> 0 0,0551759 0,1000261 0,2592846 0,5678579 0,4186958 0,6453815 0,5278149 0,4423068 0,3695498 0,1832325 0,2295721 0,4157495 0,4136119 0,374299 0,2024078 0,4639287 0,129705 0,06773567 0,1782904 0,2564163 0,1440229 0,3480239 0,08955002 0,2261515 0,2588892 
Absolute Error Mean: 0,2833723

[ p ;  jungle26 ; breaker: 1,0 ] --> 0,2 0,5 0,76 1,37 1,93 2,24 2,72 2,93 3,2 3,51 3,78 4,08 4,57 4,9 5,19 5,3 5,92 6,1 6,37 6,76 7,09 7,24 7,7 7,8 8,24 8,5 
[ s ;  jungle26 ; breaker: 1,0 ] --> 0,2 0,554707 0,937162 1,290648 1,924331 2,280723 2,60587 2,882667 3,283051 3,661573 3,93964 4,246592 4,600578 4,882155 5,187558 5,571887 6,109826 6,521179 6,854844 7,111945 7,415945 7,81972 8,325864 8,683276 9,039207 9,322725 9,657177 
[ e ;  jungle26 ; breaker: 1,0 ] --> 0 0,05470699 0,1771621 0,0793519 0,005668998 0,04072261 0,1141305 0,047333 0,0830512 0,1515734 0,1596401 0,1665916 0,03057766 0,01784515 0,002441883 0,2718868 0,189826 0,4211793 0,4848442 0,3519444 0,3259444 0,5797205 0,625864 0,883276 0,7992067 0,8227253 
Absolute Error Mean: 0,2648929

[ p ;  jungle26 ; breaker: 1,0 ] --> 0,2 0,5 0,76 1,37 1,93 2,24 2,72 2,93 3,2 3,51 3,78 4,08 4,57 4,9 5,19 5,3 5,92 6,1 6,37 6,76 7,09 7,24 7,7 7,8 8,24 8,5 
[ s ;  jungle26 ; breaker: 1,0 ] --> 0,2 0,5559031 0,8382385 1,094716 1,42242 1,826399 2,080182 2,356274 2,731186 3,1336 3,413793 3,715999 3,970531 4,277807 4,712001 5,015231 5,393624 5,870178 6,177254 6,461502 6,763102 7,067305 7,62044 7,953766 8,259766 8,540552 8,850033 
[ e ;  jungle26 ; breaker: 1,0 ] --> 0 0,05590308 0,07823849 0,2752839 0,5075803 0,4136006 0,639818 0,5737264 0,4688139 0,3763995 0,3662069 0,364001 0,5994697 0,6221933 0,4779987 0,2847695 0,5263762 0,2298222 0,1927457 0,2984982 0,3268986 0,1726952 0,0795598 0,1537657 0,01976585 0,04055214 
Absolute Error Mean: 0,313257

[ p ;  jungle26 ; breaker: 1,0 ] --> 0,2 0,5 0,76 1,37 1,93 2,24 2,72 2,93 3,2 3,51 3,78 4,08 4,57 4,9 5,19 5,3 5,92 6,1 6,37 6,76 7,09 7,24 7,7 7,8 8,24 8,5 
[ s ;  jungle26 ; breaker: 1,0 ] --> 0,2 0,4798831 0,7575461 1,037768 1,314019 1,740541 2,016351 2,271105 2,625694 2,9543 3,254411 3,557173 3,810735 4,137759 4,439521 4,718855 5,173893 5,528842 5,856024 6,132277 6,439146 6,796452 7,23045 7,53749 7,84565 8,100772 
[ e ;  jungle26 ; breaker: 1,0 ] --> 0 0,0201169 0,002453923 0,3322318 0,6159806 0,4994589 0,703649 0,6588953 0,5743065 0,5557003 0,5255885 0,5228269 0,7592647 0,7622414 0,7504792 0,5811453 0,7461066 0,5711579 0,5139761 0,6277227 0,6508546 0,4435477 0,4695497 0,2625103 0,3943496 0,3992281 
Absolute Error Mean: 0,4978209

[ p ;  jungle26 ; breaker: 1,0 ] --> 0,2 0,5 0,76 1,37 1,93 2,24 2,72 2,93 3,2 3,51 3,78 4,08 4,57 4,9 5,19 5,3 5,92 6,1 6,37 6,76 7,09 7,24 7,7 7,8 8,24 8,5 
[ s ;  jungle26 ; breaker: 1,0 ] --> 0,2 0,5069124 0,7881898 1,197566 1,763343 2,04336 2,348254 2,630513 3,12219 3,45688 3,763841 4,093686 4,40521 4,712765 5,068635 5,39887 5,935644 6,297579 6,605582 6,886477 7,143467 7,549302 7,982002 8,315067 8,599423 8,856236 
[ e ;  jungle26 ; breaker: 1,0 ] --> 0 0,00691241 0,02818984 0,1724337 0,1666569 0,19664 0,3717456 0,2994874 0,07781005 0,05312014 0,01615906 0,0136857 0,1647897 0,1872349 0,1213651 0,09887028 0,0156436 0,1975789 0,2355824 0,1264768 0,0534668 0,3093019 0,2820024 0,5150671 0,3594236 0,3562365 
Absolute Error Mean: 0,1702262

[ p ;  jungle8 ; breaker: 1,0 ] --> 0,2 0,5 0,76 1,37 1,93 2,24 2,72 2,93 3,2 3,51 3,78 4,08 4,57 4,9 5,19 5,3 5,92 6,1 6,37 6,76 7,09 7,24 7,7 7,8 8,24 8,5 
