b;0;3,413116;3,537551;3,765063;3,715147;3,938426;3,740779;3,91207;
b;0;0,007768691;0,05690908;0,007656574;0,001658797;0,2244647;0,102221;0,3484557;
b;0;0,006132305;0,08041251;0,01344383;0,03812492;0,01391101;0,04429436;0,1136465;
b;0;0,02207908;0,02283561;0,07549047;0,07774115;0,03410149;0,04431844;0,0903213;
b;0;0,01691061;0,03592896;0,008242011;0,07077515;0,04120016;0,1777542;0,1721835;
b;0;0,04558638;0,02656102;0,002664924;0,02956104;0,02471161;0,05093884;0,04895449;
b;0;0,04553086;0,02197045;0,02969146;0,0185008;0,01138592;0,05852056;0,0996933;
b;0;0,008449435;0,02808529;0,02246916;0,1071543;0,1050627;0,2057164;0,2491136;
b;0;0,01809749;0,04908103;0,1066412;0,2322086;0,2837534;0,3828797;0,4437246;
b;0;0,007241905;0,07706344;0,1075394;0,213008;0,2345574;0,337657;0,3564394;
s;0;0,05173987;0,1690563;0,1596305;0,1773735;0,2236979;0,1705003;0,2137101;
s;0;0,02005446;0,8089262;0,9842101;1,050108;1,068156;1,114302;1,103479;1,359124;1,40158;1,556413;1,634753;1,499096;1,703552;1,867261;2,034227;
s;0;0,09514847;0,1301935;0,1470075;0,1795789;0,351563;0,3275206;0,3447678;0,5903943;0,6366403;0,8504856;0,9051609;0,8191438;0,8889265;0,9521852;1,144357;
s;0;0,03008878;0,5777283;0,6591071;0,7692794;0,9700074;0,9691439;0,964066;1,257326;1,433362;1,595569;1,804491;1,724652;1,778815;1,920733;2,012604;
s;0;0,03197819;0,2319795;0,2110107;0,2422749;0,3383567;0,3723338;0,3937905;0,6586473;0,7317588;0,8688476;0,8729591;0,7419596;0,7662034;0,8880515;0,9822721;
s;0;0,07858402;0,1734021;0,1229628;0,07700956;0,1533279;0,1091495;0,1060765;0,3660033;0,4385757;0,550638;0,5547175;0,3975105;0,4020772;0,5408249;0,7160788;
s;0;0,07930344;0,2222946;0,2175338;0,3092974;0,4040685;0,4029195;0,4203444;0,7326095;0,7494924;0,9336188;1,015408;0,8835087;0,932806;1,073744;1,243866;
s;0;0,1305444;0,2523265;0,2786547;0,3059791;0,5019546;0,5061691;0,5232105;0,7841024;0,8287647;0,9852531;1,012399;0,9040918;0,9291034;1,094115;1,210587;
s;0;0,03301466;0,1785604;0,2582681;0,4096671;0,4789054;0,5850062;0,5780783;0,8641899;0,9090116;1,040019;1,100191;0,9667664;0,9884505;1,157272;1,225268;
s;0;0,0540728;0,2273618;0,353977;0,5336951;0,6778421;0,7257245;0,7422781;1,08125;1,152923;1,236226;1,317381;1,186004;1,188395;1,332895;1,452757;
b;0;0,05575091;0,1327842;0,08447814;0,1373204;0,03473473;0,01376224;0,1063712;0,1702988;0,4504032;0,8190739;0,8244562;0,7212467;1,009454;0,9962821;1,15065;
b;0;0,2064415;0,2508452;0,4446536;0,4230064;0,3714044;0,4308615;0,5053382;0,5277255;0,5264246;0,5690234;0,6591616;0,4727726;0,4207778;0,5866451;0,7303939;
b;0;0,04631311;0,02829492;0,2029158;0,1526043;0,02308273;0,2285163;0,04482865;0,1315389;0,05204487;0,1350982;0,3190055;0,3090997;0,5875959;0,8863392;0,9564691;
b;0;0,06018806;0,1058618;0,03369272;0,03190744;0,01751971;0,03438663;0,0004742146;0,06455159;0,2349274;0,1704209;0,1483526;0,139792;0,01298475;0,003732681;0,004748821;
b;0;0,02911687;0,0723716;0,03024065;0,05426276;0,0592227;0,02317667;0,02804852;0,04081988;0,0363276;0,1275978;0,2854748;0,2806873;0,5368538;0,4538984;0,6247892;
b;0;0,04132003;0,05181694;0,07518613;0,0467006;0,04677439;0,08643174;0,05825853;0,01821971;0,004894972;0,005156279;0,2102246;0,02864981;0,137022;0,0520277;0,1746383;
b;0;0,01667237;0,0848397;0,01355875;0,03367341;0,0614419;0,08026433;0,03644013;0,07377243;0,1053998;0,169281;0,3561158;0,3050194;0,2832713;0,4493999;0,5177178;
b;0;0,01871657;0,05662656;0,04031217;0,04665387;0,1196203;0,2295923;0,2254748;0,2660856;0,3389416;0,2736385;0,2849307;0,2306495;0,2895584;0,4098492;0,4798412;
b;0;0,03455591;0,1436021;0,02263772;0,06138587;0,03602624;0,04591322;0,04243231;0,05603719;0,1307576;0,1716073;0,1283603;0,1021142;0,1321244;0,3039799;0,3740263;
b;0;0,03170466;0,08000475;0,03758192;0,01042473;0,08949041;0,1855624;0,162446;0,2301192;0,1305008;0,1189566;0,08547139;0,219511;0,2176876;0,1015654;0,006966114;
b;0;0,03676295;0,240037;0,1445194;0,05690181;0,2963989;0,02202702;0,272095;0,2341037;0,4866853;0,6009753;1,196179;1,118637;1,510066;1,452209;1,547972;
b;0;0,03198701;0,1330185;0,08808267;0,09195149;0,0877192;0,06982636;0,08699775;0,09549308;0,1957672;0,1870804;0,42699;0,6565495;1,071561;0,9855723;1,236714;0,850769;0,8749661;1,014794;0,9327664;1,013115;1,348506;1,094353;1,307404;1,177416;1,096025;
b;0;0,06127977;0,137654;0,04722548;0,02192044;0,07295823;0,01688051;0,002432346;0,06337357;0,01270461;0,1034818;0,07203341;0,4852777;0,1462312;0,1559997;0,2275543;0,01699114;0,3020082;0,2673631;0,1657166;0,2709112;0,4503613;0,5280991;0,6356573;0,5015259;0,6226778;
b;0;0,005917192;0,1506729;0,08202958;0,00698328;0,151607;0,1662867;0,04411936;0,05823374;0,09133315;0,02568126;0,04439497;0,07588148;0,3033004;0,2694016;0,5456476;0,07973719;0,2558994;0,3139005;0,4298487;0,3031201;0,5822191;0,4564667;0,7156725;0,4544649;0,5791378;
b;0;0,01132554;0,08753544;0,03761435;0,1357303;0,1204801;0,1267054;0,07356691;0,207397;0,4583611;0,3893516;0,3444395;0,24156;0,091887;0,1379104;0,4905686;0,3596897;0,5092082;0,4698906;0,435605;0,3886685;0,7257953;0,7248869;1,140604;0,9809628;1,125012;
b;0;0,1121502;0,187885;0,0944196;0,2466542;0,2686129;0,2237022;0,1946571;0,3872044;0,4356828;0,4728963;0,5562525;0,4550223;0,5063672;0,8092966;1,467622;1,027605;1,254048;1,340586;1,463325;1,624152;1,628575;1,555835;1,813072;1,839459;1,911532;
b;0;0,02996606;0,07797647;0,04665267;0,1195848;0,1477115;0,03595686;0,3183668;0,2798243;0,3036096;0,4461992;0,4598927;0,3272386;0,5348086;0,7080841;1,163144;0,6971989;1,022272;1,264118;1,055292;1,234916;1,854862;1,731501;1,813279;1,816826;1,790005;
b;0;0,05941516;0,1599106;0,1345828;0,0531224;0,025424;0,1705513;0,1507823;0,06120086;0,07002974;0,08199;0,08793974;0,04345512;0,2714477;0,317781;0,745574;0,2826061;0,5465765;0,659894;0,8094869;0,6340976;0,9406691;0,8153572;1,045222;0,7550125;0,924324;
b;0;0,05580586;0,1304104;0,02694988;0,02400494;0,03456306;0,08572173;0,03129792;0,1420121;0,3129108;0,2462289;0,2276893;0,09649849;0,1529264;0,2191453;0,5702467;0,2585735;0,5128307;0,3956132;0,3850899;0,4118171;0,5136752;0,6132956;0,9191236;0,7076693;0,8017845;
b;0;0,03354639;0,05389076;0,1247212;0,198838;0,04382706;0,215661;0,1552274;0,4965115;0,3648291;0,502414;0,5608315;0,4018836;0,3982606;0,7429891;0,7873254;0,5196996;0,6961145;0,97855;0,7402859;0,7447147;0,9726906;0,891572;1,070894;0,8840466;1,118089;
s;0;0,005785167;0,0770933;0,1065074;0,2250618;0,2968206;0,1950653;0,2117665;
s;0;0,05941999;0,2083592;0,2349118;0,3896037;0,4350038;0,387923;0,3585217;
s;0;0,02685636;0,1490694;0,1549366;0,2738174;0,3195286;0,2437627;0,2368331;
s;0;0,1059824;0,1761484;0,194539;0,2653133;0,3083234;0,335573;0,2774892;
s;0;0,0795542;0,1470653;0,1123351;0,2606553;0,3070991;0,2603221;0,2301238;
s;0;0,03313553;0,1330114;0,1381267;0,2425109;0,2914884;0,2739806;0,242487;
s;0;0,07493401;0,1971119;0,1671007;0,2933861;0,3182023;0,3145759;0,2569904;
s;0;0,02260837;0,07055199;0,03506613;0,01738346;0,05105543;0,05260968;0,06217384;
s;0;0,01858893;0,09955257;0,04600382;0,01834869;0,009868622;0,06073952;0,06470728;
s;0;0,01478338;0,08031005;0,02574384;0,02307951;0,009823322;0,06144023;0,09346294;
s;0;0,001021326;0,04389524;0,0234673;0,09428751;0,08816171;0,03581595;0,020365;
s;0;0,05502254;0,147607;0,2439278;0,3892697;0,432857;0,487138;0,4547317;0,6983409;0,7482064;0,8335874;0,8857565;0,7279725;0,7289553;0,7470169;0,8914437;0,9889746;1,138611;1,254333;1,149757;1,072621;1,129813;0,9517174;1,157172;1,047183;1,0423;
s;0;0,003408313;0,07994819;0,05688548;0,1358649;0,1594322;0,1373005;0,1034236;0,2932787;0,3374529;0,3774879;0,3814635;0,2232218;0,252739;0,3473754;0,442205;0,364234;0,4905257;0,5555649;0,4441118;0,3952508;0,5263596;0,3453493;0,5254107;0,3918839;0,4075031;
s;0;0,1989111;0,131142;0,0369041;0,08175933;0,2001431;0,200357;0,2416646;0,4487929;0,4728787;0,5588977;0,592032;0,456181;0,4287519;0,5409527;0,6322608;0,5440445;0,764256;0,9499269;0,9426489;0,916543;1,044626;1,137724;1,44486;1,387237;1,429927;
s;0;0,01217759;0,1378728;0,1872313;0,2393287;0,2855697;0,2438924;0,2352479;0,4454663;0,4690175;0,5032523;0,5591459;0,4265924;0,4288683;0,4962411;0,5914445;0,6063309;0,8105006;0,8496208;0,8177624;0,8211584;1,023316;1,131623;1,314079;1,203629;1,225782;
s;0;0,02944887;0,1536934;0,09841692;0,188409;0,2323096;0,1567693;0,1221149;0,3278444;0,370765;0,5282958;0,5074234;0,3476148;0,2967186;0,3142347;0,4336252;0,2987919;0,4989786;0,5325341;0,4448605;0,4723372;0,6302948;0,6770601;0,8881931;0,755477;0,7536116;
s;0;0,03175175;0,1025315;0,05874443;0,0848738;0,1814137;0,08334374;0,02346468;0,2352552;0,256274;0,5177939;0,5000463;0,3477397;0,3800678;0,4718485;0,5407662;0,4294815;0,5563011;0,5923114;0,5115981;0,4413571;0,5716062;0,3696003;0,5722599;0,437396;0,4571428;
s;0;0,03060752;0,1279865;0,06041956;0,1633857;0,1591208;0,0881927;0,05692458;0,2670698;0,2614758;0,3226526;0,3275919;0,1448669;0,1152678;0,2241197;0,3432622;0,2545686;0,4555655;0,4883537;0,3800516;0,3054948;0,4585495;0,2757602;0,4822168;0,348177;0,3691597;
s;0;0,02686352;0,1179758;0,1236243;0,1989845;0,2167754;0,1417503;0,1121855;0,3277216;0,3487556;0,4095581;0,4405851;0,2836409;0,2338033;0,2475138;0,3939624;0,3056135;0,4550886;0,4914088;0,385241;0,3352213;0,4940395;0,3174658;0,5011587;0,3185396;0,3657064;
s;0;0,0323742;0,1050328;0,08428752;0,11107;0,1340308;0,03781271;0,02808428;0,2663584;0,3416452;0,4265258;0,4095321;0,2459989;0,2206478;0,2090311;0,351182;0,2680068;0,416028;0,4287949;0,344686;0,3010983;0,4336019;0,2308269;0,4108057;0,2727013;0,2932138;
