
NEW RESULT

[ p ;  jungle8 ; breaker: 1,0 ] --> 0,2 0,5 0,76 1,37 1,93 2,24 2,72 2,93 
[ b ;  jungle8 ; breaker: 1,0 ] --> 0,2 3,913116 4,297551 5,135063 5,645146 6,178426 6,460779 6,84207 
[ e ;  jungle8 ; breaker: 1,0 ] --> 0 3,413116 3,537551 3,765063 3,715147 3,938426 3,740779 3,91207 
Absolute Error Mean: 3,252769

[ p ;  jungle8 ; breaker: 1,0 ] --> 0,2 0,5 0,76 1,37 1,93 2,24 2,72 2,93 
[ b ;  jungle8 ; breaker: 1,0 ] --> 0,2 0,5077687 0,8169091 1,362343 1,928341 2,464465 2,822221 3,278456 
[ e ;  jungle8 ; breaker: 1,0 ] --> 0 0,007768691 0,05690908 0,007656574 0,001658797 0,2244647 0,102221 0,3484557 
Absolute Error Mean: 0,09364181

[ p ;  jungle8 ; breaker: 1,0 ] --> 0,2 0,5 0,76 1,37 1,93 2,24 2,72 2,93 
[ b ;  jungle8 ; breaker: 1,0 ] --> 0,2 0,5061323 0,8404125 1,356556 1,891875 2,226089 2,764294 3,043647 
[ e ;  jungle8 ; breaker: 1,0 ] --> 0 0,006132305 0,08041251 0,01344383 0,03812492 0,01391101 0,04429436 0,1136465 
Absolute Error Mean: 0,03874568

[ p ;  jungle8 ; breaker: 1,0 ] --> 0,2 0,5 0,76 1,37 1,93 2,24 2,72 2,93 
[ b ;  jungle8 ; breaker: 1,0 ] --> 0,2 0,4779209 0,7828356 1,29451 1,852259 2,205899 2,764318 3,020321 
[ e ;  jungle8 ; breaker: 1,0 ] --> 0 0,02207908 0,02283561 0,07549047 0,07774115 0,03410149 0,04431844 0,0903213 
Absolute Error Mean: 0,04586094

[ p ;  jungle8 ; breaker: 1,0 ] --> 0,2 0,5 0,76 1,37 1,93 2,24 2,72 2,93 
[ b ;  jungle8 ; breaker: 1,0 ] --> 0,2 0,4830894 0,795929 1,361758 2,000775 2,2812 2,897754 3,102184 
[ e ;  jungle8 ; breaker: 1,0 ] --> 0 0,01691061 0,03592896 0,008242011 0,07077515 0,04120016 0,1777542 0,1721835 
Absolute Error Mean: 0,06537432

[ p ;  jungle8 ; breaker: 1,0 ] --> 0,2 0,5 0,76 1,37 1,93 2,24 2,72 2,93 
[ b ;  jungle8 ; breaker: 1,0 ] --> 0,2 0,4544136 0,786561 1,372665 1,959561 2,264712 2,770939 2,978955 
[ e ;  jungle8 ; breaker: 1,0 ] --> 0 0,04558638 0,02656102 0,002664924 0,02956104 0,02471161 0,05093884 0,04895449 
Absolute Error Mean: 0,02862229

[ p ;  jungle8 ; breaker: 1,0 ] --> 0,2 0,5 0,76 1,37 1,93 2,24 2,72 2,93 
[ b ;  jungle8 ; breaker: 1,0 ] --> 0,2 0,4544691 0,7819704 1,340309 1,948501 2,251386 2,778521 3,029693 
[ e ;  jungle8 ; breaker: 1,0 ] --> 0 0,04553086 0,02197045 0,02969146 0,0185008 0,01138592 0,05852056 0,0996933 
Absolute Error Mean: 0,03566167

[ p ;  jungle8 ; breaker: 1,0 ] --> 0,2 0,5 0,76 1,37 1,93 2,24 2,72 2,93 
[ b ;  jungle8 ; breaker: 1,0 ] --> 0,2 0,5084494 0,7880853 1,347531 2,037154 2,345063 2,925716 3,179114 
[ e ;  jungle8 ; breaker: 1,0 ] --> 0 0,008449435 0,02808529 0,02246916 0,1071543 0,1050627 0,2057164 0,2491136 
Absolute Error Mean: 0,09075635

[ p ;  jungle8 ; breaker: 1,0 ] --> 0,2 0,5 0,76 1,37 1,93 2,24 2,72 2,93 
[ b ;  jungle8 ; breaker: 1,0 ] --> 0,2 0,4819025 0,809081 1,476641 2,162209 2,523753 3,10288 3,373725 
[ e ;  jungle8 ; breaker: 1,0 ] --> 0 0,01809749 0,04908103 0,1066412 0,2322086 0,2837534 0,3828797 0,4437246 
Absolute Error Mean: 0,1895483

[ p ;  jungle8 ; breaker: 1,0 ] --> 0,2 0,5 0,76 1,37 1,93 2,24 2,72 2,93 
[ b ;  jungle8 ; breaker: 1,0 ] --> 0,2 0,5072419 0,8370634 1,477539 2,143008 2,474557 3,057657 3,286439 
[ e ;  jungle8 ; breaker: 1,0 ] --> 0 0,007241905 0,07706344 0,1075394 0,213008 0,2345574 0,337657 0,3564394 
Absolute Error Mean: 0,1666883

[ p ;  jungle16 ; breaker: 1,0 ] --> 0,2 0,5 0,76 1,37 1,93 2,24 2,72 2,93 
[ s ;  jungle16 ; breaker: 1,0 ] --> 0,2 0,5517399 0,9290563 1,529631 2,107373 2,463698 2,8905 3,14371 3,674891 3,983041 4,516529 4,824805 5,230683 5,611449 5,943062 6,202989 
[ e ;  jungle16 ; breaker: 1,0 ] --> 0 0,05173987 0,1690563 0,1596305 0,1773735 0,2236979 0,1705003 0,2137101 
Absolute Error Mean: 0,1457136

[ p ;  jungle16 ; breaker: 1,0 ] --> 0,2 0,5 0,76 1,37 1,93 2,24 2,72 2,93 3,2 3,51 3,78 4,08 4,57 4,9 5,19 5,3 
[ s ;  jungle16 ; breaker: 1,0 ] --> 0,2 0,4799455 1,568926 2,35421 2,980108 3,308156 3,834302 4,033479 4,559124 4,91158 5,336413 5,714753 6,069097 6,603552 7,057261 7,334228 
[ e ;  jungle16 ; breaker: 1,0 ] --> 0 0,02005446 0,8089262 0,9842101 1,050108 1,068156 1,114302 1,103479 1,359124 1,40158 1,556413 1,634753 1,499096 1,703552 1,867261 2,034227 
Absolute Error Mean: 1,200328

[ p ;  jungle16 ; breaker: 1,0 ] --> 0,2 0,5 0,76 1,37 1,93 2,24 2,72 2,93 3,2 3,51 3,78 4,08 4,57 4,9 5,19 5,3 
[ s ;  jungle16 ; breaker: 1,0 ] --> 0,2 0,4048515 0,8901935 1,517007 2,109579 2,591563 3,047521 3,274768 3,790394 4,14664 4,630486 4,985161 5,389144 5,788927 6,142185 6,444357 
[ e ;  jungle16 ; breaker: 1,0 ] --> 0 0,09514847 0,1301935 0,1470075 0,1795789 0,351563 0,3275206 0,3447678 0,5903943 0,6366403 0,8504856 0,9051609 0,8191438 0,8889265 0,9521852 1,144357 
Absolute Error Mean: 0,5226921

[ p ;  jungle16 ; breaker: 1,0 ] --> 0,2 0,5 0,76 1,37 1,93 2,24 2,72 2,93 3,2 3,51 3,78 4,08 4,57 4,9 5,19 5,3 
[ s ;  jungle16 ; breaker: 1,0 ] --> 0,2 0,5300888 1,337728 2,029107 2,699279 3,210007 3,689144 3,894066 4,457326 4,943362 5,375569 5,884491 6,294652 6,678815 7,110733 7,312604 
[ e ;  jungle16 ; breaker: 1,0 ] --> 0 0,03008878 0,5777283 0,6591071 0,7692794 0,9700074 0,9691439 0,964066 1,257326 1,433362 1,595569 1,804491 1,724652 1,778815 1,920733 2,012604 
Absolute Error Mean: 1,154186

[ p ;  jungle16 ; breaker: 1,0 ] --> 0,2 0,5 0,76 1,37 1,93 2,24 2,72 2,93 3,2 3,51 3,78 4,08 4,57 4,9 5,19 5,3 
[ s ;  jungle16 ; breaker: 1,0 ] --> 0,2 0,5319782 0,9919795 1,581011 2,172275 2,578357 3,092334 3,323791 3,858647 4,241759 4,648848 4,952959 5,31196 5,666203 6,078052 6,282272 18,1296 19,15141 19,37918 19,55748 19,81117 20,03943 20,26425 20,567 21,11895 21,36993 21,57374 21,77871 22,00832 22,53983 23,31618 24,30235 
[ e ;  jungle16 ; breaker: 1,0 ] --> 0 0,03197819 0,2319795 0,2110107 0,2422749 0,3383567 0,3723338 0,3937905 0,6586473 0,7317588 0,8688476 0,8729591 0,7419596 0,7662034 0,8880515 0,9822721 
Absolute Error Mean: 0,5207765

[ p ;  jungle16 ; breaker: 1,0 ] --> 0,2 0,5 0,76 1,37 1,93 2,24 2,72 2,93 3,2 3,51 3,78 4,08 4,57 4,9 5,19 5,3 
[ s ;  jungle16 ; breaker: 1,0 ] --> 0,2 0,578584 0,9334021 1,492963 2,00701 2,393328 2,829149 3,036077 3,566003 3,948576 4,330638 4,634717 4,967511 5,302077 5,730825 6,016079 
[ e ;  jungle16 ; breaker: 1,0 ] --> 0 0,07858402 0,1734021 0,1229628 0,07700956 0,1533279 0,1091495 0,1060765 0,3660033 0,4385757 0,550638 0,5547175 0,3975105 0,4020772 0,5408249 0,7160788 
Absolute Error Mean: 0,2991836

[ p ;  jungle16 ; breaker: 1,0 ] --> 0,2 0,5 0,76 1,37 1,93 2,24 2,72 2,93 3,2 3,51 3,78 4,08 4,57 4,9 5,19 5,3 
[ s ;  jungle16 ; breaker: 1,0 ] --> 0,2 0,5793034 0,9822946 1,587534 2,239297 2,644068 3,12292 3,350344 3,93261 4,259492 4,713619 5,095408 5,453509 5,832806 6,263744 6,543866 
[ e ;  jungle16 ; breaker: 1,0 ] --> 0 0,07930344 0,2222946 0,2175338 0,3092974 0,4040685 0,4029195 0,4203444 0,7326095 0,7494924 0,9336188 1,015408 0,8835087 0,932806 1,073744 1,243866 
Absolute Error Mean: 0,601301

[ p ;  jungle16 ; breaker: 1,0 ] --> 0,2 0,5 0,76 1,37 1,93 2,24 2,72 2,93 3,2 3,51 3,78 4,08 4,57 4,9 5,19 5,3 
[ s ;  jungle16 ; breaker: 1,0 ] --> 0,2 0,6305444 1,012326 1,648655 2,235979 2,741955 3,226169 3,453211 3,984102 4,338765 4,765253 5,092399 5,474092 5,829103 6,284115 6,510587 
[ e ;  jungle16 ; breaker: 1,0 ] --> 0 0,1305444 0,2523265 0,2786547 0,3059791 0,5019546 0,5061691 0,5232105 0,7841024 0,8287647 0,9852531 1,012399 0,9040918 0,9291034 1,094115 1,210587 
Absolute Error Mean: 0,6404535

[ p ;  jungle16 ; breaker: 1,0 ] --> 0,2 0,5 0,76 1,37 1,93 2,24 2,72 2,93 3,2 3,51 3,78 4,08 4,57 4,9 5,19 5,3 
[ s ;  jungle16 ; breaker: 1,0 ] --> 0,2 0,5330147 0,9385604 1,628268 2,339667 2,718905 3,305006 3,508078 4,06419 4,419012 4,820019 5,180191 5,536767 5,888451 6,347272 6,525269 
[ e ;  jungle16 ; breaker: 1,0 ] --> 0 0,03301466 0,1785604 0,2582681 0,4096671 0,4789054 0,5850062 0,5780783 0,8641899 0,9090116 1,040019 1,100191 0,9667664 0,9884505 1,157272 1,225268 
Absolute Error Mean: 0,6732918

[ p ;  jungle16 ; breaker: 1,0 ] --> 0,2 0,5 0,76 1,37 1,93 2,24 2,72 2,93 3,2 3,51 3,78 4,08 4,57 4,9 5,19 5,3 
[ s ;  jungle16 ; breaker: 1,0 ] --> 0,2 0,5540728 0,9873618 1,723977 2,463695 2,917842 3,445724 3,672278 4,28125 4,662923 5,016226 5,397381 5,756004 6,088395 6,522895 6,752758 
[ e ;  jungle16 ; breaker: 1,0 ] --> 0 0,0540728 0,2273618 0,353977 0,5336951 0,6778421 0,7257245 0,7422781 1,08125 1,152923 1,236226 1,317381 1,186004 1,188395 1,332895 1,452757 
Absolute Error Mean: 0,8289239

[ p ;  jungle16 ; breaker: 1,0 ] --> 0,2 0,5 0,76 1,37 1,93 2,24 2,72 2,93 3,2 3,51 3,78 4,08 4,57 4,9 5,19 5,3 
[ b ;  jungle16 ; breaker: 1,0 ] --> 0,2 0,5557509 0,8927842 1,454478 2,06732 2,274735 2,706238 3,036371 3,370299 3,960403 4,599074 4,904456 5,291247 5,909454 6,186282 6,45065 
[ e ;  jungle16 ; breaker: 1,0 ] --> 0 0,05575091 0,1327842 0,08447814 0,1373204 0,03473473 0,01376224 0,1063712 0,1702988 0,4504032 0,8190739 0,8244562 0,7212467 1,009454 0,9962821 1,15065 
Absolute Error Mean: 0,4191916

[ p ;  jungle16 ; breaker: 1,0 ] --> 0,2 0,5 0,76 1,37 1,93 2,24 2,72 2,93 3,2 3,51 3,78 4,08 4,57 4,9 5,19 5,3 
[ b ;  jungle16 ; breaker: 1,0 ] --> 0,2 0,7064415 1,010845 1,814654 2,353006 2,611404 3,150862 3,435338 3,727726 4,036425 4,349023 4,739161 5,042773 5,320778 5,776645 6,030394 
[ e ;  jungle16 ; breaker: 1,0 ] --> 0 0,2064415 0,2508452 0,4446536 0,4230064 0,3714044 0,4308615 0,5053382 0,5277255 0,5264246 0,5690234 0,6591616 0,4727726 0,4207778 0,5866451 0,7303939 
Absolute Error Mean: 0,4453422

[ p ;  jungle16 ; breaker: 1,0 ] --> 0,2 0,5 0,76 1,37 1,93 2,24 2,72 2,93 3,2 3,51 3,78 4,08 4,57 4,9 5,19 5,3 
[ b ;  jungle16 ; breaker: 1,0 ] --> 0,2 0,4536869 0,7882949 1,167084 1,777396 2,263083 2,491484 2,974829 3,331539 3,562045 3,915098 4,399005 4,8791 5,487596 6,076339 6,256469 
[ e ;  jungle16 ; breaker: 1,0 ] --> 0 0,04631311 0,02829492 0,2029158 0,1526043 0,02308273 0,2285163 0,04482865 0,1315389 0,05204487 0,1350982 0,3190055 0,3090997 0,5875959 0,8863392 0,9564691 
Absolute Error Mean: 0,2564842

[ p ;  jungle16 ; breaker: 1,0 ] --> 0,2 0,5 0,76 1,37 1,93 2,24 2,72 2,93 3,2 3,51 3,78 4,08 4,57 4,9 5,19 5,3 
[ b ;  jungle16 ; breaker: 1,0 ] --> 0,2 0,5601881 0,8658618 1,403693 1,961907 2,22248 2,754387 2,930474 3,135448 3,744927 3,950421 4,228353 4,709792 4,912985 5,193733 5,295251 5,906905 
[ e ;  jungle16 ; breaker: 1,0 ] --> 0 0,06018806 0,1058618 0,03369272 0,03190744 0,01751971 0,03438663 0,0004742146 0,06455159 0,2349274 0,1704209 0,1483526 0,139792 0,01298475 0,003732681 0,004748821 
Absolute Error Mean: 0,06647134

[ p ;  jungle16 ; breaker: 1,0 ] --> 0,2 0,5 0,76 1,37 1,93 2,24 2,72 2,93 3,2 3,51 3,78 4,08 4,57 4,9 5,19 5,3 
[ b ;  jungle16 ; breaker: 1,0 ] --> 0,2 0,5291169 0,8323716 1,339759 1,875737 2,180777 2,696823 2,901952 3,15918 3,546328 3,907598 4,365475 4,850688 5,436854 5,643898 5,924789 
[ e ;  jungle16 ; breaker: 1,0 ] --> 0 0,02911687 0,0723716 0,03024065 0,05426276 0,0592227 0,02317667 0,02804852 0,04081988 0,0363276 0,1275978 0,2854748 0,2806873 0,5368538 0,4538984 0,6247892 
Absolute Error Mean: 0,1676805

[ p ;  jungle16 ; breaker: 1,0 ] --> 0,2 0,5 0,76 1,37 1,93 2,24 2,72 2,93 3,2 3,51 3,78 4,08 4,57 4,9 5,19 5,3 
[ b ;  jungle16 ; breaker: 1,0 ] --> 0,2 0,45868 0,8118169 1,294814 1,883299 2,193226 2,633568 2,871742 3,18178 3,514895 3,774844 4,290225 4,59865 5,037022 5,242028 5,474638 
[ e ;  jungle16 ; breaker: 1,0 ] --> 0 0,04132003 0,05181694 0,07518613 0,0467006 0,04677439 0,08643174 0,05825853 0,01821971 0,004894972 0,005156279 0,2102246 0,02864981 0,137022 0,0520277 0,1746383 
Absolute Error Mean: 0,06483261

[ p ;  jungle16 ; breaker: 1,0 ] --> 0,2 0,5 0,76 1,37 1,93 2,24 2,72 2,93 3,2 3,51 3,78 4,08 4,57 4,9 5,19 5,3 
[ b ;  jungle16 ; breaker: 1,0 ] --> 0,2 0,4833276 0,8448397 1,356441 1,896327 2,178558 2,639736 2,89356 3,126228 3,6154 3,949281 4,436116 4,87502 5,183271 5,6394 5,817718 
[ e ;  jungle16 ; breaker: 1,0 ] --> 0 0,01667237 0,0848397 0,01355875 0,03367341 0,0614419 0,08026433 0,03644013 0,07377243 0,1053998 0,169281 0,3561158 0,3050194 0,2832713 0,4493999 0,5177178 
Absolute Error Mean: 0,1616793

[ p ;  jungle16 ; breaker: 1,0 ] --> 0,2 0,5 0,76 1,37 1,93 2,24 2,72 2,93 3,2 3,51 3,78 4,08 4,57 4,9 5,19 5,3 
[ b ;  jungle16 ; breaker: 1,0 ] --> 0,2 0,4812834 0,8166265 1,410312 1,976654 2,35962 2,949592 3,155475 3,466086 3,848942 4,053638 4,364931 4,80065 5,189559 5,599849 5,779841 
[ e ;  jungle16 ; breaker: 1,0 ] --> 0 0,01871657 0,05662656 0,04031217 0,04665387 0,1196203 0,2295923 0,2254748 0,2660856 0,3389416 0,2736385 0,2849307 0,2306495 0,2895584 0,4098492 0,4798412 
Absolute Error Mean: 0,2069057

[ p ;  jungle16 ; breaker: 1,0 ] --> 0,2 0,5 0,76 1,37 1,93 2,24 2,72 2,93 3,2 3,51 3,78 4,08 4,57 4,9 5,19 5,3 
[ b ;  jungle16 ; breaker: 1,0 ] --> 0,2 0,5345559 0,9036021 1,392638 1,991386 2,276026 2,765913 2,972432 3,256037 3,640758 3,951607 4,20836 4,672114 5,032125 5,49398 5,674026 
[ e ;  jungle16 ; breaker: 1,0 ] --> 0 0,03455591 0,1436021 0,02263772 0,06138587 0,03602624 0,04591322 0,04243231 0,05603719 0,1307576 0,1716073 0,1283603 0,1021142 0,1321244 0,3039799 0,3740263 
Absolute Error Mean: 0,1115975

[ p ;  jungle16 ; breaker: 1,0 ] --> 0,2 0,5 0,76 1,37 1,93 2,24 2,72 2,93 3,2 3,51 3,78 4,08 4,57 4,9 5,19 5,3 
[ b ;  jungle16 ; breaker: 1,0 ] --> 0,2 0,5317047 0,8400047 1,407582 1,919575 2,15051 2,534438 2,767554 2,969881 3,379499 3,661043 3,994529 4,350489 4,682312 5,088435 5,293034 
[ e ;  jungle16 ; breaker: 1,0 ] --> 0 0,03170466 0,08000475 0,03758192 0,01042473 0,08949041 0,1855624 0,162446 0,2301192 0,1305008 0,1189566 0,08547139 0,219511 0,2176876 0,1015654 0,006966114 
Absolute Error Mean: 0,1067496

[ p ;  jungle26 ; breaker: 1,0 ] --> 0,2 0,5 0,76 1,37 1,93 2,24 2,72 2,93 3,2 3,51 3,78 4,08 4,57 4,9 5,19 5,3 
[ b ;  jungle26 ; breaker: 1,0 ] --> 0,2 0,536763 1,000037 1,514519 1,873098 2,536399 2,742027 3,202095 3,434104 3,996685 4,380975 5,276179 5,688637 6,410066 6,642209 6,847972 7,258539 7,489935 7,901671 8,285517 8,544265 8,750721 9,238603 9,524279 9,985703 10,27718 
[ e ;  jungle26 ; breaker: 1,0 ] --> 0 0,03676295 0,240037 0,1445194 0,05690181 0,2963989 0,02202702 0,272095 0,2341037 0,4866853 0,6009753 1,196179 1,118637 1,510066 1,452209 1,547972 
Absolute Error Mean: 0,575973

[ p ;  jungle26 ; breaker: 1,0 ] --> 0,2 0,5 0,76 1,37 1,93 2,24 2,72 2,93 3,2 3,51 3,78 4,08 4,57 4,9 5,19 5,3 5,92 6,1 6,37 6,76 7,09 7,24 7,7 7,8 8,24 8,5 
[ b ;  jungle26 ; breaker: 1,0 ] --> 0,2 0,531987 0,8930185 1,458083 2,021951 2,327719 2,789826 3,016998 3,295493 3,705767 3,96708 4,50699 5,22655 5,971561 6,175572 6,536715 6,770769 6,974966 7,384794 7,692767 8,103115 8,588506 8,794353 9,107404 9,417416 9,596025 
[ e ;  jungle26 ; breaker: 1,0 ] --> 0 0,03198701 0,1330185 0,08808267 0,09195149 0,0877192 0,06982636 0,08699775 0,09549308 0,1957672 0,1870804 0,42699 0,6565495 1,071561 0,9855723 1,236714 0,850769 0,8749661 1,014794 0,9327664 1,013115 1,348506 1,094353 1,307404 1,177416 1,096025 
Absolute Error Mean: 0,6213626

[ p ;  jungle26 ; breaker: 1,0 ] --> 0,2 0,5 0,76 1,37 1,93 2,24 2,72 2,93 3,2 3,51 3,78 4,08 4,57 4,9 5,19 5,3 5,92 6,1 6,37 6,76 7,09 7,24 7,7 7,8 8,24 8,5 
[ b ;  jungle26 ; breaker: 1,0 ] --> 0,2 0,5612798 0,897654 1,417225 1,90808 2,167042 2,70312 2,932432 3,136626 3,497295 3,676518 4,007967 4,084723 4,753769 5,346 5,527555 5,936991 6,402008 6,637363 6,925717 7,360911 7,690361 8,228099 8,435658 8,741526 9,122678 
[ e ;  jungle26 ; breaker: 1,0 ] --> 0 0,06127977 0,137654 0,04722548 0,02192044 0,07295823 0,01688051 0,002432346 0,06337357 0,01270461 0,1034818 0,07203341 0,4852777 0,1462312 0,1559997 0,2275543 0,01699114 0,3020082 0,2673631 0,1657166 0,2709112 0,4503613 0,5280991 0,6356573 0,5015259 0,6226778 
Absolute Error Mean: 0,207243

[ p ;  jungle26 ; breaker: 1,0 ] --> 0,2 0,5 0,76 1,37 1,93 2,24 2,72 2,93 3,2 3,51 3,78 4,08 4,57 4,9 5,19 5,3 5,92 6,1 6,37 6,76 7,09 7,24 7,7 7,8 8,24 8,5 
[ b ;  jungle26 ; breaker: 1,0 ] --> 0,2 0,5059172 0,9106728 1,45203 1,936983 2,088393 2,553713 2,885881 3,141766 3,601333 3,805681 4,035605 4,494119 5,2033 5,459402 5,845648 5,999737 6,355899 6,6839 7,189849 7,39312 7,822219 8,156466 8,515673 8,694465 9,079138 
[ e ;  jungle26 ; breaker: 1,0 ] --> 0 0,005917192 0,1506729 0,08202958 0,00698328 0,151607 0,1662867 0,04411936 0,05823374 0,09133315 0,02568126 0,04439497 0,07588148 0,3033004 0,2694016 0,5456476 0,07973719 0,2558994 0,3139005 0,4298487 0,3031201 0,5822191 0,4564667 0,7156725 0,4544649 0,5791378 
Absolute Error Mean: 0,2381522

[ p ;  jungle26 ; breaker: 1,0 ] --> 0,2 0,5 0,76 1,37 1,93 2,24 2,72 2,93 3,2 3,51 3,78 4,08 4,57 4,9 5,19 5,3 5,92 6,1 6,37 6,76 7,09 7,24 7,7 7,8 8,24 8,5 
[ b ;  jungle26 ; breaker: 1,0 ] --> 0,2 0,5113255 0,8475354 1,332386 1,79427 2,36048 2,593295 3,003567 3,407397 3,968361 4,169352 4,424439 4,81156 4,991887 5,32791 5,790569 6,27969 6,609208 6,83989 7,195605 7,478669 7,965795 8,424887 8,940604 9,220963 9,625012 
[ e ;  jungle26 ; breaker: 1,0 ] --> 0 0,01132554 0,08753544 0,03761435 0,1357303 0,1204801 0,1267054 0,07356691 0,207397 0,4583611 0,3893516 0,3444395 0,24156 0,091887 0,1379104 0,4905686 0,3596897 0,5092082 0,4698906 0,435605 0,3886685 0,7257953 0,7248869 1,140604 0,9809628 1,125012 
Absolute Error Mean: 0,3774906

[ p ;  jungle26 ; breaker: 1,0 ] --> 0,2 0,5 0,76 1,37 1,93 2,24 2,72 2,93 3,2 3,51 3,78 4,08 4,57 4,9 5,19 5,3 5,92 6,1 6,37 6,76 7,09 7,24 7,7 7,8 8,24 8,5 
[ b ;  jungle26 ; breaker: 1,0 ] --> 0,2 0,6121502 0,947885 1,46442 2,176654 2,508613 2,943702 3,124657 3,587204 3,945683 4,252896 4,636252 5,025023 5,406367 5,999297 6,767622 6,947605 7,354048 7,710586 8,223325 8,714152 8,868575 9,255835 9,613072 10,07946 10,41153 
[ e ;  jungle26 ; breaker: 1,0 ] --> 0 0,1121502 0,187885 0,0944196 0,2466542 0,2686129 0,2237022 0,1946571 0,3872044 0,4356828 0,4728963 0,5562525 0,4550223 0,5063672 0,8092966 1,467622 1,027605 1,254048 1,340586 1,463325 1,624152 1,628575 1,555835 1,813072 1,839459 1,911532 
Absolute Error Mean: 0,8414082

[ p ;  jungle26 ; breaker: 1,0 ] --> 0,2 0,5 0,76 1,37 1,93 2,24 2,72 2,93 3,2 3,51 3,78 4,08 4,57 4,9 5,19 5,3 5,92 6,1 6,37 6,76 7,09 7,24 7,7 7,8 8,24 8,5 
[ b ;  jungle26 ; breaker: 1,0 ] --> 0,2 0,5299661 0,8379765 1,323347 1,810415 2,092288 2,755957 3,248367 3,479824 3,81361 4,226199 4,539893 4,897239 5,434809 5,898084 6,463144 6,617199 7,122272 7,634118 7,815292 8,324916 9,094862 9,4315 9,613279 10,05683 10,29 
[ e ;  jungle26 ; breaker: 1,0 ] --> 0 0,02996606 0,07797647 0,04665267 0,1195848 0,1477115 0,03595686 0,3183668 0,2798243 0,3036096 0,4461992 0,4598927 0,3272386 0,5348086 0,7080841 1,163144 0,6971989 1,022272 1,264118 1,055292 1,234916 1,854862 1,731501 1,813279 1,816826 1,790005 
Absolute Error Mean: 0,741511

[ p ;  jungle26 ; breaker: 1,0 ] --> 0,2 0,5 0,76 1,37 1,93 2,24 2,72 2,93 3,2 3,51 3,78 4,08 4,57 4,9 5,19 5,3 5,92 6,1 6,37 6,76 7,09 7,24 7,7 7,8 8,24 8,5 
[ b ;  jungle26 ; breaker: 1,0 ] --> 0,2 0,5594152 0,9199106 1,504583 1,983122 2,214576 2,549449 3,080782 3,261201 3,43997 3,86199 4,16794 4,526545 5,171448 5,507781 6,045574 6,202606 6,646576 7,029894 7,569487 7,724098 8,180669 8,515357 8,845222 8,995012 9,424324 
[ e ;  jungle26 ; breaker: 1,0 ] --> 0 0,05941516 0,1599106 0,1345828 0,0531224 0,025424 0,1705513 0,1507823 0,06120086 0,07002974 0,08199 0,08793974 0,04345512 0,2714477 0,317781 0,745574 0,2826061 0,5465765 0,659894 0,8094869 0,6340976 0,9406691 0,8153572 1,045222 0,7550125 0,924324 
Absolute Error Mean: 0,3787097

[ p ;  jungle26 ; breaker: 1,0 ] --> 0,2 0,5 0,76 1,37 1,93 2,24 2,72 2,93 3,2 3,51 3,78 4,08 4,57 4,9 5,19 5,3 5,92 6,1 6,37 6,76 7,09 7,24 7,7 7,8 8,24 8,5 
[ b ;  jungle26 ; breaker: 1,0 ] --> 0,2 0,5558059 0,8904104 1,39695 1,954005 2,205437 2,634278 2,961298 3,342012 3,822911 4,026229 4,307689 4,666499 5,052927 5,409145 5,870247 6,178574 6,612831 6,765613 7,14509 7,501817 7,753675 8,313295 8,719124 8,947669 9,301785 
[ e ;  jungle26 ; breaker: 1,0 ] --> 0 0,05580586 0,1304104 0,02694988 0,02400494 0,03456306 0,08572173 0,03129792 0,1420121 0,3129108 0,2462289 0,2276893 0,09649849 0,1529264 0,2191453 0,5702467 0,2585735 0,5128307 0,3956132 0,3850899 0,4118171 0,5136752 0,6132956 0,9191236 0,7076693 0,8017845 
Absolute Error Mean: 0,3029186

[ p ;  jungle26 ; breaker: 1,0 ] --> 0,2 0,5 0,76 1,37 1,93 2,24 2,72 2,93 3,2 3,51 3,78 4,08 4,57 4,9 5,19 5,3 5,92 6,1 6,37 6,76 7,09 7,24 7,7 7,8 8,24 8,5 
[ b ;  jungle26 ; breaker: 1,0 ] --> 0,2 0,5335464 0,8138908 1,245279 1,731162 2,196173 2,504339 3,085227 3,696512 3,874829 4,282414 4,640831 4,971884 5,298261 5,932989 6,087326 6,4397 6,796114 7,34855 7,500286 7,834715 8,21269 8,591572 8,870894 9,124046 9,618089 
[ e ;  jungle26 ; breaker: 1,0 ] --> 0 0,03354639 0,05389076 0,1247212 0,198838 0,04382706 0,215661 0,1552274 0,4965115 0,3648291 0,502414 0,5608315 0,4018836 0,3982606 0,7429891 0,7873254 0,5196996 0,6961145 0,97855 0,7402859 0,7447147 0,9726906 0,891572 1,070894 0,8840466 1,118089 
Absolute Error Mean: 0,5268236

[ p ;  jungle8 ; breaker: 1,0 ] --> 0,2 0,5 0,76 1,37 1,93 2,24 2,72 2,93 3,2 3,51 3,78 4,08 4,57 4,9 5,19 5,3 5,92 6,1 6,37 6,76 7,09 7,24 7,7 7,8 8,24 8,5 
[ s ;  jungle8 ; breaker: 1,0 ] --> 0,2 0,5057852 0,8370933 1,476507 2,155062 2,536821 2,915065 3,141767 
[ e ;  jungle8 ; breaker: 1,0 ] --> 0 0,005785167 0,0770933 0,1065074 0,2250618 0,2968206 0,1950653 0,2117665 
Absolute Error Mean: 4,129542

[ p ;  jungle8 ; breaker: 1,0 ] --> 0,2 0,5 0,76 1,37 1,93 2,24 2,72 2,93 
[ s ;  jungle8 ; breaker: 1,0 ] --> 0,2 0,55942 0,9683592 1,604912 2,319604 2,675004 3,107923 3,288522 
[ e ;  jungle8 ; breaker: 1,0 ] --> 0 0,05941999 0,2083592 0,2349118 0,3896037 0,4350038 0,387923 0,3585217 
Absolute Error Mean: 0,2592179

[ p ;  jungle8 ; breaker: 1,0 ] --> 0,2 0,5 0,76 1,37 1,93 2,24 2,72 2,93 
[ s ;  jungle8 ; breaker: 1,0 ] --> 0,2 0,5268564 0,9090694 1,524937 2,203817 2,559529 2,963763 3,166833 
[ e ;  jungle8 ; breaker: 1,0 ] --> 0 0,02685636 0,1490694 0,1549366 0,2738174 0,3195286 0,2437627 0,2368331 
Absolute Error Mean: 0,1756005

[ p ;  jungle8 ; breaker: 1,0 ] --> 0,2 0,5 0,76 1,37 1,93 2,24 2,72 2,93 
[ s ;  jungle8 ; breaker: 1,0 ] --> 0,2 0,6059824 0,9361483 1,564539 2,195313 2,548323 3,055573 3,207489 
[ e ;  jungle8 ; breaker: 1,0 ] --> 0 0,1059824 0,1761484 0,194539 0,2653133 0,3083234 0,335573 0,2774892 
Absolute Error Mean: 0,2079211

[ p ;  jungle8 ; breaker: 1,0 ] --> 0,2 0,5 0,76 1,37 1,93 2,24 2,72 2,93 
[ s ;  jungle8 ; breaker: 1,0 ] --> 0,2 0,5795542 0,9070653 1,482335 2,190655 2,547099 2,980322 3,160124 
[ e ;  jungle8 ; breaker: 1,0 ] --> 0 0,0795542 0,1470653 0,1123351 0,2606553 0,3070991 0,2603221 0,2301238 
Absolute Error Mean: 0,1746444

[ p ;  jungle8 ; breaker: 1,0 ] --> 0,2 0,5 0,76 1,37 1,93 2,24 2,72 2,93 
[ s ;  jungle8 ; breaker: 1,0 ] --> 0,2 0,5331355 0,8930114 1,508127 2,172511 2,531488 2,993981 3,172487 
[ e ;  jungle8 ; breaker: 1,0 ] --> 0 0,03313553 0,1330114 0,1381267 0,2425109 0,2914884 0,2739806 0,242487 
Absolute Error Mean: 0,1693426

[ p ;  jungle8 ; breaker: 1,0 ] --> 0,2 0,5 0,76 1,37 1,93 2,24 2,72 2,93 
[ s ;  jungle8 ; breaker: 1,0 ] --> 0,2 0,574934 0,9571119 1,537101 2,223386 2,558202 3,034576 3,18699 
[ e ;  jungle8 ; breaker: 1,0 ] --> 0 0,07493401 0,1971119 0,1671007 0,2933861 0,3182023 0,3145759 0,2569904 
Absolute Error Mean: 0,2027877

[ p ;  jungle8 ; breaker: 1,0 ] --> 0,2 0,5 0,76 1,37 1,93 2,24 2,72 2,93 
[ s ;  jungle8 ; breaker: 1,0 ] --> 0,2 0,4773916 0,830552 1,334934 1,912616 2,291055 2,66739 2,867826 
[ e ;  jungle8 ; breaker: 1,0 ] --> 0 0,02260837 0,07055199 0,03506613 0,01738346 0,05105543 0,05260968 0,06217384 
Absolute Error Mean: 0,03893111

[ p ;  jungle8 ; breaker: 1,0 ] --> 0,2 0,5 0,76 1,37 1,93 2,24 2,72 2,93 
[ s ;  jungle8 ; breaker: 1,0 ] --> 0,2 0,4814111 0,8595526 1,416004 1,948349 2,249869 2,659261 2,865293 
[ e ;  jungle8 ; breaker: 1,0 ] --> 0 0,01858893 0,09955257 0,04600382 0,01834869 0,009868622 0,06073952 0,06470728 
Absolute Error Mean: 0,03972618

[ p ;  jungle8 ; breaker: 1,0 ] --> 0,2 0,5 0,76 1,37 1,93 2,24 2,72 2,93 
[ s ;  jungle8 ; breaker: 1,0 ] --> 0,2 0,4852166 0,84031 1,344256 1,953079 2,230177 2,65856 2,836537 
[ e ;  jungle8 ; breaker: 1,0 ] --> 0 0,01478338 0,08031005 0,02574384 0,02307951 0,009823322 0,06144023 0,09346294 
Absolute Error Mean: 0,03858041

[ p ;  jungle26 ; breaker: 1,0 ] --> 0,2 0,5 0,76 1,37 1,93 2,24 2,72 2,93 
[ s ;  jungle26 ; breaker: 1,0 ] --> 0,2 0,5010213 0,8038952 1,393467 2,024287 2,328162 2,684184 2,909635 3,060289 3,512444 3,816994 4,14464 4,472692 4,776459 5,058054 5,339322 5,516021 5,973694 6,255148 6,533494 6,834346 7,035329 7,287325 7,618322 7,972083 8,175402 8,478286 
[ e ;  jungle26 ; breaker: 1,0 ] --> 0 0,001021326 0,04389524 0,0234673 0,09428751 0,08816171 0,03581595 0,020365 
Absolute Error Mean: 0,03837676

[ p ;  jungle26 ; breaker: 1,0 ] --> 0,2 0,5 0,76 1,37 1,93 2,24 2,72 2,93 3,2 3,51 3,78 4,08 4,57 4,9 5,19 5,3 5,92 6,1 6,37 6,76 7,09 7,24 7,7 7,8 8,24 8,5 
[ s ;  jungle26 ; breaker: 1,0 ] --> 0,2 0,5550225 0,907607 1,613928 2,31927 2,672857 3,207138 3,384732 3,898341 4,258206 4,613587 4,965756 5,297973 5,628955 5,937017 6,191444 6,908975 7,238611 7,624333 7,909758 8,162621 8,369813 8,651717 8,957172 9,287183 9,5423 9,824046 
[ e ;  jungle26 ; breaker: 1,0 ] --> 0 0,05502254 0,147607 0,2439278 0,3892697 0,432857 0,487138 0,4547317 0,6983409 0,7482064 0,8335874 0,8857565 0,7279725 0,7289553 0,7470169 0,8914437 0,9889746 1,138611 1,254333 1,149757 1,072621 1,129813 0,9517174 1,157172 1,047183 1,0423 
Absolute Error Mean: 0,74632

[ p ;  jungle26 ; breaker: 1,0 ] --> 0,2 0,5 0,76 1,37 1,93 2,24 2,72 2,93 3,2 3,51 3,78 4,08 4,57 4,9 5,19 5,3 5,92 6,1 6,37 6,76 7,09 7,24 7,7 7,8 8,24 8,5 
[ s ;  jungle26 ; breaker: 1,0 ] --> 0,2 0,5034083 0,8399482 1,426885 2,065865 2,399432 2,857301 3,033424 3,493279 3,847453 4,157488 4,461463 4,793222 5,152739 5,537375 5,742205 6,284234 6,590526 6,925565 7,204112 7,485251 7,766359 8,045349 8,325411 8,631884 8,907503 9,188549 
[ e ;  jungle26 ; breaker: 1,0 ] --> 0 0,003408313 0,07994819 0,05688548 0,1358649 0,1594322 0,1373005 0,1034236 0,2932787 0,3374529 0,3774879 0,3814635 0,2232218 0,252739 0,3473754 0,442205 0,364234 0,4905257 0,5555649 0,4441118 0,3952508 0,5263596 0,3453493 0,5254107 0,3918839 0,4075031 
Absolute Error Mean: 0,2991416

[ p ;  jungle26 ; breaker: 1,0 ] --> 0,2 0,5 0,76 1,37 1,93 2,24 2,72 2,93 3,2 3,51 3,78 4,08 4,57 4,9 5,19 5,3 5,92 6,1 6,37 6,76 7,09 7,24 7,7 7,8 8,24 8,5 
[ s ;  jungle26 ; breaker: 1,0 ] --> 0,2 0,3010889 0,628858 1,333096 2,011759 2,440143 2,920357 3,171665 3,648793 3,982879 4,338898 4,672032 5,026181 5,328752 5,730953 5,932261 6,464045 6,864256 7,319927 7,702649 8,006543 8,284626 8,837724 9,244861 9,627236 9,929927 
[ e ;  jungle26 ; breaker: 1,0 ] --> 0 0,1989111 0,131142 0,0369041 0,08175933 0,2001431 0,200357 0,2416646 0,4487929 0,4728787 0,5588977 0,592032 0,456181 0,4287519 0,5409527 0,6322608 0,5440445 0,764256 0,9499269 0,9426489 0,916543 1,044626 1,137724 1,44486 1,387237 1,429927 
Absolute Error Mean: 0,6070547

[ p ;  jungle26 ; breaker: 1,0 ] --> 0,2 0,5 0,76 1,37 1,93 2,24 2,72 2,93 3,2 3,51 3,78 4,08 4,57 4,9 5,19 5,3 5,92 6,1 6,37 6,76 7,09 7,24 7,7 7,8 8,24 8,5 
[ s ;  jungle26 ; breaker: 1,0 ] --> 0,2 0,5121776 0,8978728 1,557231 2,169329 2,52557 2,963892 3,165248 3,645466 3,979017 4,283252 4,639146 4,996593 5,328868 5,686241 5,891445 6,526331 6,910501 7,219621 7,577763 7,911159 8,263316 8,831623 9,114079 9,443629 9,725782 
[ e ;  jungle26 ; breaker: 1,0 ] --> 0 0,01217759 0,1378728 0,1872313 0,2393287 0,2855697 0,2438924 0,2352479 0,4454663 0,4690175 0,5032523 0,5591459 0,4265924 0,4288683 0,4962411 0,5914445 0,6063309 0,8105006 0,8496208 0,8177624 0,8211584 1,023316 1,131623 1,314079 1,203629 1,225782 
Absolute Error Mean: 0,579429

[ p ;  jungle26 ; breaker: 1,0 ] --> 0,2 0,5 0,76 1,37 1,93 2,24 2,72 2,93 3,2 3,51 3,78 4,08 4,57 4,9 5,19 5,3 5,92 6,1 6,37 6,76 7,09 7,24 7,7 7,8 8,24 8,5 
[ s ;  jungle26 ; breaker: 1,0 ] --> 0,2 0,5294489 0,9136934 1,468417 2,118409 2,47231 2,876769 3,052115 3,527844 3,880765 4,308296 4,587423 4,917615 5,196719 5,504235 5,733625 6,218792 6,598979 6,902534 7,204861 7,562337 7,870295 8,37706 8,688193 8,995477 9,253612 
[ e ;  jungle26 ; breaker: 1,0 ] --> 0 0,02944887 0,1536934 0,09841692 0,188409 0,2323096 0,1567693 0,1221149 0,3278444 0,370765 0,5282958 0,5074234 0,3476148 0,2967186 0,3142347 0,4336252 0,2987919 0,4989786 0,5325341 0,4448605 0,4723372 0,6302948 0,6770601 0,8881931 0,755477 0,7536116 
Absolute Error Mean: 0,3869162

[ p ;  jungle26 ; breaker: 1,0 ] --> 0,2 0,5 0,76 1,37 1,93 2,24 2,72 2,93 3,2 3,51 3,78 4,08 4,57 4,9 5,19 5,3 5,92 6,1 6,37 6,76 7,09 7,24 7,7 7,8 8,24 8,5 
[ s ;  jungle26 ; breaker: 1,0 ] --> 0,2 0,5317518 0,8625315 1,428744 2,014874 2,421414 2,803344 2,953465 3,435255 3,766274 4,297794 4,580046 4,91774 5,280068 5,661849 5,840766 6,349482 6,656301 6,962311 7,271598 7,531357 7,811606 8,0696 8,37226 8,677396 8,957143 
[ e ;  jungle26 ; breaker: 1,0 ] --> 0 0,03175175 0,1025315 0,05874443 0,0848738 0,1814137 0,08334374 0,02346468 0,2352552 0,256274 0,5177939 0,5000463 0,3477397 0,3800678 0,4718485 0,5407662 0,4294815 0,5563011 0,5923114 0,5115981 0,4413571 0,5716062 0,3696003 0,5722599 0,437396 0,4571428 
Absolute Error Mean: 0,3367296

[ p ;  jungle26 ; breaker: 1,0 ] --> 0,2 0,5 0,76 1,37 1,93 2,24 2,72 2,93 3,2 3,51 3,78 4,08 4,57 4,9 5,19 5,3 5,92 6,1 6,37 6,76 7,09 7,24 7,7 7,8 8,24 8,5 
[ s ;  jungle26 ; breaker: 1,0 ] --> 0,2 0,5306075 0,8879865 1,43042 2,093386 2,399121 2,808193 2,986925 3,46707 3,771476 4,102653 4,407592 4,714867 5,015268 5,41412 5,643262 6,174569 6,555565 6,858354 7,140052 7,395495 7,698549 7,97576 8,282217 8,588177 8,86916 
[ e ;  jungle26 ; breaker: 1,0 ] --> 0 0,03060752 0,1279865 0,06041956 0,1633857 0,1591208 0,0881927 0,05692458 0,2670698 0,2614758 0,3226526 0,3275919 0,1448669 0,1152678 0,2241197 0,3432622 0,2545686 0,4555655 0,4883537 0,3800516 0,3054948 0,4585495 0,2757602 0,4822168 0,348177 0,3691597 
Absolute Error Mean: 0,250417

[ p ;  jungle26 ; breaker: 1,0 ] --> 0,2 0,5 0,76 1,37 1,93 2,24 2,72 2,93 3,2 3,51 3,78 4,08 4,57 4,9 5,19 5,3 5,92 6,1 6,37 6,76 7,09 7,24 7,7 7,8 8,24 8,5 
[ s ;  jungle26 ; breaker: 1,0 ] --> 0,2 0,5268635 0,8779758 1,493624 2,128984 2,456775 2,86175 3,042186 3,527722 3,858756 4,189558 4,520585 4,853641 5,133803 5,437514 5,693963 6,225614 6,555089 6,861409 7,145241 7,425221 7,734039 8,017466 8,301159 8,558539 8,865706 
[ e ;  jungle26 ; breaker: 1,0 ] --> 0 0,02686352 0,1179758 0,1236243 0,1989845 0,2167754 0,1417503 0,1121855 0,3277216 0,3487556 0,4095581 0,4405851 0,2836409 0,2338033 0,2475138 0,3939624 0,3056135 0,4550886 0,4914088 0,385241 0,3352213 0,4940395 0,3174658 0,5011587 0,3185396 0,3657064 
Absolute Error Mean: 0,2920455

[ p ;  jungle26 ; breaker: 1,0 ] --> 0,2 0,5 0,76 1,37 1,93 2,24 2,72 2,93 3,2 3,51 3,78 4,08 4,57 4,9 5,19 5,3 5,92 6,1 6,37 6,76 7,09 7,24 7,7 7,8 8,24 8,5 
[ s ;  jungle26 ; breaker: 1,0 ] --> 0,2 0,5323742 0,8650328 1,454288 2,04107 2,374031 2,757813 2,958084 3,466358 3,851645 4,206526 4,489532 4,815999 5,120648 5,399031 5,651182 6,188007 6,516028 6,798795 7,104686 7,391098 7,673602 7,930827 8,210806 8,512701 8,793214 
[ e ;  jungle26 ; breaker: 1,0 ] --> 0 0,0323742 0,1050328 0,08428752 0,11107 0,1340308 0,03781271 0,02808428 0,2663584 0,3416452 0,4265258 0,4095321 0,2459989 0,2206478 0,2090311 0,351182 0,2680068 0,416028 0,4287949 0,344686 0,3010983 0,4336019 0,2308269 0,4108057 0,2727013 0,2932138 
Absolute Error Mean: 0,2462838

[ p ;  jungle8 ; breaker: 1,0 ] --> 0,2 0,5 0,76 1,37 1,93 2,24 2,72 2,93 3,2 3,51 3,78 4,08 4,57 4,9 5,19 5,3 5,92 6,1 6,37 6,76 7,09 7,24 7,7 7,8 8,24 8,5 
