b;0;0,03110319;0,07163996;0,1208246;0,1955515;0,1640034;0,2669508;0,3372605;
b;0;0,03048921;0,02834237;0,02512717;0,07871532;0,1603825;0,07937694;0,009080887;
b;0;0,09471491;0,04774511;0,07493973;0,002375007;0,08149123;0,03958559;0,1101921;
b;0;0,007069468;0,05338496;0,03116941;0,05669177;0,000276804;0,007321835;0,02615476;
b;0;0,008476317;0,05356938;0,01697278;0,03923428;0,06844425;0,03434014;0,01561165;
b;0;0,01820454;0,02503717;0,1017625;0,07836139;0,08064079;0,07829404;0,08538961;
b;0;0,005768359;0,07389027;0,02718842;0,02984798;0,0618782;0,08402491;0,09446883;
b;0;0,02929509;0,05185592;0,1238812;0,05064368;0,05740547;0,03709245;0,02149796;
b;0;1,116374;1,158495;1,155543;1,176237;1,119005;1,145993;1,18811;
b;0;0,0186089;0,03114343;0,0765965;0,08368361;0,06660318;0,00946331;0,0004031658;
s;0;0,03354609;0,126716;0,1748346;0,3059796;0,3265061;0,3831677;0,3532505;
s;0;0,04495978;0,07688242;0,1785266;0,2075492;0,1886661;0,3354886;0,3921397;0,2323911;0,288856;0,230279;0,2500982;0,4361343;0,4606085;0,4924703;0,4523511;
s;0;0,0474332;0,05757684;0,1341943;0,1371744;0,119952;0,2682033;0,3007722;0,1616986;0,166271;0,1092517;0,1289015;0,2879577;0,3129578;0,326632;0,2837481;
s;0;0,02222231;0,02320319;0,05086672;0,05259526;0,002430677;0,1533225;0,1838541;0,02129292;0,0001444817;0,09038615;0,07018232;0,06410885;0,09133959;0,07335043;0,0194788;
s;0;0,002892017;0,04668218;0,02880096;0,05006969;0,04382825;0,158195;0,2137363;0,07816005;0,1102805;0,1054809;0,07942724;0,263823;0,3156781;0,3270001;0,3932495;
s;0;0,07297644;0,02669996;0,0007441044;0,05660474;0,07898259;0,1457479;0,2045979;0,06590939;0,0701561;0,03299952;0,0548687;0,2397108;0,3115592;0,2700405;0,2514672;
s;0;0,01961261;0,04739213;0,05447078;0,0008202791;0,04685116;0,1229997;0,1825058;0,04722166;0,03045011;0,03245187;0,03867531;0,09613276;0,1220698;0,1577878;0,06379175;
s;0;0,004117489;0,05036378;0,1067988;0,1285559;0,1236222;0,07684302;0,1085939;0,05405784;0,02224541;0,05589819;0,03440714;0,1802807;0,2042394;0,2126594;0,1696606;
s;0;0,02016652;0,02922285;0,001529336;0,01973188;0,000590086;0,1990278;0,2566772;0,09208512;0,0947237;0,05660009;0,05168533;0,2570987;0,2568135;0,2905169;0,2479124;
s;0;0,04768881;0,0002882481;0,05186546;0,05882609;0,06411624;0,2877681;0,3464911;0,1858575;0,2135565;0,2046931;0,2001474;0,3873239;0,4620309;0,4437575;0,4016767;
b;0;0,0184145;0,02574813;0,05049467;0,2299875;0,1531403;0,09701633;0,2282522;0,3724875;0,9728615;0,9077504;0,9709401;0,7505088;1,008969;1,15733;1,200538;
b;0;0,03998968;0,03213602;0,06905878;0,006667137;0,1376045;0,05522394;0,005058289;0,03129911;9,75132E-05;0,01543427;0,01931858;0,2999902;0,1505427;0,276011;1,01349;
b;0;0,0688253;0,04997152;0,005002022;0,01825392;0,1497972;0,1165154;0,006161451;0,06438303;0,08728623;0,2014771;0,2579694;0,54035;0,5703382;0,6911592;0,7090359;
b;0;0,01056898;0,1097361;0,01160359;0,08458245;0,03502822;0,1439285;0,1850743;0,2448218;0,2716172;0,3668859;0,4245229;0,7796507;1,314966;1,487019;1,528254;
b;0;0,04847172;0,03140122;0,07971323;0,01952875;0,06078506;0,01285148;0,1068394;0,1693118;0,2148712;0,2772386;0,3348584;0,5109401;0,5399714;0,6577859;0,676302;
b;0;0,04161927;0,008761644;0,1146131;0,1592176;0,2401884;0,0527966;0,005833864;0,004197121;0,003197908;0,1184433;0,4907494;0,5172753;1,348648;1,212869;1,361988;
b;0;0,01649463;0,005383968;0,1435957;0,6607698;0,607991;0,4880321;0,5901177;0,6039565;0,5273015;0,9476626;1,108405;1,243896;1,24848;1,240866;1,259601;
b;0;0,04105586;0,0157342;0,1076336;0,04606938;0,0964334;0,110878;0,0611496;0,1007833;0,1251824;0,1120036;0,07717085;0,1792445;0,3145537;0,4871984;0,5322909;
b;0;0,06888643;0,04579377;0,09028959;0,1340656;0,2125895;0,1536674;0,1052799;0,07227421;0,1008294;0,06346893;0,008460522;0,1422505;0,3735595;0,5223823;0,5945668;
b;0;0,02002862;0,02504563;0,02446687;0,02503514;0,1083601;0,07271361;0,1690571;0,1558967;0,1279931;0,1178732;0,1011014;0,1720123;0,2556391;0,2729058;0,3441238;
b;0;0,04202446;0,0229643;0,06634378;0,09141684;0,2201045;0,1935365;0,1470916;0,1050513;0,1293421;0,1154716;0,07945251;0,2765226;0,3068881;0,6362925;0,6795259;
b;0;0,09398758;0,1013388;0,1499876;0,2030637;0,309761;0,2036064;0,1573482;0,1217408;0,09935379;0,1111279;0,05646276;0,2448683;0,2541904;0,4240298;0,4678593;0,5129433;0,6622157;0,7227039;0,9980097;1,200751;1,202055;1,326041;1,486171;1,326983;1,575104;
b;0;0,0420807;0,0502187;0,04688013;0,1183097;0,2471318;0,08526087;0,11289;0,1241407;0,1449051;0,1578026;0,1913781;0,6242385;0,707726;0,8784547;2,02584;1,68855;1,870944;2,161884;2,468776;2,370331;3,227961;2,974991;3,483947;3,531636;3,503973;
b;0;0,06927067;0,01892334;0,08686435;0,05455351;0,1867309;0,106313;0,007400036;0,0232904;0,002358675;0,06183887;0,06872797;0,5961099;0,4431272;1,026995;1,018137;1,189435;1,953468;1,965898;1,935073;2,344213;2,747931;2,490198;3,306893;3,142316;3,138616;
b;0;0,1198983;0,1490153;0,3904908;0,7159568;0,8975209;0,6865885;0,7427146;0,8076532;0,8602469;0,77403;0,3642664;0,03398037;0,1671448;0,03132153;0,5062675;0,3481984;0,6251507;0,8636899;0,9831457;0,8081017;1,300253;1,422082;1,653896;1,590371;1,532224;
b;0;10,43476;10,42906;10,12589;10,17504;10,44403;10,14248;10,51042;10,49641;10,49797;10,53501;10,51665;10,35471;10,88488;10,94909;11,37164;10,90598;11,33451;11,39112;11,31037;11,90306;12,54633;12,29809;12,84743;12,72032;12,74372;
b;0;0,04016891;0,009352624;0,03011227;0,08014858;0,2115045;0,1306574;0,03813267;0,002854109;0,005380869;0,03437352;0,06564665;0,4452329;0,4212418;0,6214919;0,6661749;0,662127;0,8953915;0,9096994;1,986035;2,534297;2,717222;2,919456;3,149319;3,01238;3,315555;
b;0;0,04421175;0,03110695;0,01022136;0,2624025;0,00352025;0,1993387;0,04566956;0,04334211;0,09148979;0,1588981;1,5807;2,014011;3,408391;3,296826;3,899997;3,741411;3,898114;4,34614;4,56344;4,512061;5,543974;5,443569;5,669749;5,965458;5,908208;
b;0;0,04391325;0,05498606;0,1071556;0,209567;0,1551316;0,2639785;0,3408401;0,4247048;0,4852879;0,6519382;1,181115;1,894095;1,898214;2,867766;3,583131;3,63911;3,867059;4,439167;4,632053;4,556365;4,938709;4,835366;5,037358;5,233757;5,251228;
b;0;0,01751012;0,03278202;0,01444709;0,01675332;0,0646143;0,1229901;0,1949062;0,2561719;0,381161;0,4737136;0,4562221;0,9032817;0,9574361;1,230424;1,272251;1,286699;1,488862;1,629453;2,071507;2,326587;2,459669;2,944111;3,276179;3,24743;3,622134;
s;0;0,005235374;0,001814127;0,0518446;0,00494051;0,03498292;0,2363272;0,2934017;
s;0;0,0235455;0,01769608;0,008858442;0,04267454;0,01652765;0,1811898;0,2637908;
s;0;0,02012178;0,02663392;0,05806196;0,1056942;0,07653594;0,1517506;0,2108903;
s;0;0,03749928;0,02352923;0,007447481;0,06985199;0,04218602;0,1587977;0,2165439;
s;0;0,0175876;0,005043566;0,05479443;0,0774492;0,05024695;0,1743364;0,2045798;
s;0;0,004044592;0,04836851;0,1212747;0,2697922;0,239692;0,01374364;0,0444181;
s;0;0,002296746;0,09187257;0,1129793;0,1865748;0,1546543;0,05043793;0,08106565;
s;0;0,019045;0,05278587;0,03126645;0,05919337;0,05628967;0,143554;0,1986706;
s;0;0,007326066;0,05648106;0,01365948;0,06119156;0,01181555;0,2355464;0,2924018;
s;0;0,006081283;0,04929608;0,02488661;0,07106888;0,0651772;0,1590908;0,1914954;
s;0;0,02208337;0,05106694;0,03023207;0,09464073;0,0502634;0,3033073;0,3353295;
s;0;0,02324313;0,02161849;0,001599312;0,0967654;0,07542419;0,2498846;0,3055868;0,1934361;0,1462376;0,1120028;0,1048453;0,3139329;0,3597836;0,3958926;0,3504152;0,3866396;0,3907146;0,3830576;0,4646125;0,5141606;0,3842354;0,5603561;0,3559418;0,490057;0,4464664;
s;0;0,01938984;0,05308616;0,04450393;0,02350628;0,04561901;0,1791322;0,2091424;0,02022409;0,04992104;0,06255174;0,07054806;0,1408057;0,1626878;0,1490898;0,1057005;0,08357382;0,1104665;0,07502794;0,1564503;0,1819558;0,07388973;0,2233515;0,01702118;0,1513243;0,1045465;
s;0;0,01900762;0,02320653;0,04833448;0,02656484;0,03326917;0,2343113;0,2843733;0,1436913;0,1494122;0,09012222;0,08915448;0,3250256;0,3246865;0,3601365;0,2911668;0,2978082;0,3024063;0,3170438;0,3957276;0,4185138;0,291111;0,4702477;0,2894983;0,4725952;0,3497553;
s;0;0,002718806;0,04933578;0,02283788;0,02268112;0,06941867;0,1563084;0,2118752;0,0224371;0,02307534;0,01469779;0,007605553;0,2428374;0,2897463;0,3254852;0,2823458;0,2661781;0,2411628;0,2824321;0,3428779;0,3674812;0,2093015;0,4114408;0,2315731;0,3898897;0,288496;
s;0;0,00425452;0,0498845;0,04780054;0,04464567;0,04076648;0,1572897;0,2155981;0,03136444;0,009959221;0,02257371;0,02798843;0,1572933;0,2304215;0,268827;0,2015295;0,1678891;0,1683164;0,1596637;0,2433472;0,2713704;0,1398125;0,2936969;0,086833;0,2455468;0,1736536;
s;0;0,0007241368;0,07871497;0,1095253;0,0802964;0,1015067;0,04827929;0,08036208;0,05686712;0,1048133;0,1193326;0,1238117;0,08694839;0,1377182;0,1501608;0,08159018;0,1202021;0,1458702;0,08431864;0,1987591;0,2237434;0,07184219;0,2255969;0,04553747;0,2051191;0,1602631;
s;0;0,01486328;0,07478201;0,0561434;0,06014991;0,09074783;0,1337562;0,1919441;0,05245852;0,03434634;0,02234697;0,04154539;0,2516937;0,3040099;0,3412471;0,3000216;0,2869086;0,3420992;0,3059845;0,415482;0,4397335;0,3079724;0,4885135;0,3069305;0,4640064;0,3941412;
s;0;0,03209186;0,05958223;0,03860927;0,008654118;0,03924847;0,1096885;0,1408997;0,02527261;0,01988244;0,0527842;0,05733919;0,1522794;0,1768074;0,1614833;0,09381533;0,09923887;0,1512818;0,09070539;0,2247725;0,2178736;0,08699512;0,2128978;0,03168964;0,1669149;0,06758976;
s;0;0,0008968711;0,04305178;0,06640112;0,06419683;0,08670115;0,1178973;0,1748474;0,01395583;0,02882361;0,06235361;0,04118824;0,1447659;0,1719403;0,1807432;0,1400361;0,1747694;0,1989808;0,1367316;0,2419915;0,2920642;0,1604996;0,3387365;0,1552267;0,2906075;0,2463188;
