
NEW RESULT

[ p ;  jungle8 ; breaker: 1,0 ] --> 0,2 0,5 0,76 1,37 1,93 2,24 2,72 2,93 
[ b ;  jungle8 ; breaker: 1,0 ] --> 0,2 0,5311032 0,8316399 1,490825 2,125551 2,404003 2,986951 3,267261 
[ e ;  jungle8 ; breaker: 1,0 ] --> 0 0,03110319 0,07163996 0,1208246 0,1955515 0,1640034 0,2669508 0,3372605 
Absolute Error Mean: 0,1484167

[ p ;  jungle8 ; breaker: 1,0 ] --> 0,2 0,5 0,76 1,37 1,93 2,24 2,72 2,93 
[ b ;  jungle8 ; breaker: 1,0 ] --> 0,2 0,5304892 0,7883424 1,344873 1,851285 2,079618 2,640623 2,920919 
[ e ;  jungle8 ; breaker: 1,0 ] --> 0 0,03048921 0,02834237 0,02512717 0,07871532 0,1603825 0,07937694 0,009080887 
Absolute Error Mean: 0,0514393

[ p ;  jungle8 ; breaker: 1,0 ] --> 0,2 0,5 0,76 1,37 1,93 2,24 2,72 2,93 
[ b ;  jungle8 ; breaker: 1,0 ] --> 0,2 0,4052851 0,7122549 1,29506 1,932375 2,158509 2,759586 3,040192 
[ e ;  jungle8 ; breaker: 1,0 ] --> 0 0,09471491 0,04774511 0,07493973 0,002375007 0,08149123 0,03958559 0,1101921 
Absolute Error Mean: 0,05638045

[ p ;  jungle8 ; breaker: 1,0 ] --> 0,2 0,5 0,76 1,37 1,93 2,24 2,72 2,93 
[ b ;  jungle8 ; breaker: 1,0 ] --> 0,2 0,5070695 0,813385 1,401169 1,986692 2,240277 2,727322 2,956155 
[ e ;  jungle8 ; breaker: 1,0 ] --> 0 0,007069468 0,05338496 0,03116941 0,05669177 0,000276804 0,007321835 0,02615476 
Absolute Error Mean: 0,02275863

[ p ;  jungle8 ; breaker: 1,0 ] --> 0,2 0,5 0,76 1,37 1,93 2,24 2,72 2,93 
[ b ;  jungle8 ; breaker: 1,0 ] --> 0,2 0,5084763 0,8135694 1,353027 1,890766 2,171556 2,68566 2,914388 
[ e ;  jungle8 ; breaker: 1,0 ] --> 0 0,008476317 0,05356938 0,01697278 0,03923428 0,06844425 0,03434014 0,01561165 
Absolute Error Mean: 0,0295811

[ p ;  jungle8 ; breaker: 1,0 ] --> 0,2 0,5 0,76 1,37 1,93 2,24 2,72 2,93 
[ b ;  jungle8 ; breaker: 1,0 ] --> 0,2 0,4817955 0,7349628 1,268237 1,851639 2,159359 2,641706 2,84461 
[ e ;  jungle8 ; breaker: 1,0 ] --> 0 0,01820454 0,02503717 0,1017625 0,07836139 0,08064079 0,07829404 0,08538961 
Absolute Error Mean: 0,05846126

[ p ;  jungle8 ; breaker: 1,0 ] --> 0,2 0,5 0,76 1,37 1,93 2,24 2,72 2,93 
[ b ;  jungle8 ; breaker: 1,0 ] --> 0,2 0,5057684 0,8338903 1,342812 1,900152 2,178122 2,635975 2,835531 
[ e ;  jungle8 ; breaker: 1,0 ] --> 0 0,005768359 0,07389027 0,02718842 0,02984798 0,0618782 0,08402491 0,09446883 
Absolute Error Mean: 0,04713337

[ p ;  jungle8 ; breaker: 1,0 ] --> 0,2 0,5 0,76 1,37 1,93 2,24 2,72 2,93 
[ b ;  jungle8 ; breaker: 1,0 ] --> 0,2 0,5292951 0,8118559 1,246119 1,879356 2,182595 2,682908 2,908502 
[ e ;  jungle8 ; breaker: 1,0 ] --> 0 0,02929509 0,05185592 0,1238812 0,05064368 0,05740547 0,03709245 0,02149796 
Absolute Error Mean: 0,04645897

[ p ;  jungle8 ; breaker: 1,0 ] --> 0,2 0,5 0,76 1,37 1,93 2,24 2,72 2,93 
[ b ;  jungle8 ; breaker: 1,0 ] --> 0,2 1,616374 1,918495 2,525543 3,106236 3,359005 3,865993 4,11811 
[ e ;  jungle8 ; breaker: 1,0 ] --> 0 1,116374 1,158495 1,155543 1,176237 1,119005 1,145993 1,18811 
Absolute Error Mean: 1,00747

[ p ;  jungle8 ; breaker: 1,0 ] --> 0,2 0,5 0,76 1,37 1,93 2,24 2,72 2,93 
[ b ;  jungle8 ; breaker: 1,0 ] --> 0,2 0,4813911 0,7911434 1,293404 1,846316 2,173397 2,729463 2,930403 
[ e ;  jungle8 ; breaker: 1,0 ] --> 0 0,0186089 0,03114343 0,0765965 0,08368361 0,06660318 0,00946331 0,0004031658 
Absolute Error Mean: 0,03581276

[ p ;  jungle16 ; breaker: 1,0 ] --> 0,2 0,5 0,76 1,37 1,93 2,24 2,72 2,93 
[ s ;  jungle16 ; breaker: 1,0 ] --> 0,2 0,5335461 0,8867159 1,544835 2,23598 2,566506 3,103168 3,283251 3,797516 4,177946 4,667921 5,331017 5,834557 6,267744 6,752964 6,956713 
[ e ;  jungle16 ; breaker: 1,0 ] --> 0 0,03354609 0,126716 0,1748346 0,3059796 0,3265061 0,3831677 0,3532505 
Absolute Error Mean: 0,2130001

[ p ;  jungle16 ; breaker: 1,0 ] --> 0,2 0,5 0,76 1,37 1,93 2,24 2,72 2,93 3,2 3,51 3,78 4,08 4,57 4,9 5,19 5,3 
[ s ;  jungle16 ; breaker: 1,0 ] --> 0,2 0,4550402 0,6831176 1,191473 1,722451 2,051334 2,384511 2,53786 2,967609 3,221144 3,549721 3,829902 4,133866 4,439392 4,69753 4,847649 
[ e ;  jungle16 ; breaker: 1,0 ] --> 0 0,04495978 0,07688242 0,1785266 0,2075492 0,1886661 0,3354886 0,3921397 0,2323911 0,288856 0,230279 0,2500982 0,4361343 0,4606085 0,4924703 0,4523511 
Absolute Error Mean: 0,2667125

[ p ;  jungle16 ; breaker: 1,0 ] --> 0,2 0,5 0,76 1,37 1,93 2,24 2,72 2,93 3,2 3,51 3,78 4,08 4,57 4,9 5,19 5,3 
[ s ;  jungle16 ; breaker: 1,0 ] --> 0,2 0,4525668 0,7024232 1,235806 1,792826 2,120048 2,451797 2,629228 3,038301 3,343729 3,670748 3,951098 4,282043 4,587042 4,863368 5,016252 
[ e ;  jungle16 ; breaker: 1,0 ] --> 0 0,0474332 0,05757684 0,1341943 0,1371744 0,119952 0,2682033 0,3007722 0,1616986 0,166271 0,1092517 0,1289015 0,2879577 0,3129578 0,326632 0,2837481 
Absolute Error Mean: 0,1776703

[ p ;  jungle16 ; breaker: 1,0 ] --> 0,2 0,5 0,76 1,37 1,93 2,24 2,72 2,93 3,2 3,51 3,78 4,08 4,57 4,9 5,19 5,3 
[ s ;  jungle16 ; breaker: 1,0 ] --> 0,2 0,4777777 0,7832032 1,420867 1,982595 2,237569 2,566678 2,746146 3,178707 3,509856 3,870386 4,150182 4,505891 4,808661 5,11665 5,319479 
[ e ;  jungle16 ; breaker: 1,0 ] --> 0 0,02222231 0,02320319 0,05086672 0,05259526 0,002430677 0,1533225 0,1838541 0,02129292 0,0001444817 0,09038615 0,07018232 0,06410885 0,09133959 0,07335043 0,0194788 
Absolute Error Mean: 0,05742364

[ p ;  jungle16 ; breaker: 1,0 ] --> 0,2 0,5 0,76 1,37 1,93 2,24 2,72 2,93 3,2 3,51 3,78 4,08 4,57 4,9 5,19 5,3 
[ s ;  jungle16 ; breaker: 1,0 ] --> 0,2 0,502892 0,8066822 1,341199 1,98007 2,283828 2,561805 2,716264 3,12184 3,399719 3,674519 4,000573 4,306177 4,584322 4,863 5,69325 
[ e ;  jungle16 ; breaker: 1,0 ] --> 0 0,002892017 0,04668218 0,02880096 0,05006969 0,04382825 0,158195 0,2137363 0,07816005 0,1102805 0,1054809 0,07942724 0,263823 0,3156781 0,3270001 0,3932495 
Absolute Error Mean: 0,1385815

[ p ;  jungle16 ; breaker: 1,0 ] --> 0,2 0,5 0,76 1,37 1,93 2,24 2,72 2,93 3,2 3,51 3,78 4,08 4,57 4,9 5,19 5,3 
[ s ;  jungle16 ; breaker: 1,0 ] --> 0,2 0,4270236 0,7333 1,370744 1,986605 2,318983 2,574252 2,725402 3,134091 3,439844 3,747 4,025131 4,330289 4,588441 4,91996 5,048533 
[ e ;  jungle16 ; breaker: 1,0 ] --> 0 0,07297644 0,02669996 0,0007441044 0,05660474 0,07898259 0,1457479 0,2045979 0,06590939 0,0701561 0,03299952 0,0548687 0,2397108 0,3115592 0,2700405 0,2514672 
Absolute Error Mean: 0,1176916

[ p ;  jungle16 ; breaker: 1,0 ] --> 0,2 0,5 0,76 1,37 1,93 2,24 2,72 2,93 3,2 3,51 3,78 4,08 4,57 4,9 5,19 5,3 
[ s ;  jungle16 ; breaker: 1,0 ] --> 0,2 0,4803874 0,8073921 1,315529 1,92918 2,286851 2,597 2,747494 3,152778 3,47955 3,812452 4,118675 4,473867 4,77793 5,032212 5,236208 
[ e ;  jungle16 ; breaker: 1,0 ] --> 0 0,01961261 0,04739213 0,05447078 0,0008202791 0,04685116 0,1229997 0,1825058 0,04722166 0,03045011 0,03245187 0,03867531 0,09613276 0,1220698 0,1577878 0,06379175 
Absolute Error Mean: 0,0664521

[ p ;  jungle16 ; breaker: 1,0 ] --> 0,2 0,5 0,76 1,37 1,93 2,24 2,72 2,93 3,2 3,51 3,78 4,08 4,57 4,9 5,19 5,3 
[ s ;  jungle16 ; breaker: 1,0 ] --> 0,2 0,5041175 0,8103638 1,476799 2,058556 2,363622 2,643157 2,821406 3,254058 3,532245 3,835898 4,114407 4,389719 4,695761 4,977341 5,13034 
[ e ;  jungle16 ; breaker: 1,0 ] --> 0 0,004117489 0,05036378 0,1067988 0,1285559 0,1236222 0,07684302 0,1085939 0,05405784 0,02224541 0,05589819 0,03440714 0,1802807 0,2042394 0,2126594 0,1696606 
Absolute Error Mean: 0,09577148

[ p ;  jungle16 ; breaker: 1,0 ] --> 0,2 0,5 0,76 1,37 1,93 2,24 2,72 2,93 3,2 3,51 3,78 4,08 4,57 4,9 5,19 5,3 
[ s ;  jungle16 ; breaker: 1,0 ] --> 0,2 0,4798335 0,7892228 1,371529 1,949732 2,23941 2,520972 2,673323 3,107915 3,415276 3,7234 4,028315 4,312901 4,643187 4,899483 5,052088 
[ e ;  jungle16 ; breaker: 1,0 ] --> 0 0,02016652 0,02922285 0,001529336 0,01973188 0,000590086 0,1990278 0,2566772 0,09208512 0,0947237 0,05660009 0,05168533 0,2570987 0,2568135 0,2905169 0,2479124 
Absolute Error Mean: 0,1171488

[ p ;  jungle16 ; breaker: 1,0 ] --> 0,2 0,5 0,76 1,37 1,93 2,24 2,72 2,93 3,2 3,51 3,78 4,08 4,57 4,9 5,19 5,3 
[ s ;  jungle16 ; breaker: 1,0 ] --> 0,2 0,4523112 0,7597117 1,318135 1,871174 2,175884 2,432232 2,583509 3,014143 3,296443 3,575307 3,879853 4,182676 4,437969 4,746243 4,898324 
[ e ;  jungle16 ; breaker: 1,0 ] --> 0 0,04768881 0,0002882481 0,05186546 0,05882609 0,06411624 0,2877681 0,3464911 0,1858575 0,2135565 0,2046931 0,2001474 0,3873239 0,4620309 0,4437575 0,4016767 
Absolute Error Mean: 0,2097555

[ p ;  jungle16 ; breaker: 1,0 ] --> 0,2 0,5 0,76 1,37 1,93 2,24 2,72 2,93 3,2 3,51 3,78 4,08 4,57 4,9 5,19 5,3 
[ b ;  jungle16 ; breaker: 1,0 ] --> 0,2 0,4815855 0,7857481 1,319505 1,700012 2,39314 2,622984 3,158252 3,572488 4,482862 4,68775 5,05094 5,320509 5,908969 6,34733 6,500538 
[ e ;  jungle16 ; breaker: 1,0 ] --> 0 0,0184145 0,02574813 0,05049467 0,2299875 0,1531403 0,09701633 0,2282522 0,3724875 0,9728615 0,9077504 0,9709401 0,7505088 1,008969 1,15733 1,200538 
Absolute Error Mean: 0,5090274

[ p ;  jungle16 ; breaker: 1,0 ] --> 0,2 0,5 0,76 1,37 1,93 2,24 2,72 2,93 3,2 3,51 3,78 4,08 4,57 4,9 5,19 5,3 
[ b ;  jungle16 ; breaker: 1,0 ] --> 0,2 0,4600103 0,792136 1,439059 1,923333 2,102396 2,664776 2,924942 3,231299 3,509902 3,795434 4,099319 4,86999 5,050543 5,466011 6,31349 
[ e ;  jungle16 ; breaker: 1,0 ] --> 0 0,03998968 0,03213602 0,06905878 0,006667137 0,1376045 0,05522394 0,005058289 0,03129911 9,75132E-05 0,01543427 0,01931858 0,2999902 0,1505427 0,276011 1,01349 
Absolute Error Mean: 0,1344951

[ p ;  jungle16 ; breaker: 1,0 ] --> 0,2 0,5 0,76 1,37 1,93 2,24 2,72 2,93 3,2 3,51 3,78 4,08 4,57 4,9 5,19 5,3 
[ b ;  jungle16 ; breaker: 1,0 ] --> 0,2 0,4311747 0,8099715 1,375002 1,911746 2,090203 2,603485 2,936162 3,264383 3,597286 3,981477 4,337969 5,11035 5,470338 5,881159 6,009036 
[ e ;  jungle16 ; breaker: 1,0 ] --> 0 0,0688253 0,04997152 0,005002022 0,01825392 0,1497972 0,1165154 0,006161451 0,06438303 0,08728623 0,2014771 0,2579694 0,54035 0,5703382 0,6911592 0,7090359 
Absolute Error Mean: 0,2210329

[ p ;  jungle16 ; breaker: 1,0 ] --> 0,2 0,5 0,76 1,37 1,93 2,24 2,72 2,93 3,2 3,51 3,78 4,08 4,57 4,9 5,19 5,3 
[ b ;  jungle16 ; breaker: 1,0 ] --> 0,2 0,510569 0,8697361 1,381604 2,014582 2,275028 2,863929 3,115074 3,444822 3,781617 4,146886 4,504523 5,349651 6,214966 6,677019 6,828254 
[ e ;  jungle16 ; breaker: 1,0 ] --> 0 0,01056898 0,1097361 0,01160359 0,08458245 0,03502822 0,1439285 0,1850743 0,2448218 0,2716172 0,3668859 0,4245229 0,7796507 1,314966 1,487019 1,528254 
Absolute Error Mean: 0,4373912

[ p ;  jungle16 ; breaker: 1,0 ] --> 0,2 0,5 0,76 1,37 1,93 2,24 2,72 2,93 3,2 3,51 3,78 4,08 4,57 4,9 5,19 5,3 
[ b ;  jungle16 ; breaker: 1,0 ] --> 0,2 0,4515283 0,7285988 1,290287 1,949529 2,179215 2,732852 3,036839 3,369312 3,724871 4,057239 4,414858 5,08094 5,439971 5,847786 5,976302 
[ e ;  jungle16 ; breaker: 1,0 ] --> 0 0,04847172 0,03140122 0,07971323 0,01952875 0,06078506 0,01285148 0,1068394 0,1693118 0,2148712 0,2772386 0,3348584 0,5109401 0,5399714 0,6577859 0,676302 
Absolute Error Mean: 0,2338044

[ p ;  jungle16 ; breaker: 1,0 ] --> 0,2 0,5 0,76 1,37 1,93 2,24 2,72 2,93 3,2 3,51 3,78 4,08 4,57 4,9 5,19 5,3 
[ b ;  jungle16 ; breaker: 1,0 ] --> 0,2 0,4583807 0,7687616 1,255387 1,770782 1,999812 2,667203 2,924166 3,204197 3,513198 3,898443 4,570749 5,087276 6,248648 6,402869 6,661988 
[ e ;  jungle16 ; breaker: 1,0 ] --> 0 0,04161927 0,008761644 0,1146131 0,1592176 0,2401884 0,0527966 0,005833864 0,004197121 0,003197908 0,1184433 0,4907494 0,5172753 1,348648 1,212869 1,361988 
Absolute Error Mean: 0,3550249

[ p ;  jungle16 ; breaker: 1,0 ] --> 0,2 0,5 0,76 1,37 1,93 2,24 2,72 2,93 3,2 3,51 3,78 4,08 4,57 4,9 5,19 5,3 
[ b ;  jungle16 ; breaker: 1,0 ] --> 0,2 0,4835054 0,765384 1,513596 2,59077 2,847991 3,208032 3,520118 3,803957 4,037302 4,727663 5,188405 5,813897 6,14848 6,430866 6,559601 
[ e ;  jungle16 ; breaker: 1,0 ] --> 0 0,01649463 0,005383968 0,1435957 0,6607698 0,607991 0,4880321 0,5901177 0,6039565 0,5273015 0,9476626 1,108405 1,243896 1,24848 1,240866 1,259601 
Absolute Error Mean: 0,6682846

[ p ;  jungle16 ; breaker: 1,0 ] --> 0,2 0,5 0,76 1,37 1,93 2,24 2,72 2,93 3,2 3,51 3,78 4,08 4,57 4,9 5,19 5,3 
[ b ;  jungle16 ; breaker: 1,0 ] --> 0,2 0,4589441 0,7442658 1,262366 1,883931 2,143567 2,609122 2,86885 3,099217 3,384818 3,667996 4,002829 4,749245 5,214554 5,677198 5,832291 
[ e ;  jungle16 ; breaker: 1,0 ] --> 0 0,04105586 0,0157342 0,1076336 0,04606938 0,0964334 0,110878 0,0611496 0,1007833 0,1251824 0,1120036 0,07717085 0,1792445 0,3145537 0,4871984 0,5322909 
Absolute Error Mean: 0,1504614

[ p ;  jungle16 ; breaker: 1,0 ] --> 0,2 0,5 0,76 1,37 1,93 2,24 2,72 2,93 3,2 3,51 3,78 4,08 4,57 4,9 5,19 5,3 
[ b ;  jungle16 ; breaker: 1,0 ] --> 0,2 0,4311136 0,7142062 1,27971 1,795934 2,027411 2,566333 2,82472 3,127726 3,409171 3,716531 4,071539 4,712251 5,27356 5,712382 5,894567 
[ e ;  jungle16 ; breaker: 1,0 ] --> 0 0,06888643 0,04579377 0,09028959 0,1340656 0,2125895 0,1536674 0,1052799 0,07227421 0,1008294 0,06346893 0,008460522 0,1422505 0,3735595 0,5223823 0,5945668 
Absolute Error Mean: 0,1680228

[ p ;  jungle16 ; breaker: 1,0 ] --> 0,2 0,5 0,76 1,37 1,93 2,24 2,72 2,93 3,2 3,51 3,78 4,08 4,57 4,9 5,19 5,3 
[ b ;  jungle16 ; breaker: 1,0 ] --> 0,2 0,4799714 0,7349544 1,345533 1,955035 2,13164 2,792714 3,099057 3,355897 3,637993 3,897873 4,181101 4,742013 5,155639 5,462906 5,644124 
[ e ;  jungle16 ; breaker: 1,0 ] --> 0 0,02002862 0,02504563 0,02446687 0,02503514 0,1083601 0,07271361 0,1690571 0,1558967 0,1279931 0,1178732 0,1011014 0,1720123 0,2556391 0,2729058 0,3441238 
Absolute Error Mean: 0,1245158

[ p ;  jungle26 ; breaker: 1,0 ] --> 0,2 0,5 0,76 1,37 1,93 2,24 2,72 2,93 3,2 3,51 3,78 4,08 4,57 4,9 5,19 5,3 
[ b ;  jungle26 ; breaker: 1,0 ] --> 0,2 0,4579755 0,7370357 1,303656 1,838583 2,019896 2,526464 2,782908 3,094949 3,380658 3,664528 4,000547 4,846523 5,206888 5,826293 5,979526 6,644971 6,900999 7,157715 7,725201 8,341356 8,832547 8,961278 9,448199 9,986182 10,14071 
[ e ;  jungle26 ; breaker: 1,0 ] --> 0 0,04202446 0,0229643 0,06634378 0,09141684 0,2201045 0,1935365 0,1470916 0,1050513 0,1293421 0,1154716 0,07945251 0,2765226 0,3068881 0,6362925 0,6795259 
Absolute Error Mean: 0,1945018

[ p ;  jungle26 ; breaker: 1,0 ] --> 0,2 0,5 0,76 1,37 1,93 2,24 2,72 2,93 3,2 3,51 3,78 4,08 4,57 4,9 5,19 5,3 5,92 6,1 6,37 6,76 7,09 7,24 7,7 7,8 8,24 8,5 
[ b ;  jungle26 ; breaker: 1,0 ] --> 0,2 0,4060124 0,6586612 1,220012 1,726936 1,930239 2,516394 2,772652 3,078259 3,410646 3,668872 4,023537 4,814868 5,154191 5,61403 5,767859 6,432943 6,762216 7,092704 7,75801 8,290751 8,442055 9,026041 9,286171 9,566983 10,0751 
[ e ;  jungle26 ; breaker: 1,0 ] --> 0 0,09398758 0,1013388 0,1499876 0,2030637 0,309761 0,2036064 0,1573482 0,1217408 0,09935379 0,1111279 0,05646276 0,2448683 0,2541904 0,4240298 0,4678593 0,5129433 0,6622157 0,7227039 0,9980097 1,200751 1,202055 1,326041 1,486171 1,326983 1,575104 
Absolute Error Mean: 0,5389117

[ p ;  jungle26 ; breaker: 1,0 ] --> 0,2 0,5 0,76 1,37 1,93 2,24 2,72 2,93 3,2 3,51 3,78 4,08 4,57 4,9 5,19 5,3 5,92 6,1 6,37 6,76 7,09 7,24 7,7 7,8 8,24 8,5 
[ b ;  jungle26 ; breaker: 1,0 ] --> 0,2 0,4579193 0,7097813 1,32312 1,81169 1,992868 2,634739 3,04289 3,324141 3,654905 3,937803 4,271378 5,194239 5,607726 6,068455 7,32584 7,60855 7,970944 8,531884 9,228776 9,460331 10,46796 10,67499 11,28395 11,77164 12,00397 
[ e ;  jungle26 ; breaker: 1,0 ] --> 0 0,0420807 0,0502187 0,04688013 0,1183097 0,2471318 0,08526087 0,11289 0,1241407 0,1449051 0,1578026 0,1913781 0,6242385 0,707726 0,8784547 2,02584 1,68855 1,870944 2,161884 2,468776 2,370331 3,227961 2,974991 3,483947 3,531636 3,503973 
Absolute Error Mean: 1,263086

[ p ;  jungle26 ; breaker: 1,0 ] --> 0,2 0,5 0,76 1,37 1,93 2,24 2,72 2,93 3,2 3,51 3,78 4,08 4,57 4,9 5,19 5,3 5,92 6,1 6,37 6,76 7,09 7,24 7,7 7,8 8,24 8,5 
[ b ;  jungle26 ; breaker: 1,0 ] --> 0,2 0,4307293 0,7410766 1,283136 1,875446 2,053269 2,613687 2,9226 3,17671 3,507641 3,841839 4,148728 5,16611 5,343127 6,216995 6,318137 7,109435 8,053468 8,335897 8,695073 9,434213 9,987931 10,1902 11,10689 11,38232 11,63862 
[ e ;  jungle26 ; breaker: 1,0 ] --> 0 0,06927067 0,01892334 0,08686435 0,05455351 0,1867309 0,106313 0,007400036 0,0232904 0,002358675 0,06183887 0,06872797 0,5961099 0,4431272 1,026995 1,018137 1,189435 1,953468 1,965898 1,935073 2,344213 2,747931 2,490198 3,306893 3,142316 3,138616 
Absolute Error Mean: 1,076334

[ p ;  jungle26 ; breaker: 1,0 ] --> 0,2 0,5 0,76 1,37 1,93 2,24 2,72 2,93 3,2 3,51 3,78 4,08 4,57 4,9 5,19 5,3 5,92 6,1 6,37 6,76 7,09 7,24 7,7 7,8 8,24 8,5 
[ b ;  jungle26 ; breaker: 1,0 ] --> 0,2 0,3801017 0,6109847 0,9795092 1,214043 1,342479 2,033412 2,187285 2,392347 2,649753 3,00597 3,715734 4,603981 5,067145 5,221322 5,806268 6,268198 6,725151 7,23369 7,743146 7,898102 8,540253 9,122082 9,453897 9,830371 10,03222 
[ e ;  jungle26 ; breaker: 1,0 ] --> 0 0,1198983 0,1490153 0,3904908 0,7159568 0,8975209 0,6865885 0,7427146 0,8076532 0,8602469 0,77403 0,3642664 0,03398037 0,1671448 0,03132153 0,5062675 0,3481984 0,6251507 0,8636899 0,9831457 0,8081017 1,300253 1,422082 1,653896 1,590371 1,532224 
Absolute Error Mean: 0,7067003

[ p ;  jungle26 ; breaker: 1,0 ] --> 0,2 0,5 0,76 1,37 1,93 2,24 2,72 2,93 3,2 3,51 3,78 4,08 4,57 4,9 5,19 5,3 5,92 6,1 6,37 6,76 7,09 7,24 7,7 7,8 8,24 8,5 
[ b ;  jungle26 ; breaker: 1,0 ] --> 0,2 10,93476 11,18906 11,49589 12,10504 12,68403 12,86248 13,44042 13,69641 14,00797 14,31501 14,59665 14,92471 15,78488 16,13909 16,67164 16,82598 17,43451 17,76112 18,07037 18,99306 19,78633 19,99809 20,64743 20,96032 21,24372 
[ e ;  jungle26 ; breaker: 1,0 ] --> 0 10,43476 10,42906 10,12589 10,17504 10,44403 10,14248 10,51042 10,49641 10,49797 10,53501 10,51665 10,35471 10,88488 10,94909 11,37164 10,90598 11,33451 11,39112 11,31037 11,90306 12,54633 12,29809 12,84743 12,72032 12,74372 
Absolute Error Mean: 10,68727

[ p ;  jungle26 ; breaker: 1,0 ] --> 0,2 0,5 0,76 1,37 1,93 2,24 2,72 2,93 3,2 3,51 3,78 4,08 4,57 4,9 5,19 5,3 5,92 6,1 6,37 6,76 7,09 7,24 7,7 7,8 8,24 8,5 
[ b ;  jungle26 ; breaker: 1,0 ] --> 0,2 0,4598311 0,7693526 1,339888 1,849851 2,028496 2,589343 2,891867 3,197146 3,504619 3,814373 4,145647 5,015233 5,321242 5,811492 5,966175 6,582127 6,995391 7,279699 8,746036 9,624297 9,957222 10,61946 10,94932 11,25238 11,81555 
[ e ;  jungle26 ; breaker: 1,0 ] --> 0 0,04016891 0,009352624 0,03011227 0,08014858 0,2115045 0,1306574 0,03813267 0,002854109 0,005380869 0,03437352 0,06564665 0,4452329 0,4212418 0,6214919 0,6661749 0,662127 0,8953915 0,9096994 1,986035 2,534297 2,717222 2,919456 3,149319 3,01238 3,315555 
Absolute Error Mean: 0,9578445

[ p ;  jungle26 ; breaker: 1,0 ] --> 0,2 0,5 0,76 1,37 1,93 2,24 2,72 2,93 3,2 3,51 3,78 4,08 4,57 4,9 5,19 5,3 5,92 6,1 6,37 6,76 7,09 7,24 7,7 7,8 8,24 8,5 
[ b ;  jungle26 ; breaker: 1,0 ] --> 0,2 0,4557883 0,7911069 1,359779 1,667597 2,23648 2,520661 2,884331 3,243342 3,60149 3,938898 5,6607 6,584012 8,308391 8,486826 9,199997 9,661411 9,998114 10,71614 11,32344 11,60206 12,78397 13,14357 13,46975 14,20546 14,40821 
[ e ;  jungle26 ; breaker: 1,0 ] --> 0 0,04421175 0,03110695 0,01022136 0,2624025 0,00352025 0,1993387 0,04566956 0,04334211 0,09148979 0,1588981 1,5807 2,014011 3,408391 3,296826 3,899997 3,741411 3,898114 4,34614 4,56344 4,512061 5,543974 5,443569 5,669749 5,965458 5,908208 
Absolute Error Mean: 2,487779

[ p ;  jungle26 ; breaker: 1,0 ] --> 0,2 0,5 0,76 1,37 1,93 2,24 2,72 2,93 3,2 3,51 3,78 4,08 4,57 4,9 5,19 5,3 5,92 6,1 6,37 6,76 7,09 7,24 7,7 7,8 8,24 8,5 
[ b ;  jungle26 ; breaker: 1,0 ] --> 0,2 0,4560868 0,8149861 1,477156 2,139567 2,395132 2,983979 3,27084 3,624705 3,995288 4,431938 5,261115 6,464096 6,798214 8,057766 8,883131 9,55911 9,967059 10,80917 11,39205 11,64637 12,17871 12,53537 12,83736 13,47376 13,75123 
[ e ;  jungle26 ; breaker: 1,0 ] --> 0 0,04391325 0,05498606 0,1071556 0,209567 0,1551316 0,2639785 0,3408401 0,4247048 0,4852879 0,6519382 1,181115 1,894095 1,898214 2,867766 3,583131 3,63911 3,867059 4,439167 4,632053 4,556365 4,938709 4,835366 5,037358 5,233757 5,251228 
Absolute Error Mean: 2,330461

[ p ;  jungle26 ; breaker: 1,0 ] --> 0,2 0,5 0,76 1,37 1,93 2,24 2,72 2,93 3,2 3,51 3,78 4,08 4,57 4,9 5,19 5,3 5,92 6,1 6,37 6,76 7,09 7,24 7,7 7,8 8,24 8,5 
[ b ;  jungle26 ; breaker: 1,0 ] --> 0,2 0,4824899 0,792782 1,355553 1,946753 2,304614 2,84299 3,124906 3,456172 3,891161 4,253714 4,536222 5,473282 5,857436 6,420424 6,572251 7,206699 7,588862 7,999453 8,831507 9,416587 9,699669 10,64411 11,07618 11,48743 12,12213 
[ e ;  jungle26 ; breaker: 1,0 ] --> 0 0,01751012 0,03278202 0,01444709 0,01675332 0,0646143 0,1229901 0,1949062 0,2561719 0,381161 0,4737136 0,4562221 0,9032817 0,9574361 1,230424 1,272251 1,286699 1,488862 1,629453 2,071507 2,326587 2,459669 2,944111 3,276179 3,24743 3,622134 
Absolute Error Mean: 1,182588

[ p ;  jungle8 ; breaker: 1,0 ] --> 0,2 0,5 0,76 1,37 1,93 2,24 2,72 2,93 3,2 3,51 3,78 4,08 4,57 4,9 5,19 5,3 5,92 6,1 6,37 6,76 7,09 7,24 7,7 7,8 8,24 8,5 
[ s ;  jungle8 ; breaker: 1,0 ] --> 0,2 0,5052354 0,7581859 1,318155 1,925059 2,205017 2,483673 2,636598 
[ e ;  jungle8 ; breaker: 1,0 ] --> 0 0,005235374 0,001814127 0,0518446 0,00494051 0,03498292 0,2363272 0,2934017 
Absolute Error Mean: 4,110713

[ p ;  jungle8 ; breaker: 1,0 ] --> 0,2 0,5 0,76 1,37 1,93 2,24 2,72 2,93 
[ s ;  jungle8 ; breaker: 1,0 ] --> 0,2 0,4764545 0,7776961 1,361142 1,972674 2,256528 2,53881 2,666209 
[ e ;  jungle8 ; breaker: 1,0 ] --> 0 0,0235455 0,01769608 0,008858442 0,04267454 0,01652765 0,1811898 0,2637908 
Absolute Error Mean: 0,06928536

[ p ;  jungle8 ; breaker: 1,0 ] --> 0,2 0,5 0,76 1,37 1,93 2,24 2,72 2,93 
[ s ;  jungle8 ; breaker: 1,0 ] --> 0,2 0,4798782 0,7866339 1,428062 2,035694 2,316536 2,568249 2,71911 
[ e ;  jungle8 ; breaker: 1,0 ] --> 0 0,02012178 0,02663392 0,05806196 0,1056942 0,07653594 0,1517506 0,2108903 
Absolute Error Mean: 0,08121108

[ p ;  jungle8 ; breaker: 1,0 ] --> 0,2 0,5 0,76 1,37 1,93 2,24 2,72 2,93 
[ s ;  jungle8 ; breaker: 1,0 ] --> 0,2 0,4625007 0,7835292 1,377447 1,999852 2,282186 2,561202 2,713456 
[ e ;  jungle8 ; breaker: 1,0 ] --> 0 0,03749928 0,02352923 0,007447481 0,06985199 0,04218602 0,1587977 0,2165439 
Absolute Error Mean: 0,06948195

[ p ;  jungle8 ; breaker: 1,0 ] --> 0,2 0,5 0,76 1,37 1,93 2,24 2,72 2,93 
[ s ;  jungle8 ; breaker: 1,0 ] --> 0,2 0,4824124 0,7650436 1,424794 2,007449 2,290247 2,545664 2,72542 
[ e ;  jungle8 ; breaker: 1,0 ] --> 0 0,0175876 0,005043566 0,05479443 0,0774492 0,05024695 0,1743364 0,2045798 
Absolute Error Mean: 0,07300475

[ p ;  jungle8 ; breaker: 1,0 ] --> 0,2 0,5 0,76 1,37 1,93 2,24 2,72 2,93 
[ s ;  jungle8 ; breaker: 1,0 ] --> 0,2 0,5040446 0,8083685 1,491275 2,199792 2,479692 2,733744 2,885582 
[ e ;  jungle8 ; breaker: 1,0 ] --> 0 0,004044592 0,04836851 0,1212747 0,2697922 0,239692 0,01374364 0,0444181 
Absolute Error Mean: 0,09266672

[ p ;  jungle8 ; breaker: 1,0 ] --> 0,2 0,5 0,76 1,37 1,93 2,24 2,72 2,93 
[ s ;  jungle8 ; breaker: 1,0 ] --> 0,2 0,5022967 0,8518726 1,482979 2,116575 2,394654 2,669562 2,848934 3,838109 
[ e ;  jungle8 ; breaker: 1,0 ] --> 0 0,002296746 0,09187257 0,1129793 0,1865748 0,1546543 0,05043793 0,08106565 
Absolute Error Mean: 0,08498516

[ p ;  jungle8 ; breaker: 1,0 ] --> 0,2 0,5 0,76 1,37 1,93 2,24 2,72 2,93 
[ s ;  jungle8 ; breaker: 1,0 ] --> 0,2 0,480955 0,8127859 1,401266 1,989193 2,29629 2,576446 2,731329 
[ e ;  jungle8 ; breaker: 1,0 ] --> 0 0,019045 0,05278587 0,03126645 0,05919337 0,05628967 0,143554 0,1986706 
Absolute Error Mean: 0,07010062

[ p ;  jungle8 ; breaker: 1,0 ] --> 0,2 0,5 0,76 1,37 1,93 2,24 2,72 2,93 
[ s ;  jungle8 ; breaker: 1,0 ] --> 0,2 0,5073261 0,8164811 1,356341 1,868808 2,228184 2,484454 2,637598 
[ e ;  jungle8 ; breaker: 1,0 ] --> 0 0,007326066 0,05648106 0,01365948 0,06119156 0,01181555 0,2355464 0,2924018 
Absolute Error Mean: 0,08480273

[ p ;  jungle8 ; breaker: 1,0 ] --> 0,2 0,5 0,76 1,37 1,93 2,24 2,72 2,93 
[ s ;  jungle8 ; breaker: 1,0 ] --> 0,2 0,5060813 0,8092961 1,394887 2,001069 2,305177 2,560909 2,738505 
[ e ;  jungle8 ; breaker: 1,0 ] --> 0 0,006081283 0,04929608 0,02488661 0,07106888 0,0651772 0,1590908 0,1914954 
Absolute Error Mean: 0,07088703

[ p ;  jungle26 ; breaker: 1,0 ] --> 0,2 0,5 0,76 1,37 1,93 2,24 2,72 2,93 
[ s ;  jungle26 ; breaker: 1,0 ] --> 0,2 0,4779166 0,8110669 1,400232 1,835359 2,189737 2,416693 2,594671 3,022192 3,30426 3,611174 3,913025 4,189631 4,517411 4,772743 4,974981 5,63286 5,812462 6,09341 6,376482 6,657894 6,942033 7,252551 7,560049 7,867457 8,200545 
[ e ;  jungle26 ; breaker: 1,0 ] --> 0 0,02208337 0,05106694 0,03023207 0,09464073 0,0502634 0,3033073 0,3353295 
Absolute Error Mean: 0,1108654

[ p ;  jungle26 ; breaker: 1,0 ] --> 0,2 0,5 0,76 1,37 1,93 2,24 2,72 2,93 3,2 3,51 3,78 4,08 4,57 4,9 5,19 5,3 5,92 6,1 6,37 6,76 7,09 7,24 7,7 7,8 8,24 8,5 
[ s ;  jungle26 ; breaker: 1,0 ] --> 0,2 0,4767569 0,7816185 1,368401 1,833235 2,164576 2,470115 2,624413 3,006564 3,363762 3,667997 3,975155 4,256067 4,540216 4,794107 4,949585 5,53336 5,709285 5,986942 6,295388 6,57584 6,855764 7,139644 7,444058 7,749943 8,053534 
[ e ;  jungle26 ; breaker: 1,0 ] --> 0 0,02324313 0,02161849 0,001599312 0,0967654 0,07542419 0,2498846 0,3055868 0,1934361 0,1462376 0,1120028 0,1048453 0,3139329 0,3597836 0,3958926 0,3504152 0,3866396 0,3907146 0,3830576 0,4646125 0,5141606 0,3842354 0,5603561 0,3559418 0,490057 0,4464664 
Absolute Error Mean: 0,2741119

[ p ;  jungle26 ; breaker: 1,0 ] --> 0,2 0,5 0,76 1,37 1,93 2,24 2,72 2,93 3,2 3,51 3,78 4,08 4,57 4,9 5,19 5,3 5,92 6,1 6,37 6,76 7,09 7,24 7,7 7,8 8,24 8,5 
[ s ;  jungle26 ; breaker: 1,0 ] --> 0,2 0,4806102 0,8130862 1,414504 1,953506 2,285619 2,540868 2,720858 3,179776 3,559921 3,842552 4,150548 4,429194 4,737312 5,04091 5,1943 5,836426 5,989533 6,294972 6,60355 6,908044 7,16611 7,476648 7,782979 8,088675 8,395453 
[ e ;  jungle26 ; breaker: 1,0 ] --> 0 0,01938984 0,05308616 0,04450393 0,02350628 0,04561901 0,1791322 0,2091424 0,02022409 0,04992104 0,06255174 0,07054806 0,1408057 0,1626878 0,1490898 0,1057005 0,08357382 0,1104665 0,07502794 0,1564503 0,1819558 0,07388973 0,2233515 0,01702118 0,1513243 0,1045465 
Absolute Error Mean: 0,0966737

[ p ;  jungle26 ; breaker: 1,0 ] --> 0,2 0,5 0,76 1,37 1,93 2,24 2,72 2,93 3,2 3,51 3,78 4,08 4,57 4,9 5,19 5,3 5,92 6,1 6,37 6,76 7,09 7,24 7,7 7,8 8,24 8,5 
[ s ;  jungle26 ; breaker: 1,0 ] --> 0,2 0,4809924 0,7832065 1,321666 1,903435 2,206731 2,485689 2,645627 3,056309 3,360588 3,689878 3,990845 4,244975 4,575314 4,829864 5,008833 5,622192 5,797594 6,052956 6,364273 6,671486 6,948889 7,229752 7,510502 7,767405 8,150245 
[ e ;  jungle26 ; breaker: 1,0 ] --> 0 0,01900762 0,02320653 0,04833448 0,02656484 0,03326917 0,2343113 0,2843733 0,1436913 0,1494122 0,09012222 0,08915448 0,3250256 0,3246865 0,3601365 0,2911668 0,2978082 0,3024063 0,3170438 0,3957276 0,4185138 0,291111 0,4702477 0,2894983 0,4725952 0,3497553 
Absolute Error Mean: 0,2325835

[ p ;  jungle26 ; breaker: 1,0 ] --> 0,2 0,5 0,76 1,37 1,93 2,24 2,72 2,93 3,2 3,51 3,78 4,08 4,57 4,9 5,19 5,3 5,92 6,1 6,37 6,76 7,09 7,24 7,7 7,8 8,24 8,5 
[ s ;  jungle26 ; breaker: 1,0 ] --> 0,2 0,5027188 0,8093358 1,392838 1,952681 2,309419 2,563692 2,718125 3,177563 3,486925 3,765302 4,072394 4,327163 4,610254 4,864515 5,017654 5,653822 5,858837 6,087568 6,417122 6,722519 7,030698 7,288559 7,568427 7,85011 8,211504 
[ e ;  jungle26 ; breaker: 1,0 ] --> 0 0,002718806 0,04933578 0,02283788 0,02268112 0,06941867 0,1563084 0,2118752 0,0224371 0,02307534 0,01469779 0,007605553 0,2428374 0,2897463 0,3254852 0,2823458 0,2661781 0,2411628 0,2824321 0,3428779 0,3674812 0,2093015 0,4114408 0,2315731 0,3898897 0,288496 
Absolute Error Mean: 0,1836246

[ p ;  jungle26 ; breaker: 1,0 ] --> 0,2 0,5 0,76 1,37 1,93 2,24 2,72 2,93 3,2 3,51 3,78 4,08 4,57 4,9 5,19 5,3 5,92 6,1 6,37 6,76 7,09 7,24 7,7 7,8 8,24 8,5 
[ s ;  jungle26 ; breaker: 1,0 ] --> 0,2 0,5042545 0,8098845 1,417801 1,974646 2,280766 2,56271 2,714402 3,168636 3,500041 3,802574 4,107988 4,412707 4,669579 4,921173 5,098471 5,752111 5,931684 6,210336 6,516653 6,81863 7,100187 7,406303 7,713167 7,994453 8,326346 
[ e ;  jungle26 ; breaker: 1,0 ] --> 0 0,00425452 0,0498845 0,04780054 0,04464567 0,04076648 0,1572897 0,2155981 0,03136444 0,009959221 0,02257371 0,02798843 0,1572933 0,2304215 0,268827 0,2015295 0,1678891 0,1683164 0,1596637 0,2433472 0,2713704 0,1398125 0,2936969 0,086833 0,2455468 0,1736536 
Absolute Error Mean: 0,1330895

[ p ;  jungle26 ; breaker: 1,0 ] --> 0,2 0,5 0,76 1,37 1,93 2,24 2,72 2,93 3,2 3,51 3,78 4,08 4,57 4,9 5,19 5,3 5,92 6,1 6,37 6,76 7,09 7,24 7,7 7,8 8,24 8,5 
[ s ;  jungle26 ; breaker: 1,0 ] --> 0,2 0,5007241 0,838715 1,479525 2,010296 2,341507 2,671721 2,849638 3,256867 3,614813 3,899333 4,203812 4,483052 4,762282 5,039839 5,21841 5,799798 5,95413 6,285681 6,561241 6,866257 7,168158 7,474403 7,754463 8,034881 8,339737 
[ e ;  jungle26 ; breaker: 1,0 ] --> 0 0,0007241368 0,07871497 0,1095253 0,0802964 0,1015067 0,04827929 0,08036208 0,05686712 0,1048133 0,1193326 0,1238117 0,08694839 0,1377182 0,1501608 0,08159018 0,1202021 0,1458702 0,08431864 0,1987591 0,2237434 0,07184219 0,2255969 0,04553747 0,2051191 0,1602631 
Absolute Error Mean: 0,109304

[ p ;  jungle26 ; breaker: 1,0 ] --> 0,2 0,5 0,76 1,37 1,93 2,24 2,72 2,93 3,2 3,51 3,78 4,08 4,57 4,9 5,19 5,3 5,92 6,1 6,37 6,76 7,09 7,24 7,7 7,8 8,24 8,5 
[ s ;  jungle26 ; breaker: 1,0 ] --> 0,2 0,4851367 0,834782 1,426143 1,99015 2,330748 2,586244 2,738056 3,147542 3,475654 3,757653 4,038455 4,318306 4,59599 4,848753 4,999979 5,633091 5,757901 6,064015 6,344518 6,650267 6,932027 7,211486 7,49307 7,775993 8,105859 
[ e ;  jungle26 ; breaker: 1,0 ] --> 0 0,01486328 0,07478201 0,0561434 0,06014991 0,09074783 0,1337562 0,1919441 0,05245852 0,03434634 0,02234697 0,04154539 0,2516937 0,3040099 0,3412471 0,3000216 0,2869086 0,3420992 0,3059845 0,415482 0,4397335 0,3079724 0,4885135 0,3069305 0,4640064 0,3941412 
Absolute Error Mean: 0,2200703

[ p ;  jungle26 ; breaker: 1,0 ] --> 0,2 0,5 0,76 1,37 1,93 2,24 2,72 2,93 3,2 3,51 3,78 4,08 4,57 4,9 5,19 5,3 5,92 6,1 6,37 6,76 7,09 7,24 7,7 7,8 8,24 8,5 
[ s ;  jungle26 ; breaker: 1,0 ] --> 0,2 0,5320919 0,8195822 1,408609 1,921346 2,279248 2,610312 2,7891 3,174727 3,529882 3,832784 4,137339 4,417721 4,723193 5,028517 5,206185 5,820761 5,948718 6,279294 6,535228 6,872127 7,153005 7,487102 7,768311 8,073085 8,43241 
[ e ;  jungle26 ; breaker: 1,0 ] --> 0 0,03209186 0,05958223 0,03860927 0,008654118 0,03924847 0,1096885 0,1408997 0,02527261 0,01988244 0,0527842 0,05733919 0,1522794 0,1768074 0,1614833 0,09381533 0,09923887 0,1512818 0,09070539 0,2247725 0,2178736 0,08699512 0,2128978 0,03168964 0,1669149 0,06758976 
Absolute Error Mean: 0,09686144

[ p ;  jungle26 ; breaker: 1,0 ] --> 0,2 0,5 0,76 1,37 1,93 2,24 2,72 2,93 3,2 3,51 3,78 4,08 4,57 4,9 5,19 5,3 5,92 6,1 6,37 6,76 7,09 7,24 7,7 7,8 8,24 8,5 
[ s ;  jungle26 ; breaker: 1,0 ] --> 0,2 0,5008969 0,8030518 1,436401 1,994197 2,326701 2,602103 2,755153 3,186044 3,538824 3,842354 4,121188 4,425234 4,72806 5,009257 5,159964 5,745231 5,901019 6,233268 6,518009 6,797936 7,0795 7,361263 7,644773 7,949392 8,253681 
[ e ;  jungle26 ; breaker: 1,0 ] --> 0 0,0008968711 0,04305178 0,06640112 0,06419683 0,08670115 0,1178973 0,1748474 0,01395583 0,02882361 0,06235361 0,04118824 0,1447659 0,1719403 0,1807432 0,1400361 0,1747694 0,1989808 0,1367316 0,2419915 0,2920642 0,1604996 0,3387365 0,1552267 0,2906075 0,2463188 
Absolute Error Mean: 0,137451

[ p ;  jungle8 ; breaker: 1,0 ] --> 0,2 0,5 0,76 1,37 1,93 2,24 2,72 2,93 3,2 3,51 3,78 4,08 4,57 4,9 5,19 5,3 5,92 6,1 6,37 6,76 7,09 7,24 7,7 7,8 8,24 8,5 
