b;0;0,09298438;0,06213331;0,01284313;
b;0;0,01861829;0,0008083582;0,02662349;
s;0;0,04512399;0,02401096;0,04995835;
s;0;0,01846635;0,1318334;0,00679028;
s;0;0,0194025;0,0009249449;0,02198374;
s;0;0,04476741;0,02802539;0,01924574;0,01333082;0,01806402;0,1658897;0,1233068;0,06301808;0,009375572;0,0474627;0,07843208;0,1260052;0,172873;0,1560259;0,0887146;0,1995468;0,09689569;0,008065701;0,06451416;0,1150451;0,04215956;0,1381392;0,1178823;0,01824665;0,08401871;
s;0;0,04390809;0,003019929;0,06795609;0,005696416;0,02403641;0,1725478;0,2317002;0,06883907;0,04942846;0,01621556;0,01042891;0,200026;0,2512689;0,210145;0,1678958;0,2289443;0,08218384;0,02609634;0,03203106;0,05444622;0,07733583;0,05344105;0,1235685;0,06553173;0,01709938;
s;0;0,04297242;0,02838033;0,003416419;0,003205299;0,003088951;0,1492667;0,2086046;0,07047176;0,07826996;0,006174088;0,01887894;0,2333322;0,2836089;0,2690668;0,2249637;0,3406091;0,2428942;0,1352553;0,2226696;0,2754726;0,1460395;0,3258033;0,122098;0,3106952;0,3191576;
s;0;0,004880786;0,04912335;0,05031562;0,02977479;0,03419232;0,1621928;0,1933498;0,08654737;0,04591179;0,0108943;0,003072262;0,1607871;0,1879964;0,1434126;0,07534885;0,2851887;0,1344266;0,05183792;0,1353264;0,1600513;0,005510807;0,1290503;0,08159733;0,000831604;0,02255058;
s;0;0,04764503;0,0187884;0,06183004;0,09515214;0,1052208;0,3324623;0,3136318;0,4333379;0,4446962;0,3355851;0,326529;0,5581379;0,5823579;0,5655527;0,5230823;0,7350259;0,5847254;0,5717731;0,629611;0,6530457;0,489161;0,6199708;0,4366322;0,5926471;0,5975099;
s;0;0,01917523;0,04704463;0,03088605;0,06485021;0,07130408;0,2448585;0,2772396;0,09227467;0,07367563;0,04252791;0,06701899;0,2523355;0,2509403;0,2125549;0,1713066;0,3073816;0,205585;0,041646;0,1055794;0,1304564;0,02977562;0,09763813;0,1073084;0,02782536;0,03629589;
s;0;0,3372137;0,384016;0,3077306;0,3063985;0,2508464;0,07560658;0,06753778;0,2050583;0,2051318;0,2393548;0,2720981;0,1119924;0,0857234;0,1251931;0,1711612;0,03323078;0,1841311;0,2970905;0,1644449;0,1656404;0,29528;0,1649795;0,3708744;0,2377577;0,2575502;
s;0;0,0263589;0,03984445;0,0403161;0,09009969;0,09964919;0,25313;0,2837462;0,09574246;0,1027393;0,06607223;0,08332634;0,2861452;0,3352642;0,268054;0,2244539;0,4098148;0,2829585;0,1919341;0,2521443;0,300684;0,04256535;0,2189441;0,03896904;0,1700563;0,1500864;
s;0;0,07370088;0,05417907;0,1019275;0,1309044;0,161799;0,3112817;0,3689089;0,2323267;0,2385476;0,2253873;0,2434359;0,4537592;0,4529538;0,4147925;0,347127;0,5096335;0,3826642;0,2939749;0,3589907;0,3618455;0,2300477;0,3861742;0,1563568;0,3403778;0,2380676;
s;0;0,005097747;0,05015266;0,02767503;0,05220056;0,05199289;0,2016547;0,2340784;
s;0;0,02489677;0,07318681;0,04645634;0,02231383;0,005668163;0,124733;0,1814389;
s;0;0,001386523;0,06867784;0,01618457;0,01188588;0,004834652;0,1213441;0,1782954;
s;0;0,00468868;0,02493715;0,05481791;0,07692564;0,0805819;0,2786255;0,3314586;
s;0;0,01833361;0,05419272;0,03484941;0,0330199;0,02727795;0,1195138;0,1506126;
s;0;0,005671203;0,07388639;0,04651058;0,0702647;0,04178643;0,1593704;0,1927752;
s;0;0,002687156;0,01820385;0,01384842;0,01723993;0,07453585;0,2274158;0,2863088;
s;0;0,04378596;0,02903813;0,03345454;0,00855732;0,02179575;0,1972971;0,2254109;
s;0;0,009887457;0,02695996;0,01819634;0,01355445;0,006548882;0,1446126;0,1777208;
s;0;0,02162498;0,02555418;0,07625186;0,0529592;0,05651379;0,2527218;0,2604134;
b;0;0,08589691;0,0567134;0,1150471;0,1376265;0,01339817;0,2616367;0,2656364;
b;0;0,08377993;0,03149331;0,143666;0,1110103;0,04316354;0,02532005;0,02143621;0,01763701;0,01718116;0,007113218;0,0485096;0,04978943;0,1080627;0,02453327;0,3264499;0,1975131;0,6161432;0,5816851;0,3438568;0,4237947;0,7610359;0,7114611;0,867835;0,6789722;0,8031559;
b;0;0,05731124;0,002333462;0,1144359;0,1088628;0,0210259;0,2779279;0,3107424;0,3481779;0,3784237;0,3907905;0,1242704;0,05099583;0,1097875;0,04905462;0,02862406;0,2885246;0,1451502;0,4606657;0,5546179;0,5283051;0,659503;0,4790554;0,7081137;0,5533094;0,6251717;
b;0;0,1157579;0,03775567;0,08564866;0,3901136;0,3905554;0,4095876;0,3854616;0,4240806;0,4512558;0,4137158;0,4008555;0,330904;0,1179442;0,2055812;0,1906462;0,1846671;0,3586102;0,3457389;0,2352839;0,08816481;0,1723347;0,1248941;0,6231909;0,389514;0,6181974;
b;0;0,06401229;0,01221776;0,130852;0,1497781;0,04843473;0,3226092;0,3527057;0,3895452;0,4175823;0,3509433;0,1123183;0,472116;0,2880297;0,4230714;0,06259584;0,06448507;0,09089994;0,07896852;0,001626015;0,02246332;0,1115031;0,06554794;0,2717133;0,0685482;0,1179152;
b;0;0,01729286;0,005202949;0,01657903;0,01610756;0,04374313;0,2029881;0,2083714;0,221405;0,2470729;0,1842449;0,1858211;0,1867352;0,01141596;0,1509647;0,3282685;0,2414179;0,5266819;0,4367986;0,2777743;0,3355393;0,4725642;0,3208103;0,5307608;0,4256678;0,7553606;
b;0;0,02034435;0,02278268;0,0490576;0,0116812;0,008594275;0,1684535;0,07327056;0,03398609;0,1159153;0,02326202;0,02694988;0,1916814;0,04070997;0,06270742;0,2583318;0,07646418;0,07914829;0,4427371;0,583714;0,4308949;0,3850865;0,1782222;0,4378157;0,3065605;0,3789015;
b;0;0,009839892;0,06249839;0,003940463;0,04621875;0,1750531;0,3705034;0,2714725;0,256583;0,2570837;0,03748131;0,07574987;0,1289887;0,1258225;0,03297567;0,5541387;0,1667161;0,2953153;0,3302488;0,3237224;0,2544651;0,4921279;0,288692;0,5447187;0,4105854;0,4788218;
b;0;0,01292977;0,01394111;0,07501042;0,1470956;0,370785;0,06744671;0,138351;0,2011828;0,1982517;0,2600486;0,6528053;0,4465432;0,4215384;0,7948804;0,9101181;0,9223323;1,34832;1,362075;1,302278;1,255888;1,412585;1,260406;1,467761;1,6648;1,685789;
b;0;0,05733544;8,547523;8,273695;8,019691;8,321839;8,379081;8,324763;8,36358;8,387273;8,424812;8,433794;8,583078;8,586172;8,580303;8,778306;8,443822;8,601568;9,030843;8,870838;8,850094;9,006792;8,830863;9,012357;8,926826;8,944389;
b;0;0,006807506;0,08250856;0,06039679;0,01270711;0,1135714;0,3189459;0,200459;0,1940954;0,1750634;0,1660812;0,4995146;0,2888603;0,2656736;0,2798676;0,4801455;
b;0;0,01744506;0,05303913;0,02818942;0,01331055;0,1699417;0,3443618;0,2508361;0,1933253;0,1715224;0,1147614;0,4859915;0,4815598;0,3040352;0,2698584;0,5162539;
b;0;0,01894838;0,02680135;0,01248789;0,04442942;0,04830265;0,1247382;0,02587318;0,008572578;0,3054998;0,6517208;0,8395171;0,4794054;0,4578552;0,4754534;1,006717;
b;0;0,007079005;0,05767667;0,008592129;0,038311;0,1935229;0,3662062;0,2694013;0,2060068;0,2099836;0,1620498;0,5280924;0,3453403;0,3232536;0,3370976;0,5617614;
b;0;0,03883469;0,087071;0,06531358;0,04262388;0,1115503;0,2777932;0,2066762;0,1964953;0,2018123;0,1443291;0,5135999;0,3328953;0,2621322;0,2540169;0,427217;
b;0;0,01532805;0,03409857;0,03822374;0,1127847;0,1885097;0,006140232;0,0392313;0,07665825;0,07374883;0,1407392;0,42557;0,2146397;0,2406373;0,1248145;0,4712434;
b;0;0,009380639;0,004951715;0,01376617;0,02057517;0,1973991;0,1284871;0,05623651;0,04671192;0,0485146;0,01340747;0,2849851;0,2797561;0,1047306;0,3806314;0,8868942;
b;0;0,01587969;0,05513263;0,08569753;0,1646448;0,3655436;0,08961821;0,08804941;0,1537981;0,1039126;0,1877069;0,5302715;0,6543136;0,6315126;0,6751819;0,7198601;
b;0;0,04585677;0,02481198;0,047616;0,05261314;0,3309259;0,003182173;0,09676409;0,1303179;0,0996139;0,1895137;0,4815702;0,5575962;0,3559632;0,4982347;0,6966844;
b;0;0,0106566;0,08308303;0,06715536;0,01288497;0,1454415;0,2663162;0,1965349;0,1327651;0,1075141;0,2903225;0,2985611;0,1422272;0,007148266;0,1927757;0,4938064;
s;0;0,02439743;0,0172683;0,009900212;0,0138042;0,01327562;0,114105;0,1958001;0,004077673;0,01879025;0,08087802;0,1405506;0,01760626;0,0180254;0,001371384;0,0437789;
s;0;0,00334394;0,04758841;0,02576315;0,02769172;0,03332806;0,2054036;0,2377946;0,1209428;0,1500914;0,09116411;0,1112545;0,2748613;0,303565;0,3130198;0,246933;
s;0;0,0452953;0,02341104;0,0507679;0,05128634;0,06035781;0,2133892;0,2235806;0,1164963;0,1233122;0,09141278;0,03954268;0,2513056;0,250844;0,2600389;0,1411586;
s;0;0,02178931;0,05213666;0,001610756;0,00663805;0,01451707;0,1615388;0,1670582;0,0287776;0,08596802;0,05111194;0,07516623;0,2838082;0,3340378;0,318017;0,2253242;
s;0;0,002882957;0,004184127;0,004123092;0,01539254;0,0364182;0,08735228;0,09495592;0,03687716;0,02595878;0,08106709;0,03622055;0,1266036;0,1222553;0,1322875;0,03782034;
s;0;0,04685885;0,02515811;0,0237;0,07279682;0,07577658;0,2261302;0,2321153;0,1228898;0,1763425;0,1168528;0,1652753;0,3503637;0,376236;0,3832064;0,2890868;
s;0;0,04861128;0,007178962;0,0848496;0,1344875;0,1365073;0,2834797;0,3379555;0,2568824;0,2400699;0,207644;0,2552009;0,4370313;0,4658613;0,4533248;0,4120884;
s;0;0,02158853;0,003469765;0,07835853;0,1335529;0,1403944;0,2876883;0,3698337;0,2574351;0,2392101;0,2282598;0,2761395;0,4587002;0,4808569;0,4655805;0,4467711;
s;0;0,01656064;0,03339046;0,01136577;0,0119195;0,017735;0,1685467;0,1986911;0,08751273;0,1165512;0,0572896;0,05314922;0,1862063;0,2119517;0,2230501;0,1548438;
s;0;0,6159762;0,6866543;0,6288301;0,5977441;0,6189284;0,492049;0,4092875;0,4945407;0,4898362;0,524121;0,5559173;0,3721914;0,3458204;0,3364296;0,4084063;
b;0;0,1716113;0,1507061;0,4282146;0,3998232;0,1191654;0,3143456;0,01128101;0,2306583;
b;0;0,08404583;0,002808273;0,1018389;0,04767048;0,1036184;0,1476734;0,1792488;
b;0;0,08289021;0,003878057;0,123348;0,09575129;0,1729345;0,1698589;0,1511295;
b;0;0,06188071;0,04507679;0,1680877;0,1419386;0,2187722;0,23348;0,1636496;
b;0;0,03356493;0,04467863;0,1164855;0,08656359;0,1389191;0,08019471;0,03787231;
b;0;0,1065254;0,0007448196;0,1000986;0,1015955;0,155782;0,1178412;0,04747057;
b;0;0,05329514;0,03185225;0,07977808;0,08096123;0,1113725;0,05402899;0,008115292;
b;0;0,05560172;0,02882242;0,1334379;0,06497347;0,09619379;0,04636598;0,04755187;
b;0;0,1070551;0,02554893;0,04778802;0,06855524;0,09817004;0,02016735;0,05171347;
b;0;0,08285701;0,02182806;0,1174394;0,1140816;0,1443877;0,01243377;0,01928592;
