
NEW RESULT

[ p ;  jungle4 ; breaker: 1,0 ] --> 0,2 0,5 0,76 1,37 
[ b ;  jungle4 ; breaker: 1,0 ] --> 0,2 0,5929844 0,8221333 1,357157 
[ e ;  jungle4 ; breaker: 1,0 ] --> 0 0,09298438 0,06213331 0,01284313 
Absolute Error Mean: 0,04199021

[ p ;  jungle4 ; breaker: 1,0 ] --> 0,2 0,5 0,76 1,37 
[ b ;  jungle4 ; breaker: 1,0 ] --> 0,2 0,4813817 0,7591916 1,343377 
[ e ;  jungle4 ; breaker: 1,0 ] --> 0 0,01861829 0,0008083582 0,02662349 
Absolute Error Mean: 0,01151253

[ p ;  jungle4 ; breaker: 1,0 ] --> 0,2 0,5 0,76 1,37 
[ s ;  jungle4 ; breaker: 1,0 ] --> 0,2 0,454876 0,735989 1,320042 
[ e ;  jungle4 ; breaker: 1,0 ] --> 0 0,04512399 0,02401096 0,04995835 
Absolute Error Mean: 0,02977332

[ p ;  jungle4 ; breaker: 1,0 ] --> 0,2 0,5 0,76 1,37 
[ s ;  jungle4 ; breaker: 1,0 ] --> 0,2 0,4815336 0,8918334 1,37679 
[ e ;  jungle4 ; breaker: 1,0 ] --> 0 0,01846635 0,1318334 0,00679028 
Absolute Error Mean: 0,03927252

[ p ;  jungle26 ; breaker: 1,0 ] --> 0,2 0,5 0,76 1,37 
[ s ;  jungle26 ; breaker: 1,0 ] --> 0,2 0,4805975 0,7609249 1,348016 1,935391 2,271132 2,576341 2,781816 3,270508 3,556092 3,861521 4,194721 4,478634 4,733014 5,062607 5,243047 5,779964 6,058376 6,442296 6,77332 7,026957 7,331355 7,640366 7,973673 8,279517 8,607925 
[ e ;  jungle26 ; breaker: 1,0 ] --> 0 0,0194025 0,0009249449 0,02198374 
Absolute Error Mean: 0,0105778

[ p ;  jungle26 ; breaker: 1,0 ] --> 0,2 0,5 0,76 1,37 1,93 2,24 2,72 2,93 3,2 3,51 3,78 4,08 4,57 4,9 5,19 5,3 5,92 6,1 6,37 6,76 7,09 7,24 7,7 7,8 8,24 8,5 
[ s ;  jungle26 ; breaker: 1,0 ] --> 0,2 0,4552326 0,7880254 1,350754 1,916669 2,221936 2,55411 2,806693 3,263018 3,519376 3,827463 4,158432 4,443995 4,727127 5,033974 5,211286 5,720453 6,003104 6,361934 6,695486 6,974955 7,282159 7,561861 7,917882 8,221753 8,584019 
[ e ;  jungle26 ; breaker: 1,0 ] --> 0 0,04476741 0,02802539 0,01924574 0,01333082 0,01806402 0,1658897 0,1233068 0,06301808 0,009375572 0,0474627 0,07843208 0,1260052 0,172873 0,1560259 0,0887146 0,1995468 0,09689569 0,008065701 0,06451416 0,1150451 0,04215956 0,1381392 0,1178823 0,01824665 0,08401871 
Absolute Error Mean: 0,07842503

[ p ;  jungle26 ; breaker: 1,0 ] --> 0,2 0,5 0,76 1,37 1,93 2,24 2,72 2,93 3,2 3,51 3,78 4,08 4,57 4,9 5,19 5,3 5,92 6,1 6,37 6,76 7,09 7,24 7,7 7,8 8,24 8,5 
[ s ;  jungle26 ; breaker: 1,0 ] --> 0,2 0,4560919 0,7630199 1,302044 1,935696 2,215964 2,547452 2,6983 3,131161 3,460572 3,763784 4,069571 4,369974 4,648731 4,979855 5,132104 5,691056 6,017816 6,396096 6,727969 7,035554 7,317336 7,646559 7,923569 8,174468 8,482901 
[ e ;  jungle26 ; breaker: 1,0 ] --> 0 0,04390809 0,003019929 0,06795609 0,005696416 0,02403641 0,1725478 0,2317002 0,06883907 0,04942846 0,01621556 0,01042891 0,200026 0,2512689 0,210145 0,1678958 0,2289443 0,08218384 0,02609634 0,03203106 0,05444622 0,07733583 0,05344105 0,1235685 0,06553173 0,01709938 
Absolute Error Mean: 0,08783812

[ p ;  jungle26 ; breaker: 1,0 ] --> 0,2 0,5 0,76 1,37 1,93 2,24 2,72 2,93 3,2 3,51 3,78 4,08 4,57 4,9 5,19 5,3 5,92 6,1 6,37 6,76 7,09 7,24 7,7 7,8 8,24 8,5 
[ s ;  jungle26 ; breaker: 1,0 ] --> 0,2 0,4570276 0,7883803 1,373416 1,933205 2,236911 2,570733 2,721395 3,129528 3,43173 3,786174 4,061121 4,336668 4,616391 4,920933 5,075037 5,579391 5,857106 6,234745 6,537331 6,814528 7,09396 7,374197 7,677902 7,929305 8,180842 8,433108 9,198689 9,505903 10,09746 10,68256 10,98396 11,34066 11,46944 11,9237 12,23189 12,56333 12,87313 13,15144 13,46085 13,81874 13,94645 14,40803 14,74073 15,09725 15,42992 15,73552 16,0151 16,34488 16,64836 16,93265 17,23682 
[ e ;  jungle26 ; breaker: 1,0 ] --> 0 0,04297242 0,02838033 0,003416419 0,003205299 0,003088951 0,1492667 0,2086046 0,07047176 0,07826996 0,006174088 0,01887894 0,2333322 0,2836089 0,2690668 0,2249637 0,3406091 0,2428942 0,1352553 0,2226696 0,2754726 0,1460395 0,3258033 0,122098 0,3106952 0,3191576 
Absolute Error Mean: 0,1563229

[ p ;  jungle26 ; breaker: 1,0 ] --> 0,2 0,5 0,76 1,37 1,93 2,24 2,72 2,93 3,2 3,51 3,78 4,08 4,57 4,9 5,19 5,3 5,92 6,1 6,37 6,76 7,09 7,24 7,7 7,8 8,24 8,5 
[ s ;  jungle26 ; breaker: 1,0 ] --> 0,2 0,5048808 0,8091233 1,319684 1,900225 2,205808 2,557807 2,73665 3,113453 3,464088 3,769106 4,076928 4,409213 4,712004 5,046587 5,224651 5,634811 5,965573 6,318162 6,624674 6,929949 7,234489 7,57095 7,881598 8,240831 8,522551 
[ e ;  jungle26 ; breaker: 1,0 ] --> 0 0,004880786 0,04912335 0,05031562 0,02977479 0,03419232 0,1621928 0,1933498 0,08654737 0,04591179 0,0108943 0,003072262 0,1607871 0,1879964 0,1434126 0,07534885 0,2851887 0,1344266 0,05183792 0,1353264 0,1600513 0,005510807 0,1290503 0,08159733 0,000831604 0,02255058 
Absolute Error Mean: 0,08631429

[ p ;  jungle26 ; breaker: 1,0 ] --> 0,2 0,5 0,76 1,37 1,93 2,24 2,72 2,93 3,2 3,51 3,78 4,08 4,57 4,9 5,19 5,3 5,92 6,1 6,37 6,76 7,09 7,24 7,7 7,8 8,24 8,5 
[ s ;  jungle26 ; breaker: 1,0 ] --> 0,2 0,452355 0,7787884 1,30817 1,834848 2,134779 2,387538 2,616368 2,766662 3,065304 3,444415 3,753471 4,011862 4,317642 4,624447 4,776918 5,184974 5,515275 5,798227 6,130389 6,436954 6,750839 7,080029 7,363368 7,647353 7,90249 
[ e ;  jungle26 ; breaker: 1,0 ] --> 0 0,04764503 0,0187884 0,06183004 0,09515214 0,1052208 0,3324623 0,3136318 0,4333379 0,4446962 0,3355851 0,326529 0,5581379 0,5823579 0,5655527 0,5230823 0,7350259 0,5847254 0,5717731 0,629611 0,6530457 0,489161 0,6199708 0,4366322 0,5926471 0,5975099 
Absolute Error Mean: 0,4097735

[ p ;  jungle26 ; breaker: 1,0 ] --> 0,2 0,5 0,76 1,37 1,93 2,24 2,72 2,93 3,2 3,51 3,78 4,08 4,57 4,9 5,19 5,3 5,92 6,1 6,37 6,76 7,09 7,24 7,7 7,8 8,24 8,5 
[ s ;  jungle26 ; breaker: 1,0 ] --> 0,2 0,4808248 0,8070446 1,339114 1,86515 2,168696 2,475142 2,652761 3,107725 3,436324 3,737472 4,012981 4,317665 4,64906 4,977445 5,128694 5,612618 5,894415 6,328354 6,654421 6,959544 7,269775 7,602362 7,907309 8,212174 8,463704 8,721168 
[ e ;  jungle26 ; breaker: 1,0 ] --> 0 0,01917523 0,04704463 0,03088605 0,06485021 0,07130408 0,2448585 0,2772396 0,09227467 0,07367563 0,04252791 0,06701899 0,2523355 0,2509403 0,2125549 0,1713066 0,3073816 0,205585 0,041646 0,1055794 0,1304564 0,02977562 0,09763813 0,1073084 0,02782536 0,03629589 
Absolute Error Mean: 0,1156725

[ p ;  jungle26 ; breaker: 1,0 ] --> 0,2 0,5 0,76 1,37 1,93 2,24 2,72 2,93 3,2 3,51 3,78 4,08 4,57 4,9 5,19 5,3 5,92 6,1 6,37 6,76 7,09 7,24 7,7 7,8 8,24 8,5 
[ s ;  jungle26 ; breaker: 1,0 ] --> 0,2 0,8372137 1,144016 1,677731 2,236398 2,490846 2,795607 2,997538 3,405058 3,715132 4,019355 4,352098 4,681993 4,985723 5,315193 5,471161 5,953231 6,284131 6,66709 6,924445 7,255641 7,53528 7,864979 8,170875 8,477757 8,75755 
[ e ;  jungle26 ; breaker: 1,0 ] --> 0 0,3372137 0,384016 0,3077306 0,3063985 0,2508464 0,07560658 0,06753778 0,2050583 0,2051318 0,2393548 0,2720981 0,1119924 0,0857234 0,1251931 0,1711612 0,03323078 0,1841311 0,2970905 0,1644449 0,1656404 0,29528 0,1649795 0,3708744 0,2377577 0,2575502 
Absolute Error Mean: 0,2044632

[ p ;  jungle26 ; breaker: 1,0 ] --> 0,2 0,5 0,76 1,37 1,93 2,24 2,72 2,93 3,2 3,51 3,78 4,08 4,57 4,9 5,19 5,3 5,92 6,1 6,37 6,76 7,09 7,24 7,7 7,8 8,24 8,5 
[ s ;  jungle26 ; breaker: 1,0 ] --> 0,2 0,4736411 0,7998444 1,329684 1,8399 2,140351 2,46687 2,646254 3,104258 3,407261 3,713928 3,996674 4,283855 4,564736 4,921946 5,075546 5,510185 5,817041 6,178066 6,507856 6,789316 7,197434 7,481056 7,761031 8,069943 8,349914 
[ e ;  jungle26 ; breaker: 1,0 ] --> 0 0,0263589 0,03984445 0,0403161 0,09009969 0,09964919 0,25313 0,2837462 0,09574246 0,1027393 0,06607223 0,08332634 0,2861452 0,3352642 0,268054 0,2244539 0,4098148 0,2829585 0,1919341 0,2521443 0,300684 0,04256535 0,2189441 0,03896904 0,1700563 0,1500864 
Absolute Error Mean: 0,1674269

[ p ;  jungle26 ; breaker: 1,0 ] --> 0,2 0,5 0,76 1,37 1,93 2,24 2,72 2,93 3,2 3,51 3,78 4,08 4,57 4,9 5,19 5,3 5,92 6,1 6,37 6,76 7,09 7,24 7,7 7,8 8,24 8,5 
[ s ;  jungle26 ; breaker: 1,0 ] --> 0,2 0,4262991 0,7058209 1,268072 1,799096 2,078201 2,408718 2,561091 2,967673 3,271452 3,554613 3,836564 4,116241 4,447046 4,775208 4,952873 5,410367 5,717336 6,076025 6,40101 6,728155 7,009952 7,313826 7,643643 7,899622 8,261932 
[ e ;  jungle26 ; breaker: 1,0 ] --> 0 0,07370088 0,05417907 0,1019275 0,1309044 0,161799 0,3112817 0,3689089 0,2323267 0,2385476 0,2253873 0,2434359 0,4537592 0,4529538 0,4147925 0,347127 0,5096335 0,3826642 0,2939749 0,3589907 0,3618455 0,2300477 0,3861742 0,1563568 0,3403778 0,2380676 
Absolute Error Mean: 0,2718909

[ p ;  jungle8 ; breaker: 1,0 ] --> 0,2 0,5 0,76 1,37 1,93 2,24 2,72 2,93 3,2 3,51 3,78 4,08 4,57 4,9 5,19 5,3 5,92 6,1 6,37 6,76 7,09 7,24 7,7 7,8 8,24 8,5 
[ s ;  jungle8 ; breaker: 1,0 ] --> 0,2 0,5050977 0,8101526 1,342325 1,877799 2,188007 2,518345 2,695922 
[ e ;  jungle8 ; breaker: 1,0 ] --> 0 0,005097747 0,05015266 0,02767503 0,05220056 0,05199289 0,2016547 0,2340784 
Absolute Error Mean: 4,110494

[ p ;  jungle8 ; breaker: 1,0 ] --> 0,2 0,5 0,76 1,37 1,93 2,24 2,72 2,93 
[ s ;  jungle8 ; breaker: 1,0 ] --> 0,2 0,4751032 0,8331868 1,416456 1,952314 2,234332 2,595267 2,748561 
[ e ;  jungle8 ; breaker: 1,0 ] --> 0 0,02489677 0,07318681 0,04645634 0,02231383 0,005668163 0,124733 0,1814389 
Absolute Error Mean: 0,05983673

[ p ;  jungle8 ; breaker: 1,0 ] --> 0,2 0,5 0,76 1,37 1,93 2,24 2,72 2,93 
[ s ;  jungle8 ; breaker: 1,0 ] --> 0,2 0,5013865 0,8286778 1,386185 1,941886 2,244835 2,598656 2,751705 
[ e ;  jungle8 ; breaker: 1,0 ] --> 0 0,001386523 0,06867784 0,01618457 0,01188588 0,004834652 0,1213441 0,1782954 
Absolute Error Mean: 0,05032612

[ p ;  jungle8 ; breaker: 1,0 ] --> 0,2 0,5 0,76 1,37 1,93 2,24 2,72 2,93 
[ s ;  jungle8 ; breaker: 1,0 ] --> 0,2 0,5046887 0,7849371 1,315182 1,853074 2,159418 2,441375 2,598541 
[ e ;  jungle8 ; breaker: 1,0 ] --> 0 0,00468868 0,02493715 0,05481791 0,07692564 0,0805819 0,2786255 0,3314586 
Absolute Error Mean: 0,1065044

[ p ;  jungle8 ; breaker: 1,0 ] --> 0,2 0,5 0,76 1,37 1,93 2,24 2,72 2,93 
[ s ;  jungle8 ; breaker: 1,0 ] --> 0,2 0,4816664 0,8141927 1,404849 1,96302 2,267278 2,600486 2,779387 
[ e ;  jungle8 ; breaker: 1,0 ] --> 0 0,01833361 0,05419272 0,03484941 0,0330199 0,02727795 0,1195138 0,1506126 
Absolute Error Mean: 0,05472499

[ p ;  jungle8 ; breaker: 1,0 ] --> 0,2 0,5 0,76 1,37 1,93 2,24 2,72 2,93 
[ s ;  jungle8 ; breaker: 1,0 ] --> 0,2 0,5056712 0,8338864 1,416511 2,000265 2,281786 2,56063 2,737225 
[ e ;  jungle8 ; breaker: 1,0 ] --> 0 0,005671203 0,07388639 0,04651058 0,0702647 0,04178643 0,1593704 0,1927752 
Absolute Error Mean: 0,07378312

[ p ;  jungle8 ; breaker: 1,0 ] --> 0,2 0,5 0,76 1,37 1,93 2,24 2,72 2,93 
[ s ;  jungle8 ; breaker: 1,0 ] --> 0,2 0,5026872 0,7782038 1,356152 1,91276 2,165464 2,492584 2,643691 
[ e ;  jungle8 ; breaker: 1,0 ] --> 0 0,002687156 0,01820385 0,01384842 0,01723993 0,07453585 0,2274158 0,2863088 
Absolute Error Mean: 0,08002997

[ p ;  jungle8 ; breaker: 1,0 ] --> 0,2 0,5 0,76 1,37 1,93 2,24 2,72 2,93 
[ s ;  jungle8 ; breaker: 1,0 ] --> 0,2 0,456214 0,7890381 1,403455 1,938557 2,218204 2,522703 2,704589 
[ e ;  jungle8 ; breaker: 1,0 ] --> 0 0,04378596 0,02903813 0,03345454 0,00855732 0,02179575 0,1972971 0,2254109 
Absolute Error Mean: 0,06991747

[ p ;  jungle8 ; breaker: 1,0 ] --> 0,2 0,5 0,76 1,37 1,93 2,24 2,72 2,93 
[ s ;  jungle8 ; breaker: 1,0 ] --> 0,2 0,5098875 0,7869599 1,351804 1,916445 2,246549 2,575387 2,752279 
[ e ;  jungle8 ; breaker: 1,0 ] --> 0 0,009887457 0,02695996 0,01819634 0,01355445 0,006548882 0,1446126 0,1777208 
Absolute Error Mean: 0,04968505

[ p ;  jungle8 ; breaker: 1,0 ] --> 0,2 0,5 0,76 1,37 1,93 2,24 2,72 2,93 
[ s ;  jungle8 ; breaker: 1,0 ] --> 0,2 0,478375 0,7855542 1,293748 1,877041 2,183486 2,467278 2,669587 
[ e ;  jungle8 ; breaker: 1,0 ] --> 0 0,02162498 0,02555418 0,07625186 0,0529592 0,05651379 0,2527218 0,2604134 
Absolute Error Mean: 0,0932549

[ p ;  jungle26 ; breaker: 1,0 ] --> 0,2 0,5 0,76 1,37 1,93 2,24 2,72 2,93 
[ b ;  jungle26 ; breaker: 1,0 ] --> 0,2 0,5858969 0,8167134 1,254953 1,792373 2,226602 2,458363 2,664364 2,996639 3,255425 3,585851 4,126939 4,486641 4,742961 5,288393 5,826096 6,108281 6,438407 6,74861 7,032341 7,340049 7,808039 8,319613 8,523266 9,01545 9,734224 11,6066 
[ e ;  jungle26 ; breaker: 1,0 ] --> 0 0,08589691 0,0567134 0,1150471 0,1376265 0,01339817 0,2616367 0,2656364 
Absolute Error Mean: 0,1169944

[ p ;  jungle26 ; breaker: 1,0 ] --> 0,2 0,5 0,76 1,37 1,93 2,24 2,72 2,93 3,2 3,51 3,78 4,08 4,57 4,9 5,19 5,3 5,92 6,1 6,37 6,76 7,09 7,24 7,7 7,8 8,24 8,5 
[ b ;  jungle26 ; breaker: 1,0 ] --> 0,2 0,5837799 0,7914933 1,226334 1,81899 2,283164 2,74532 2,951436 3,182363 3,492819 3,772887 4,03149 4,520211 5,008063 5,214533 5,62645 6,117513 6,716143 6,951685 7,103857 7,513795 8,001036 8,411461 8,667835 8,918972 9,303156 10,24769 10,40102 
[ e ;  jungle26 ; breaker: 1,0 ] --> 0 0,08377993 0,03149331 0,143666 0,1110103 0,04316354 0,02532005 0,02143621 0,01763701 0,01718116 0,007113218 0,0485096 0,04978943 0,1080627 0,02453327 0,3264499 0,1975131 0,6161432 0,5816851 0,3438568 0,4237947 0,7610359 0,7114611 0,867835 0,6789722 0,8031559 
Absolute Error Mean: 0,2709461

[ p ;  jungle26 ; breaker: 1,0 ] --> 0,2 0,5 0,76 1,37 1,93 2,24 2,72 2,93 3,2 3,51 3,78 4,08 4,57 4,9 5,19 5,3 5,92 6,1 6,37 6,76 7,09 7,24 7,7 7,8 8,24 8,5 
[ b ;  jungle26 ; breaker: 1,0 ] --> 0,2 0,5573112 0,7623335 1,255564 1,821137 2,261026 2,442072 2,619258 2,851822 3,131576 3,38921 3,955729 4,519004 5,009788 5,140945 5,271376 5,631475 6,24515 6,830666 7,314618 7,618305 7,899503 8,179055 8,508114 8,793309 9,125172 
[ e ;  jungle26 ; breaker: 1,0 ] --> 0 0,05731124 0,002333462 0,1144359 0,1088628 0,0210259 0,2779279 0,3107424 0,3481779 0,3784237 0,3907905 0,1242704 0,05099583 0,1097875 0,04905462 0,02862406 0,2885246 0,1451502 0,4606657 0,5546179 0,5283051 0,659503 0,4790554 0,7081137 0,5533094 0,6251717 
Absolute Error Mean: 0,2836608

[ p ;  jungle26 ; breaker: 1,0 ] --> 0,2 0,5 0,76 1,37 1,93 2,24 2,72 2,93 3,2 3,51 3,78 4,08 4,57 4,9 5,19 5,3 5,92 6,1 6,37 6,76 7,09 7,24 7,7 7,8 8,24 8,5 
[ b ;  jungle26 ; breaker: 1,0 ] --> 0,2 0,6157579 0,7977557 1,284351 1,539886 1,849445 2,310412 2,544538 2,775919 3,058744 3,366284 3,679144 4,239096 4,782056 4,984419 5,490646 6,104667 6,45861 6,715739 6,995284 7,178165 7,412334 7,824894 8,423191 8,629514 9,118197 10,54703 
[ e ;  jungle26 ; breaker: 1,0 ] --> 0 0,1157579 0,03775567 0,08564866 0,3901136 0,3905554 0,4095876 0,3854616 0,4240806 0,4512558 0,4137158 0,4008555 0,330904 0,1179442 0,2055812 0,1906462 0,1846671 0,3586102 0,3457389 0,2352839 0,08816481 0,1723347 0,1248941 0,6231909 0,389514 0,6181974 
Absolute Error Mean: 0,2880946

[ p ;  jungle26 ; breaker: 1,0 ] --> 0,2 0,5 0,76 1,37 1,93 2,24 2,72 2,93 3,2 3,51 3,78 4,08 4,57 4,9 5,19 5,3 5,92 6,1 6,37 6,76 7,09 7,24 7,7 7,8 8,24 8,5 
[ b ;  jungle26 ; breaker: 1,0 ] --> 0,2 0,5640123 0,7722178 1,239148 1,780222 2,191565 2,397391 2,577294 2,810455 3,092418 3,429057 3,967682 4,097884 4,61197 4,766929 5,237404 5,855515 6,1909 6,448968 6,758374 7,067537 7,351503 7,634452 8,071713 8,308548 8,617915 10,08333 
[ e ;  jungle26 ; breaker: 1,0 ] --> 0 0,06401229 0,01221776 0,130852 0,1497781 0,04843473 0,3226092 0,3527057 0,3895452 0,4175823 0,3509433 0,1123183 0,472116 0,2880297 0,4230714 0,06259584 0,06448507 0,09089994 0,07896852 0,001626015 0,02246332 0,1115031 0,06554794 0,2717133 0,0685482 0,1179152 
Absolute Error Mean: 0,1727109

[ p ;  jungle26 ; breaker: 1,0 ] --> 0,2 0,5 0,76 1,37 1,93 2,24 2,72 2,93 3,2 3,51 3,78 4,08 4,57 4,9 5,19 5,3 5,92 6,1 6,37 6,76 7,09 7,24 7,7 7,8 8,24 8,5 
[ b ;  jungle26 ; breaker: 1,0 ] --> 0,2 0,4827071 0,7652029 1,353421 1,946108 2,283743 2,517012 2,721629 2,978595 3,262927 3,595755 4,265821 4,756735 4,911416 5,039035 5,628269 6,161418 6,626682 6,806798 7,037775 7,425539 7,712564 8,02081 8,330761 8,665668 9,255361 9,952826 10,08213 
[ e ;  jungle26 ; breaker: 1,0 ] --> 0 0,01729286 0,005202949 0,01657903 0,01610756 0,04374313 0,2029881 0,2083714 0,221405 0,2470729 0,1842449 0,1858211 0,1867352 0,01141596 0,1509647 0,3282685 0,2414179 0,5266819 0,4367986 0,2777743 0,3355393 0,4725642 0,3208103 0,5307608 0,4256678 0,7553606 
Absolute Error Mean: 0,244215

[ p ;  jungle26 ; breaker: 1,0 ] --> 0,2 0,5 0,76 1,37 1,93 2,24 2,72 2,93 3,2 3,51 3,78 4,08 4,57 4,9 5,19 5,3 5,92 6,1 6,37 6,76 7,09 7,24 7,7 7,8 8,24 8,5 
[ b ;  jungle26 ; breaker: 1,0 ] --> 0,2 0,4796557 0,7827827 1,320942 1,918319 2,248594 2,551547 2,85673 3,166014 3,625915 3,803262 4,05305 4,378319 4,94071 5,252707 5,558332 5,843536 6,179148 6,812737 7,343714 7,520895 7,625086 7,878222 8,237816 8,54656 8,878901 9,161831 9,263494 
[ e ;  jungle26 ; breaker: 1,0 ] --> 0 0,02034435 0,02278268 0,0490576 0,0116812 0,008594275 0,1684535 0,07327056 0,03398609 0,1159153 0,02326202 0,02694988 0,1916814 0,04070997 0,06270742 0,2583318 0,07646418 0,07914829 0,4427371 0,583714 0,4308949 0,3850865 0,1782222 0,4378157 0,3065605 0,3789015 
Absolute Error Mean: 0,1695105

[ p ;  jungle26 ; breaker: 1,0 ] --> 0,2 0,5 0,76 1,37 1,93 2,24 2,72 2,93 3,2 3,51 3,78 4,08 4,57 4,9 5,19 5,3 5,92 6,1 6,37 6,76 7,09 7,24 7,7 7,8 8,24 8,5 
[ b ;  jungle26 ; breaker: 1,0 ] --> 0,2 0,5098399 0,8224984 1,36606 1,883781 2,064947 2,349497 2,658528 2,943417 3,252916 3,817481 4,15575 4,441011 4,774178 5,157024 5,854139 6,086716 6,395315 6,700249 7,083723 7,344465 7,732128 7,988692 8,344719 8,650585 8,978822 9,593769 
[ e ;  jungle26 ; breaker: 1,0 ] --> 0 0,009839892 0,06249839 0,003940463 0,04621875 0,1750531 0,3705034 0,2714725 0,256583 0,2570837 0,03748131 0,07574987 0,1289887 0,1258225 0,03297567 0,5541387 0,1667161 0,2953153 0,3302488 0,3237224 0,2544651 0,4921279 0,288692 0,5447187 0,4105854 0,4788218 
Absolute Error Mean: 0,2305294

[ p ;  jungle26 ; breaker: 1,0 ] --> 0,2 0,5 0,76 1,37 1,93 2,24 2,72 2,93 3,2 3,51 3,78 4,08 4,57 4,9 5,19 5,3 5,92 6,1 6,37 6,76 7,09 7,24 7,7 7,8 8,24 8,5 
[ b ;  jungle26 ; breaker: 1,0 ] --> 0,2 0,4870702 0,7739411 1,44501 2,077096 2,610785 2,787447 3,068351 3,401183 3,708252 4,040049 4,732805 5,016543 5,321538 5,98488 6,210118 6,842332 7,448319 7,732075 8,062278 8,345888 8,652585 8,960406 9,267761 9,904799 10,18579 10,87791 
[ e ;  jungle26 ; breaker: 1,0 ] --> 0 0,01292977 0,01394111 0,07501042 0,1470956 0,370785 0,06744671 0,138351 0,2011828 0,1982517 0,2600486 0,6528053 0,4465432 0,4215384 0,7948804 0,9101181 0,9223323 1,34832 1,362075 1,302278 1,255888 1,412585 1,260406 1,467761 1,6648 1,685789 
Absolute Error Mean: 0,7074293

[ p ;  jungle26 ; breaker: 1,0 ] --> 0,2 0,5 0,76 1,37 1,93 2,24 2,72 2,93 3,2 3,51 3,78 4,08 4,57 4,9 5,19 5,3 5,92 6,1 6,37 6,76 7,09 7,24 7,7 7,8 8,24 8,5 
[ b ;  jungle26 ; breaker: 1,0 ] --> 0,2 0,5573354 9,307524 9,643695 9,949691 10,56184 11,09908 11,25476 11,56358 11,89727 12,20481 12,51379 13,15308 13,48617 13,7703 14,07831 14,36382 14,70157 15,40084 15,63084 15,94009 16,24679 16,53086 16,81236 17,16683 17,44439 18,06344 
[ e ;  jungle26 ; breaker: 1,0 ] --> 0 0,05733544 8,547523 8,273695 8,019691 8,321839 8,379081 8,324763 8,36358 8,387273 8,424812 8,433794 8,583078 8,586172 8,580303 8,778306 8,443822 8,601568 9,030843 8,870838 8,850094 9,006792 8,830863 9,012357 8,926826 8,944389 
Absolute Error Mean: 7,945371

[ p ;  jungle16 ; breaker: 1,0 ] --> 0,2 0,5 0,76 1,37 1,93 2,24 2,72 2,93 3,2 3,51 3,78 4,08 4,57 4,9 5,19 5,3 5,92 6,1 6,37 6,76 7,09 7,24 7,7 7,8 8,24 8,5 
[ b ;  jungle16 ; breaker: 1,0 ] --> 0,2 0,5068075 0,8425086 1,430397 1,942707 2,126429 2,401054 2,729541 3,005905 3,334937 3,946081 4,579515 4,85886 5,165674 5,469868 5,780146 
[ e ;  jungle16 ; breaker: 1,0 ] --> 0 0,006807506 0,08250856 0,06039679 0,01270711 0,1135714 0,3189459 0,200459 0,1940954 0,1750634 0,1660812 0,4995146 0,2888603 0,2656736 0,2798676 0,4801455 
Absolute Error Mean: 2,879411

[ p ;  jungle16 ; breaker: 1,0 ] --> 0,2 0,5 0,76 1,37 1,93 2,24 2,72 2,93 3,2 3,51 3,78 4,08 4,57 4,9 5,19 5,3 
[ b ;  jungle16 ; breaker: 1,0 ] --> 0,2 0,4825549 0,8130391 1,398189 1,916689 2,070058 2,375638 2,679164 3,006675 3,338478 3,894761 4,565991 5,05156 5,204035 5,459858 5,816254 6,430891 
[ e ;  jungle16 ; breaker: 1,0 ] --> 0 0,01744506 0,05303913 0,02818942 0,01331055 0,1699417 0,3443618 0,2508361 0,1933253 0,1715224 0,1147614 0,4859915 0,4815598 0,3040352 0,2698584 0,5162539 
Absolute Error Mean: 0,213402

[ p ;  jungle16 ; breaker: 1,0 ] --> 0,2 0,5 0,76 1,37 1,93 2,24 2,72 2,93 3,2 3,51 3,78 4,08 4,57 4,9 5,19 5,3 
[ b ;  jungle16 ; breaker: 1,0 ] --> 0,2 0,4810516 0,7868013 1,382488 1,974429 2,288303 2,595262 2,904127 3,191427 3,8155 4,431721 4,919517 5,049406 5,357855 5,665453 6,306717 6,970112 
[ e ;  jungle16 ; breaker: 1,0 ] --> 0 0,01894838 0,02680135 0,01248789 0,04442942 0,04830265 0,1247382 0,02587318 0,008572578 0,3054998 0,6517208 0,8395171 0,4794054 0,4578552 0,4754534 1,006717 
Absolute Error Mean: 0,2828951

[ p ;  jungle16 ; breaker: 1,0 ] --> 0,2 0,5 0,76 1,37 1,93 2,24 2,72 2,93 3,2 3,51 3,78 4,08 4,57 4,9 5,19 5,3 
[ b ;  jungle16 ; breaker: 1,0 ] --> 0,2 0,507079 0,8176767 1,378592 1,891689 2,046477 2,353794 2,660599 2,993993 3,300016 3,94205 4,608092 4,91534 5,223254 5,527098 5,861762 
[ e ;  jungle16 ; breaker: 1,0 ] --> 0 0,007079005 0,05767667 0,008592129 0,038311 0,1935229 0,3662062 0,2694013 0,2060068 0,2099836 0,1620498 0,5280924 0,3453403 0,3232536 0,3370976 0,5617614 
Absolute Error Mean: 0,2258984

[ p ;  jungle16 ; breaker: 1,0 ] --> 0,2 0,5 0,76 1,37 1,93 2,24 2,72 2,93 3,2 3,51 3,78 4,08 4,57 4,9 5,19 5,3 
[ b ;  jungle16 ; breaker: 1,0 ] --> 0,2 0,5388347 0,847071 1,435314 1,972624 2,12845 2,442207 2,723324 3,003505 3,308188 3,924329 4,5936 4,902895 5,162132 5,444017 5,727217 6,396268 
[ e ;  jungle16 ; breaker: 1,0 ] --> 0 0,03883469 0,087071 0,06531358 0,04262388 0,1115503 0,2777932 0,2066762 0,1964953 0,2018123 0,1443291 0,5135999 0,3328953 0,2621322 0,2540169 0,427217 
Absolute Error Mean: 0,1976475

[ p ;  jungle16 ; breaker: 1,0 ] --> 0,2 0,5 0,76 1,37 1,93 2,24 2,72 2,93 3,2 3,51 3,78 4,08 4,57 4,9 5,19 5,3 
[ b ;  jungle16 ; breaker: 1,0 ] --> 0,2 0,484672 0,7940986 1,408224 2,042785 2,42851 2,71386 2,969231 3,276658 3,583749 3,920739 4,50557 4,78464 5,140637 5,314815 5,771244 6,966809 
[ e ;  jungle16 ; breaker: 1,0 ] --> 0 0,01532805 0,03409857 0,03822374 0,1127847 0,1885097 0,006140232 0,0392313 0,07665825 0,07374883 0,1407392 0,42557 0,2146397 0,2406373 0,1248145 0,4712434 
Absolute Error Mean: 0,137648

[ p ;  jungle16 ; breaker: 1,0 ] --> 0,2 0,5 0,76 1,37 1,93 2,24 2,72 2,93 3,2 3,51 3,78 4,08 4,57 4,9 5,19 5,3 
[ b ;  jungle16 ; breaker: 1,0 ] --> 0,2 0,5093806 0,7649517 1,356234 1,950575 2,437399 2,591513 2,873764 3,153288 3,461485 3,766593 4,364985 4,849756 5,004731 5,570632 6,186894 7,622728 
[ e ;  jungle16 ; breaker: 1,0 ] --> 0 0,009380639 0,004951715 0,01376617 0,02057517 0,1973991 0,1284871 0,05623651 0,04671192 0,0485146 0,01340747 0,2849851 0,2797561 0,1047306 0,3806314 0,8868942 
Absolute Error Mean: 0,1547767

[ p ;  jungle16 ; breaker: 1,0 ] --> 0,2 0,5 0,76 1,37 1,93 2,24 2,72 2,93 3,2 3,51 3,78 4,08 4,57 4,9 5,19 5,3 
[ b ;  jungle16 ; breaker: 1,0 ] --> 0,2 0,4841203 0,8151326 1,455698 2,094645 2,605544 2,809618 3,018049 3,353798 3,613913 3,967707 4,610271 5,224314 5,531513 5,865182 6,01986 
[ e ;  jungle16 ; breaker: 1,0 ] --> 0 0,01587969 0,05513263 0,08569753 0,1646448 0,3655436 0,08961821 0,08804941 0,1537981 0,1039126 0,1877069 0,5302715 0,6543136 0,6315126 0,6751819 0,7198601 
Absolute Error Mean: 0,2825702

[ p ;  jungle16 ; breaker: 1,0 ] --> 0,2 0,5 0,76 1,37 1,93 2,24 2,72 2,93 3,2 3,51 3,78 4,08 4,57 4,9 5,19 5,3 
[ b ;  jungle16 ; breaker: 1,0 ] --> 0,2 0,4541432 0,784812 1,417616 1,982613 2,570926 2,723182 3,026764 3,330318 3,609614 3,969514 4,56157 5,127596 5,255963 5,688235 5,996685 6,737575 
[ e ;  jungle16 ; breaker: 1,0 ] --> 0 0,04585677 0,02481198 0,047616 0,05261314 0,3309259 0,003182173 0,09676409 0,1303179 0,0996139 0,1895137 0,4815702 0,5575962 0,3559632 0,4982347 0,6966844 
Absolute Error Mean: 0,225704

[ p ;  jungle16 ; breaker: 1,0 ] --> 0,2 0,5 0,76 1,37 1,93 2,24 2,72 2,93 3,2 3,51 3,78 4,08 4,57 4,9 5,19 5,3 
[ b ;  jungle16 ; breaker: 1,0 ] --> 0,2 0,5106566 0,843083 1,437155 1,942885 2,094558 2,453684 2,733465 3,067235 3,402486 4,070323 4,378561 4,712227 4,892852 5,382776 5,793807 6,536351 
[ e ;  jungle16 ; breaker: 1,0 ] --> 0 0,0106566 0,08308303 0,06715536 0,01288497 0,1454415 0,2663162 0,1965349 0,1327651 0,1075141 0,2903225 0,2985611 0,1422272 0,007148266 0,1927757 0,4938064 
Absolute Error Mean: 0,1529496

[ p ;  jungle16 ; breaker: 1,0 ] --> 0,2 0,5 0,76 1,37 1,93 2,24 2,72 2,93 3,2 3,51 3,78 4,08 4,57 4,9 5,19 5,3 
[ s ;  jungle16 ; breaker: 1,0 ] --> 0,2 0,4756026 0,7772683 1,3601 1,943804 2,226724 2,605895 2,7342 3,195922 3,52879 3,860878 4,220551 4,552394 4,881975 5,191371 5,343779 
[ e ;  jungle16 ; breaker: 1,0 ] --> 0 0,02439743 0,0172683 0,009900212 0,0138042 0,01327562 0,114105 0,1958001 0,004077673 0,01879025 0,08087802 0,1405506 0,01760626 0,0180254 0,001371384 0,0437789 
Absolute Error Mean: 0,04460183

[ p ;  jungle16 ; breaker: 1,0 ] --> 0,2 0,5 0,76 1,37 1,93 2,24 2,72 2,93 3,2 3,51 3,78 4,08 4,57 4,9 5,19 5,3 
[ s ;  jungle16 ; breaker: 1,0 ] --> 0,2 0,5033439 0,8075884 1,344237 1,902308 2,206672 2,514596 2,692205 3,079057 3,359909 3,688836 3,968745 4,295139 4,596435 4,87698 5,053067 
[ e ;  jungle16 ; breaker: 1,0 ] --> 0 0,00334394 0,04758841 0,02576315 0,02769172 0,03332806 0,2054036 0,2377946 0,1209428 0,1500914 0,09116411 0,1112545 0,2748613 0,303565 0,3130198 0,246933 
Absolute Error Mean: 0,1370466

[ p ;  jungle16 ; breaker: 1,0 ] --> 0,2 0,5 0,76 1,37 1,93 2,24 2,72 2,93 3,2 3,51 3,78 4,08 4,57 4,9 5,19 5,3 
[ s ;  jungle16 ; breaker: 1,0 ] --> 0,2 0,4547047 0,783411 1,319232 1,878714 2,179642 2,506611 2,706419 3,083504 3,386688 3,688587 4,040457 4,318695 4,649156 4,929961 5,158842 
[ e ;  jungle16 ; breaker: 1,0 ] --> 0 0,0452953 0,02341104 0,0507679 0,05128634 0,06035781 0,2133892 0,2235806 0,1164963 0,1233122 0,09141278 0,03954268 0,2513056 0,250844 0,2600389 0,1411586 
Absolute Error Mean: 0,1213875

[ p ;  jungle16 ; breaker: 1,0 ] --> 0,2 0,5 0,76 1,37 1,93 2,24 2,72 2,93 3,2 3,51 3,78 4,08 4,57 4,9 5,19 5,3 
[ s ;  jungle16 ; breaker: 1,0 ] --> 0,2 0,4782107 0,8121367 1,368389 1,923362 2,254517 2,558461 2,762942 3,171222 3,424032 3,728888 4,004834 4,286192 4,565962 4,871983 5,074676 
[ e ;  jungle16 ; breaker: 1,0 ] --> 0 0,02178931 0,05213666 0,001610756 0,00663805 0,01451707 0,1615388 0,1670582 0,0287776 0,08596802 0,05111194 0,07516623 0,2838082 0,3340378 0,318017 0,2253242 
Absolute Error Mean: 0,1142187

[ p ;  jungle16 ; breaker: 1,0 ] --> 0,2 0,5 0,76 1,37 1,93 2,24 2,72 2,93 3,2 3,51 3,78 4,08 4,57 4,9 5,19 5,3 
[ s ;  jungle16 ; breaker: 1,0 ] --> 0,2 0,502883 0,7558159 1,365877 1,945392 2,276418 2,632648 2,835044 3,236877 3,535959 3,861067 4,11622 4,443397 4,777745 5,057713 5,26218 
[ e ;  jungle16 ; breaker: 1,0 ] --> 0 0,002882957 0,004184127 0,004123092 0,01539254 0,0364182 0,08735228 0,09495592 0,03687716 0,02595878 0,08106709 0,03622055 0,1266036 0,1222553 0,1322875 0,03782034 
Absolute Error Mean: 0,05277497

[ p ;  jungle16 ; breaker: 1,0 ] --> 0,2 0,5 0,76 1,37 1,93 2,24 2,72 2,93 3,2 3,51 3,78 4,08 4,57 4,9 5,19 5,3 
[ s ;  jungle16 ; breaker: 1,0 ] --> 0,2 0,4531412 0,7851581 1,3463 1,857203 2,164223 2,49387 2,697885 3,07711 3,333658 3,663147 3,914725 4,219636 4,523764 4,806794 5,010913 
[ e ;  jungle16 ; breaker: 1,0 ] --> 0 0,04685885 0,02515811 0,0237 0,07279682 0,07577658 0,2261302 0,2321153 0,1228898 0,1763425 0,1168528 0,1652753 0,3503637 0,376236 0,3832064 0,2890868 
Absolute Error Mean: 0,1676743

[ p ;  jungle16 ; breaker: 1,0 ] --> 0,2 0,5 0,76 1,37 1,93 2,24 2,72 2,93 3,2 3,51 3,78 4,08 4,57 4,9 5,19 5,3 
[ s ;  jungle16 ; breaker: 1,0 ] --> 0,2 0,4513887 0,752821 1,28515 1,795512 2,103493 2,43652 2,592045 2,943118 3,26993 3,572356 3,824799 4,132969 4,434139 4,736675 4,887912 
[ e ;  jungle16 ; breaker: 1,0 ] --> 0 0,04861128 0,007178962 0,0848496 0,1344875 0,1365073 0,2834797 0,3379555 0,2568824 0,2400699 0,207644 0,2552009 0,4370313 0,4658613 0,4533248 0,4120884 
Absolute Error Mean: 0,2350733

[ p ;  jungle16 ; breaker: 1,0 ] --> 0,2 0,5 0,76 1,37 1,93 2,24 2,72 2,93 3,2 3,51 3,78 4,08 4,57 4,9 5,19 5,3 
[ s ;  jungle16 ; breaker: 1,0 ] --> 0,2 0,4784115 0,7565302 1,291641 1,796447 2,099606 2,432312 2,560166 2,942565 3,27079 3,55174 3,80386 4,1113 4,419143 4,72442 4,853229 
[ e ;  jungle16 ; breaker: 1,0 ] --> 0 0,02158853 0,003469765 0,07835853 0,1335529 0,1403944 0,2876883 0,3698337 0,2574351 0,2392101 0,2282598 0,2761395 0,4587002 0,4808569 0,4655805 0,4467711 
Absolute Error Mean: 0,24299

[ p ;  jungle16 ; breaker: 1,0 ] --> 0,2 0,5 0,76 1,37 1,93 2,24 2,72 2,93 3,2 3,51 3,78 4,08 4,57 4,9 5,19 5,3 
[ s ;  jungle16 ; breaker: 1,0 ] --> 0,2 0,4834394 0,7933905 1,358634 1,91808 2,222265 2,551453 2,731309 3,112487 3,393449 3,72271 4,026851 4,383794 4,688048 4,96695 5,145156 
[ e ;  jungle16 ; breaker: 1,0 ] --> 0 0,01656064 0,03339046 0,01136577 0,0119195 0,017735 0,1685467 0,1986911 0,08751273 0,1165512 0,0572896 0,05314922 0,1862063 0,2119517 0,2230501 0,1548438 
Absolute Error Mean: 0,09679774

[ p ;  jungle16 ; breaker: 1,0 ] --> 0,2 0,5 0,76 1,37 1,93 2,24 2,72 2,93 3,2 3,51 3,78 4,08 4,57 4,9 5,19 5,3 
[ s ;  jungle16 ; breaker: 1,0 ] --> 0,2 1,115976 1,446654 1,99883 2,527744 2,858928 3,212049 3,339288 3,694541 3,999836 4,304121 4,635917 4,942192 5,245821 5,52643 5,708406 
[ e ;  jungle16 ; breaker: 1,0 ] --> 0 0,6159762 0,6866543 0,6288301 0,5977441 0,6189284 0,492049 0,4092875 0,4945407 0,4898362 0,524121 0,5559173 0,3721914 0,3458204 0,3364296 0,4084063 
Absolute Error Mean: 0,4735458

[ p ;  jungle8 ; breaker: 1,0 ] --> 0,2 0,5 0,76 1,37 1,93 2,24 2,72 2,93 3,2 3,51 3,78 4,08 4,57 4,9 5,19 5,3 
[ b ;  jungle8 ; breaker: 1,0 ] --> 0,2 0,3283887 0,6092939 0,9417854 1,530177 2,120835 2,405654 2,918719 3,430658 
[ e ;  jungle8 ; breaker: 1,0 ] --> 0 0,1716113 0,1507061 0,4282146 0,3998232 0,1191654 0,3143456 0,01128101 0,2306583 
Absolute Error Mean: 2,072238

[ p ;  jungle8 ; breaker: 1,0 ] --> 0,2 0,5 0,76 1,37 1,93 2,24 2,72 2,93 
[ b ;  jungle8 ; breaker: 1,0 ] --> 0,2 0,5840458 0,7628083 1,268161 1,882329 2,136382 2,572327 2,750751 
[ e ;  jungle8 ; breaker: 1,0 ] --> 0 0,08404583 0,002808273 0,1018389 0,04767048 0,1036184 0,1476734 0,1792488 
Absolute Error Mean: 0,08336301

[ p ;  jungle8 ; breaker: 1,0 ] --> 0,2 0,5 0,76 1,37 1,93 2,24 2,72 2,93 
[ b ;  jungle8 ; breaker: 1,0 ] --> 0,2 0,5828902 0,763878 1,246652 1,834249 2,067065 2,550141 2,778871 
[ e ;  jungle8 ; breaker: 1,0 ] --> 0 0,08289021 0,003878057 0,123348 0,09575129 0,1729345 0,1698589 0,1511295 
Absolute Error Mean: 0,09997381

[ p ;  jungle8 ; breaker: 1,0 ] --> 0,2 0,5 0,76 1,37 1,93 2,24 2,72 2,93 
[ b ;  jungle8 ; breaker: 1,0 ] --> 0,2 0,5618807 0,7149232 1,201912 1,788061 2,021228 2,48652 2,766351 
[ e ;  jungle8 ; breaker: 1,0 ] --> 0 0,06188071 0,04507679 0,1680877 0,1419386 0,2187722 0,23348 0,1636496 
Absolute Error Mean: 0,1291107

[ p ;  jungle8 ; breaker: 1,0 ] --> 0,2 0,5 0,76 1,37 1,93 2,24 2,72 2,93 
[ b ;  jungle8 ; breaker: 1,0 ] --> 0,2 0,5335649 0,7153214 1,253515 1,843436 2,101081 2,639805 2,967872 
[ e ;  jungle8 ; breaker: 1,0 ] --> 0 0,03356493 0,04467863 0,1164855 0,08656359 0,1389191 0,08019471 0,03787231 
Absolute Error Mean: 0,06728484

[ p ;  jungle8 ; breaker: 1,0 ] --> 0,2 0,5 0,76 1,37 1,93 2,24 2,72 2,93 
[ b ;  jungle8 ; breaker: 1,0 ] --> 0,2 0,6065254 0,7592552 1,269901 1,828404 2,084218 2,602159 2,882529 
[ e ;  jungle8 ; breaker: 1,0 ] --> 0 0,1065254 0,0007448196 0,1000986 0,1015955 0,155782 0,1178412 0,04747057 
Absolute Error Mean: 0,07875727

[ p ;  jungle8 ; breaker: 1,0 ] --> 0,2 0,5 0,76 1,37 1,93 2,24 2,72 2,93 
[ b ;  jungle8 ; breaker: 1,0 ] --> 0,2 0,5532951 0,7281477 1,290222 1,849039 2,128628 2,665971 2,921885 
[ e ;  jungle8 ; breaker: 1,0 ] --> 0 0,05329514 0,03185225 0,07977808 0,08096123 0,1113725 0,05402899 0,008115292 
Absolute Error Mean: 0,05242543

[ p ;  jungle8 ; breaker: 1,0 ] --> 0,2 0,5 0,76 1,37 1,93 2,24 2,72 2,93 
[ b ;  jungle8 ; breaker: 1,0 ] --> 0,2 0,5556017 0,7311776 1,236562 1,865026 2,143806 2,673634 2,977552 
[ e ;  jungle8 ; breaker: 1,0 ] --> 0 0,05560172 0,02882242 0,1334379 0,06497347 0,09619379 0,04636598 0,04755187 
Absolute Error Mean: 0,05911839

[ p ;  jungle8 ; breaker: 1,0 ] --> 0,2 0,5 0,76 1,37 1,93 2,24 2,72 2,93 
[ b ;  jungle8 ; breaker: 1,0 ] --> 0,2 0,6070551 0,7855489 1,322212 1,861445 2,14183 2,699833 2,981714 
[ e ;  jungle8 ; breaker: 1,0 ] --> 0 0,1070551 0,02554893 0,04778802 0,06855524 0,09817004 0,02016735 0,05171347 
Absolute Error Mean: 0,05237477

[ p ;  jungle8 ; breaker: 1,0 ] --> 0,2 0,5 0,76 1,37 1,93 2,24 2,72 2,93 
[ b ;  jungle8 ; breaker: 1,0 ] --> 0,2 0,582857 0,7381719 1,252561 1,815918 2,095612 2,707566 2,910714 
[ e ;  jungle8 ; breaker: 1,0 ] --> 0 0,08285701 0,02182806 0,1174394 0,1140816 0,1443877 0,01243377 0,01928592 
Absolute Error Mean: 0,06403919

[ p ;  jungle4 ; breaker: 1,0 ] --> 0,2 0,5 0,76 1,37 1,93 2,24 2,72 2,93 
