
NEW RESULT

[ p ;  jungle8 ; breaker: 1,0 ] --> 0,2 0,5 0,76 1,37 1,93 2,24 2,72 2,93 
[ b ;  jungle8 ; breaker: 1,0 ] --> 0,2 0,5820177 1,010219 1,799523 2,055896 2,690026 2,943046 4,38388 
[ e ;  jungle8 ; breaker: 1,0 ] --> 0 0,08201772 0,2502192 0,4295226 0,1258961 0,4500256 0,2230456 1,45388 
Absolute Error Mean: 0,3768259

[ p ;  jungle8 ; breaker: 1,0 ] --> 0,2 0,5 0,76 1,37 1,93 2,24 2,72 2,93 
[ b ;  jungle8 ; breaker: 1,0 ] --> 0,2 0,4559675 0,7863364 1,461622 2,197664 2,506605 3,073137 3,402963 
[ e ;  jungle8 ; breaker: 1,0 ] --> 0 0,04403248 0,02633643 0,09162188 0,2676636 0,2666054 0,3531373 0,4729629 
Absolute Error Mean: 0,190295

[ p ;  jungle8 ; breaker: 1,0 ] --> 0,2 0,5 0,76 1,37 1,93 2,24 2,72 2,93 
[ b ;  jungle8 ; breaker: 1,0 ] --> 0,2 0,5041623 0,8357807 1,59812 2,275005 2,577747 3,435105 3,639272 
[ e ;  jungle8 ; breaker: 1,0 ] --> 0 0,004162252 0,07578075 0,2281197 0,3450049 0,3377473 0,7151048 0,7092724 
Absolute Error Mean: 0,301899

[ p ;  jungle8 ; breaker: 1,0 ] --> 0,2 0,5 0,76 1,37 1,93 2,24 2,72 2,93 
[ b ;  jungle8 ; breaker: 1,0 ] --> 0,2 0,5029749 0,8631624 1,600885 2,234005 2,534797 3,290714 3,490503 
[ e ;  jungle8 ; breaker: 1,0 ] --> 0 0,002974868 0,1031624 0,2308848 0,3040048 0,2947969 0,5707138 0,560503 
Absolute Error Mean: 0,2583801

[ p ;  jungle8 ; breaker: 1,0 ] --> 0,2 0,5 0,76 1,37 1,93 2,24 2,72 2,93 
[ b ;  jungle8 ; breaker: 1,0 ] --> 0,2 0,4807763 0,7071599 1,441262 2,582808 2,840001 3,453252 3,706612 
[ e ;  jungle8 ; breaker: 1,0 ] --> 0 0,01922366 0,05284005 0,07126176 0,6528081 0,6000006 0,7332523 0,7766116 
Absolute Error Mean: 0,3632497

[ p ;  jungle8 ; breaker: 1,0 ] --> 0,2 0,5 0,76 1,37 1,93 2,24 2,72 2,93 
[ b ;  jungle8 ; breaker: 1,0 ] --> 0,2 0,4809511 0,811333 1,504166 2,305149 2,589886 3,371649 3,545571 3,722372 
[ e ;  jungle8 ; breaker: 1,0 ] --> 0 0,0190489 0,05133301 0,1341662 0,3751491 0,3498857 0,6516492 0,615571 
Absolute Error Mean: 0,2746004

[ p ;  jungle8 ; breaker: 1,0 ] --> 0,2 0,5 0,76 1,37 1,93 2,24 2,72 2,93 
[ b ;  jungle8 ; breaker: 1,0 ] --> 0,2 0,4525346 0,7078902 1,365968 2,025899 2,304621 3,012312 3,191192 
[ e ;  jungle8 ; breaker: 1,0 ] --> 0 0,04746538 0,05210984 0,004031658 0,09589875 0,06462049 0,2923121 0,2611918 
Absolute Error Mean: 0,1022038

[ p ;  jungle8 ; breaker: 1,0 ] --> 0,2 0,5 0,76 1,37 1,93 2,24 2,72 2,93 
[ b ;  jungle8 ; breaker: 1,0 ] --> 0,2 0,5036196 0,7582718 1,545928 2,232882 2,564888 3,250475 3,430682 
[ e ;  jungle8 ; breaker: 1,0 ] --> 0 0,003619552 0,001728177 0,1759282 0,3028823 0,3248875 0,5304751 0,5006821 
Absolute Error Mean: 0,2300254

[ p ;  jungle8 ; breaker: 1,0 ] --> 0,2 0,5 0,76 1,37 1,93 2,24 2,72 2,93 
[ b ;  jungle8 ; breaker: 1,0 ] --> 0,2 0,4991106 0,7732676 1,297867 2,42477 2,700967 3,531732 3,70684 
[ e ;  jungle8 ; breaker: 1,0 ] --> 0 0,0008894205 0,01326758 0,07213306 0,4947697 0,4609666 0,8117316 0,7768395 
Absolute Error Mean: 0,3288247

[ p ;  jungle8 ; breaker: 1,0 ] --> 0,2 0,5 0,76 1,37 1,93 2,24 2,72 2,93 
[ b ;  jungle8 ; breaker: 1,0 ] --> 0,2 0,4785746 0,7909663 1,636751 2,502174 2,802962 3,738109 3,917498 
[ e ;  jungle8 ; breaker: 1,0 ] --> 0 0,02142537 0,03096628 0,2667514 0,5721742 0,5629621 1,018109 0,9874976 
Absolute Error Mean: 0,4324857

[ p ;  jungle16 ; breaker: 1,0 ] --> 0,2 0,5 0,76 1,37 1,93 2,24 2,72 2,93 
[ s ;  jungle16 ; breaker: 1,0 ] --> 0,2 0,5263131 0,9765843 1,452374 2,261444 2,662976 3,018054 3,801988 4,726925 5,127642 5,459648 5,861596 6,166901 6,49671 6,769247 7,219942 
[ e ;  jungle16 ; breaker: 1,0 ] --> 0 0,02631313 0,2165843 0,08237433 0,3314444 0,4229758 0,298054 0,8719876 
Absolute Error Mean: 0,2812167

[ p ;  jungle16 ; breaker: 1,0 ] --> 0,2 0,5 0,76 1,37 1,93 2,24 2,72 2,93 3,2 3,51 3,78 4,08 4,57 4,9 5,19 5,3 
[ s ;  jungle16 ; breaker: 1,0 ] --> 0,2 0,5306097 0,8823436 1,258272 2,009752 2,264542 2,623942 2,981441 3,53225 3,831665 4,162395 4,467892 4,747691 5,02349 5,328554 5,636334 
[ e ;  jungle16 ; breaker: 1,0 ] --> 0 0,03060967 0,1223437 0,1117281 0,07975161 0,02454185 0,09605837 0,05144048 0,3322504 0,3216653 0,3823946 0,3878918 0,177691 0,1234899 0,1385536 0,3363342 
Absolute Error Mean: 0,1697965

[ p ;  jungle16 ; breaker: 1,0 ] --> 0,2 0,5 0,76 1,37 1,93 2,24 2,72 2,93 3,2 3,51 3,78 4,08 4,57 4,9 5,19 5,3 
[ s ;  jungle16 ; breaker: 1,0 ] --> 0,2 0,5921409 1,046805 1,294218 1,646958 2,203619 2,43102 2,760221 2,988444 3,368731 3,647928 3,999903 4,353685 4,655141 5,062196 5,515914 
[ e ;  jungle16 ; breaker: 1,0 ] --> 0 0,09214085 0,2868054 0,07578206 0,2830424 0,03638053 0,2889795 0,1697786 0,2115557 0,1412692 0,1320715 0,08009696 0,2163148 0,2448587 0,1278038 0,2159138 
Absolute Error Mean: 0,1626746

[ p ;  jungle16 ; breaker: 1,0 ] --> 0,2 0,5 0,76 1,37 1,93 2,24 2,72 2,93 3,2 3,51 3,78 4,08 4,57 4,9 5,19 5,3 
[ s ;  jungle16 ; breaker: 1,0 ] --> 0,2 0,4751576 0,7518204 1,751174 2,748358 3,094989 3,366378 3,760523 4,353405 4,723485 5,095153 5,396947 5,745963 6,09713 6,474538 6,905534 
[ e ;  jungle16 ; breaker: 1,0 ] --> 0 0,02484235 0,008179545 0,3811738 0,8183576 0,8549886 0,6463783 0,830523 1,153405 1,213485 1,315153 1,316947 1,175962 1,19713 1,284538 1,605534 
Absolute Error Mean: 0,8641624

[ p ;  jungle16 ; breaker: 1,0 ] --> 0,2 0,5 0,76 1,37 1,93 2,24 2,72 2,93 3,2 3,51 3,78 4,08 4,57 4,9 5,19 5,3 
[ s ;  jungle16 ; breaker: 1,0 ] --> 0,2 0,4753508 0,775039 1,026236 1,809019 2,063482 2,443451 2,794073 3,294762 3,652264 3,950887 4,276488 4,552291 4,851077 5,202302 5,55375 
[ e ;  jungle16 ; breaker: 1,0 ] --> 0 0,0246492 0,01503903 0,3437636 0,1209813 0,176518 0,2765489 0,1359274 0,09476209 0,1422639 0,1708875 0,1964884 0,01770878 0,04892349 0,01230192 0,2537498 
Absolute Error Mean: 0,1269071

[ p ;  jungle16 ; breaker: 1,0 ] --> 0,2 0,5 0,76 1,37 1,93 2,24 2,72 2,93 3,2 3,51 3,78 4,08 4,57 4,9 5,19 5,3 
[ s ;  jungle16 ; breaker: 1,0 ] --> 0,2 0,4752107 0,753559 1,028327 1,356369 1,913548 2,140522 2,464645 2,989576 3,340775 3,664822 4,014167 4,36517 4,665308 4,991793 5,348889 
[ e ;  jungle16 ; breaker: 1,0 ] --> 0 0,02478927 0,006440997 0,3416735 0,5736314 0,326452 0,579478 0,4653549 0,2104237 0,169225 0,1151776 0,06583261 0,2048302 0,2346926 0,1982074 0,04888868 
Absolute Error Mean: 0,2228186

[ p ;  jungle16 ; breaker: 1,0 ] --> 0,2 0,5 0,76 1,37 1,93 2,24 2,72 2,93 3,2 3,51 3,78 4,08 4,57 4,9 5,19 5,3 
[ s ;  jungle16 ; breaker: 1,0 ] --> 0,2 0,5014997 0,7839362 1,086437 1,41448 2,116587 2,419443 2,749732 3,255821 3,659539 3,891926 4,190462 4,440928 4,767217 5,272473 5,731434 
[ e ;  jungle16 ; breaker: 1,0 ] --> 0 0,001499653 0,02393621 0,2835627 0,5155203 0,1234128 0,3005567 0,1802683 0,05582142 0,1495388 0,1119261 0,1104617 0,1290722 0,1327829 0,08247328 0,4314337 
Absolute Error Mean: 0,1645167

[ p ;  jungle16 ; breaker: 1,0 ] --> 0,2 0,5 0,76 1,37 1,93 2,24 2,72 2,93 3,2 3,51 3,78 4,08 4,57 4,9 5,19 5,3 
[ s ;  jungle16 ; breaker: 1,0 ] --> 0,2 0,4753424 0,8037695 1,784222 2,618634 2,948597 3,299663 3,623821 4,028052 4,359798 4,691133 5,015951 5,37169 5,699221 6,024699 6,374743 
[ e ;  jungle16 ; breaker: 1,0 ] --> 0 0,02465761 0,04376954 0,4142216 0,6886343 0,7085969 0,5796626 0,693821 0,8280523 0,8497984 0,9111326 0,9359512 0,8016896 0,799221 0,8346992 1,074743 
Absolute Error Mean: 0,6367908

[ p ;  jungle16 ; breaker: 1,0 ] --> 0,2 0,5 0,76 1,37 1,93 2,24 2,72 2,93 3,2 3,51 3,78 4,08 4,57 4,9 5,19 5,3 
[ s ;  jungle16 ; breaker: 1,0 ] --> 0,2 0,4833715 0,7385589 0,9909711 1,726392 2,087584 2,440603 2,797318 3,357243 3,607203 3,943946 4,299421 4,656013 4,982121 5,338064 5,696968 
[ e ;  jungle16 ; breaker: 1,0 ] --> 0 0,0166285 0,02144104 0,3790289 0,2036082 0,152416 0,279397 0,1326818 0,1572428 0,09720302 0,1639459 0,2194209 0,08601284 0,0821209 0,1480637 0,3969679 
Absolute Error Mean: 0,1585112

[ p ;  jungle16 ; breaker: 1,0 ] --> 0,2 0,5 0,76 1,37 1,93 2,24 2,72 2,93 3,2 3,51 3,78 4,08 4,57 4,9 5,19 5,3 
[ s ;  jungle16 ; breaker: 1,0 ] --> 0,2 0,5569437 0,8844118 1,408391 2,240945 2,545469 2,823376 3,176183 3,676747 4,050981 4,375112 4,775668 5,131737 5,458736 5,833774 6,185033 
[ e ;  jungle16 ; breaker: 1,0 ] --> 0 0,05694366 0,1244118 0,03839087 0,3109452 0,3054688 0,1033764 0,2461834 0,4767468 0,5409806 0,5951116 0,6956677 0,5617366 0,5587358 0,643774 0,8850327 
Absolute Error Mean: 0,3839691

[ p ;  jungle16 ; breaker: 1,0 ] --> 0,2 0,5 0,76 1,37 1,93 2,24 2,72 2,93 3,2 3,51 3,78 4,08 4,57 4,9 5,19 5,3 
[ b ;  jungle16 ; breaker: 1,0 ] --> 0,2 0,5909007 0,9728647 1,719795 2,38385 2,640543 2,867945 3,405455 3,636921 4,096421 4,303156 4,53289 4,78357 5,190873 5,469618 5,648777 
[ e ;  jungle16 ; breaker: 1,0 ] --> 0 0,09090072 0,2128648 0,3497952 0,4538502 0,4005435 0,1479449 0,475455 0,4369211 0,5864213 0,5231559 0,4528899 0,2135696 0,2908726 0,2796178 0,3487773 
Absolute Error Mean: 0,3289737

[ p ;  jungle16 ; breaker: 1,0 ] --> 0,2 0,5 0,76 1,37 1,93 2,24 2,72 2,93 3,2 3,51 3,78 4,08 4,57 4,9 5,19 5,3 
[ b ;  jungle16 ; breaker: 1,0 ] --> 0,2 0,4279655 0,7095349 1,347317 1,93499 2,192141 2,779518 3,032375 3,309385 3,536516 3,86731 4,525707 4,754165 5,032609 5,659581 6,137533 
[ e ;  jungle16 ; breaker: 1,0 ] --> 0 0,07203448 0,05046511 0,02268302 0,004989743 0,04785919 0,05951762 0,1023753 0,109385 0,02651596 0,08731031 0,4457073 0,184165 0,1326084 0,4695811 0,8375325 
Absolute Error Mean: 0,1657956

[ p ;  jungle16 ; breaker: 1,0 ] --> 0,2 0,5 0,76 1,37 1,93 2,24 2,72 2,93 3,2 3,51 3,78 4,08 4,57 4,9 5,19 5,3 
[ b ;  jungle16 ; breaker: 1,0 ] --> 0,2 0,4307625 0,8357493 1,468419 2,262722 2,569596 3,209179 3,490051 3,872714 4,077026 4,278044 4,937024 5,166912 5,778408 6,036668 6,26303 
[ e ;  jungle16 ; breaker: 1,0 ] --> 0 0,06923747 0,07574934 0,09841907 0,3327218 0,3295958 0,4891791 0,5600505 0,6727142 0,5670264 0,4980438 0,8570237 0,5969119 0,878408 0,8466678 0,9630299 
Absolute Error Mean: 0,4896737

[ p ;  jungle16 ; breaker: 1,0 ] --> 0,2 0,5 0,76 1,37 1,93 2,24 2,72 2,93 3,2 3,51 3,78 4,08 4,57 4,9 5,19 5,3 
[ b ;  jungle16 ; breaker: 1,0 ] --> 0,2 0,4500156 0,7326916 1,290146 1,998306 2,274537 3,158292 3,407606 3,632271 3,90738 4,507745 4,85872 5,135323 5,440725 5,768705 6,099205 
[ e ;  jungle16 ; breaker: 1,0 ] --> 0 0,0499844 0,02730834 0,07985437 0,06830645 0,03453708 0,4382918 0,4776056 0,4322705 0,3973804 0,7277448 0,7787199 0,5653224 0,5407252 0,5787053 0,7992048 
Absolute Error Mean: 0,3747476

[ p ;  jungle16 ; breaker: 1,0 ] --> 0,2 0,5 0,76 1,37 1,93 2,24 2,72 2,93 3,2 3,51 3,78 4,08 4,57 4,9 5,19 5,3 
[ b ;  jungle16 ; breaker: 1,0 ] --> 0,2 0,732755 1,032492 1,756573 2,364516 2,618058 2,799695 3,077678 3,756051 4,031991 4,281278 4,507484 4,782284 5,131311 5,28159 5,431908 
[ e ;  jungle16 ; breaker: 1,0 ] --> 0 0,232755 0,2724919 0,386573 0,4345165 0,378058 0,07969475 0,1476777 0,556051 0,5219905 0,5012782 0,4274845 0,2122841 0,2313113 0,0915904 0,1319079 
Absolute Error Mean: 0,287854

[ p ;  jungle16 ; breaker: 1,0 ] --> 0,2 0,5 0,76 1,37 1,93 2,24 2,72 2,93 3,2 3,51 3,78 4,08 4,57 4,9 5,19 5,3 
[ b ;  jungle16 ; breaker: 1,0 ] --> 0,2 0,4822508 0,7885307 1,494668 2,263824 2,543916 3,134605 3,58553 3,911499 4,261719 4,46688 4,823873 5,101346 5,432939 5,713375 6,194872 6,37538 
[ e ;  jungle16 ; breaker: 1,0 ] --> 0 0,01774919 0,02853072 0,1246681 0,3338243 0,3039165 0,4146047 0,6555297 0,7114985 0,7517192 0,6868799 0,7438726 0,5313458 0,532939 0,523375 0,8948717 
Absolute Error Mean: 0,4534578

[ p ;  jungle16 ; breaker: 1,0 ] --> 0,2 0,5 0,76 1,37 1,93 2,24 2,72 2,93 3,2 3,51 3,78 4,08 4,57 4,9 5,19 5,3 
[ b ;  jungle16 ; breaker: 1,0 ] --> 0,2 0,4993184 1,273319 2,574397 3,148247 3,406158 3,65686 4,233727 4,78301 5,40758 5,911644 6,140381 6,316526 6,545643 6,848577 7,151456 
[ e ;  jungle16 ; breaker: 1,0 ] --> 0 0,0006816089 0,5133185 1,204397 1,218247 1,166158 0,9368601 1,303727 1,583009 1,89758 2,131644 2,060381 1,746526 1,645643 1,658577 1,851456 
Absolute Error Mean: 1,307388

[ p ;  jungle16 ; breaker: 1,0 ] --> 0,2 0,5 0,76 1,37 1,93 2,24 2,72 2,93 3,2 3,51 3,78 4,08 4,57 4,9 5,19 5,3 
[ b ;  jungle16 ; breaker: 1,0 ] --> 0,2 0,6468291 0,9270915 1,702162 2,006407 2,80295 2,986086 3,683943 3,895651 4,07307 4,278465 4,504925 4,708042 5,298844 5,602034 5,781667 
[ e ;  jungle16 ; breaker: 1,0 ] --> 0 0,1468291 0,1670915 0,332162 0,07640684 0,5629497 0,2660861 0,7539427 0,6956513 0,5630696 0,4984653 0,4249253 0,1380415 0,3988438 0,4120336 0,4816666 
Absolute Error Mean: 0,3698853

[ p ;  jungle16 ; breaker: 1,0 ] --> 0,2 0,5 0,76 1,37 1,93 2,24 2,72 2,93 3,2 3,51 3,78 4,08 4,57 4,9 5,19 5,3 
[ b ;  jungle16 ; breaker: 1,0 ] --> 0,2 0,4039371 0,7125117 1,294697 2,080531 2,53162 3,092612 3,321089 3,522678 3,721832 4,154047 4,583473 4,863171 5,091057 5,445921 5,77308 5,928702 
[ e ;  jungle16 ; breaker: 1,0 ] --> 0 0,09606293 0,04748833 0,07530272 0,1505312 0,29162 0,372612 0,3910892 0,3226781 0,2118323 0,3740475 0,5034733 0,2931705 0,1910567 0,2559209 0,4730797 
Absolute Error Mean: 0,2531228

[ p ;  jungle16 ; breaker: 1,0 ] --> 0,2 0,5 0,76 1,37 1,93 2,24 2,72 2,93 3,2 3,51 3,78 4,08 4,57 4,9 5,19 5,3 
[ b ;  jungle16 ; breaker: 1,0 ] --> 0,2 0,6840177 1,347207 2,290235 2,976446 3,205928 3,869932 4,174937 4,330785 4,588771 4,817393 5,12303 5,330054 5,605859 5,862123 6,264817 
[ e ;  jungle16 ; breaker: 1,0 ] --> 0 0,1840177 0,5872074 0,920235 1,046446 0,9659278 1,149932 1,244937 1,130785 1,078771 1,037393 1,04303 0,7600536 0,7058587 0,6721225 0,964817 
Absolute Error Mean: 0,8432209

[ p ;  jungle26 ; breaker: 1,0 ] --> 0,2 0,5 0,76 1,37 1,93 2,24 2,72 2,93 3,2 3,51 3,78 4,08 4,57 4,9 5,19 5,3 
[ b ;  jungle26 ; breaker: 1,0 ] --> 0,2 0,3773998 0,6032655 1,286119 1,845803 2,277319 2,778385 3,286968 3,612351 3,888386 4,144792 4,37068 4,573737 4,776348 5,182776 6,024115 6,25142 6,454117 6,811989 7,01182 7,286951 7,511655 8,010939 8,285532 8,487645 8,763689 
[ e ;  jungle26 ; breaker: 1,0 ] --> 0 0,1226002 0,1567345 0,0838809 0,08419657 0,03731942 0,05838513 0,3569679 0,4123509 0,3783855 0,3647916 0,2906799 0,003736973 0,123652 0,007223606 0,7241144 
Absolute Error Mean: 0,2003137

[ p ;  jungle26 ; breaker: 1,0 ] --> 0,2 0,5 0,76 1,37 1,93 2,24 2,72 2,93 3,2 3,51 3,78 4,08 4,57 4,9 5,19 5,3 5,92 6,1 6,37 6,76 7,09 7,24 7,7 7,8 8,24 8,5 
[ b ;  jungle26 ; breaker: 1,0 ] --> 0,2 0,4001417 0,5755953 1,326438 1,930937 2,386666 2,942956 3,419487 3,648093 3,824474 4,026155 4,280336 4,483147 4,80928 5,650584 5,875212 6,0497 6,273619 6,499683 6,699732 6,998368 7,525032 7,875019 8,099327 8,526956 8,958303 9,134241 
[ e ;  jungle26 ; breaker: 1,0 ] --> 0 0,09985828 0,1844047 0,04356182 0,0009372234 0,1466663 0,2229557 0,4894872 0,4480925 0,3144743 0,2461555 0,200336 0,08685303 0,0907197 0,4605837 0,575212 0,1297002 0,1736193 0,129683 0,06026793 0,09163189 0,2850323 0,1750188 0,2993269 0,2869558 0,4583035 
Absolute Error Mean: 0,2192245

[ p ;  jungle26 ; breaker: 1,0 ] --> 0,2 0,5 0,76 1,37 1,93 2,24 2,72 2,93 3,2 3,51 3,78 4,08 4,57 4,9 5,19 5,3 5,92 6,1 6,37 6,76 7,09 7,24 7,7 7,8 8,24 8,5 
[ b ;  jungle26 ; breaker: 1,0 ] --> 0,2 0,6525565 0,9304929 1,808244 2,385998 3,065037 3,266999 3,443331 3,872236 4,1024 4,356358 4,557297 4,73368 4,88879 5,314717 6,174648 6,730018 6,930417 7,106361 7,306002 7,940917 8,171758 8,373375 9,00566 9,329764 9,655131 
[ e ;  jungle26 ; breaker: 1,0 ] --> 0 0,1525565 0,1704929 0,438244 0,4559983 0,8250368 0,5469987 0,5133307 0,672236 0,5924003 0,5763581 0,4772973 0,1636796 0,01120996 0,1247172 0,8746476 0,8100181 0,8304172 0,736361 0,5460014 0,8509173 0,9317579 0,6733751 1,20566 1,089765 1,155131 
Absolute Error Mean: 0,5932541

[ p ;  jungle26 ; breaker: 1,0 ] --> 0,2 0,5 0,76 1,37 1,93 2,24 2,72 2,93 3,2 3,51 3,78 4,08 4,57 4,9 5,19 5,3 5,92 6,1 6,37 6,76 7,09 7,24 7,7 7,8 8,24 8,5 
[ b ;  jungle26 ; breaker: 1,0 ] --> 0,2 0,4042511 0,6097155 1,528266 2,172131 2,403902 2,584503 3,277837 3,61471 3,845585 4,05208 4,233237 4,385637 4,563549 4,743506 5,510331 6,074303 6,305192 6,484802 6,664383 7,027476 7,234244 7,414464 7,770386 7,951487 8,131412 
[ e ;  jungle26 ; breaker: 1,0 ] --> 0 0,09574887 0,1502845 0,1582664 0,2421314 0,1639018 0,1354969 0,347837 0,41471 0,3355854 0,2720797 0,1532373 0,1843634 0,3364511 0,4464941 0,2103305 0,1543026 0,2051926 0,1148024 0,09561729 0,06252432 0,005755901 0,2855353 0,02961397 0,2885132 0,3685884 
Absolute Error Mean: 0,2022063

[ p ;  jungle26 ; breaker: 1,0 ] --> 0,2 0,5 0,76 1,37 1,93 2,24 2,72 2,93 3,2 3,51 3,78 4,08 4,57 4,9 5,19 5,3 5,92 6,1 6,37 6,76 7,09 7,24 7,7 7,8 8,24 8,5 
[ b ;  jungle26 ; breaker: 1,0 ] --> 0,2 0,3788743 1,108783 1,998701 3,216358 3,444252 3,649936 3,853841 4,110826 4,674119 4,90322 5,409977 5,609741 5,809935 6,213636 6,417409 6,593141 6,770612 6,975458 7,182395 7,389601 7,566838 8,074826 8,277844 8,734764 8,961721 
[ e ;  jungle26 ; breaker: 1,0 ] --> 0 0,1211257 0,3487827 0,6287012 1,286358 1,204252 0,9299364 0,9238405 0,9108255 1,164119 1,12322 1,329978 1,039741 0,909935 1,023636 1,117409 0,673141 0,6706123 0,6054578 0,4223943 0,2996011 0,326838 0,3748264 0,4778442 0,4947643 0,4617214 
Absolute Error Mean: 0,7257329

[ p ;  jungle26 ; breaker: 1,0 ] --> 0,2 0,5 0,76 1,37 1,93 2,24 2,72 2,93 3,2 3,51 3,78 4,08 4,57 4,9 5,19 5,3 5,92 6,1 6,37 6,76 7,09 7,24 7,7 7,8 8,24 8,5 
[ b ;  jungle26 ; breaker: 1,0 ] --> 0,2 0,4005972 1,286302 2,153294 4,247954 4,473135 5,055852 5,306172 5,532997 5,732199 5,981096 6,306282 7,168796 7,398224 7,730134 7,931354 8,132018 8,583841 9,064058 9,341575 9,771342 10,50156 10,70318 10,85455 11,38363 11,55778 
[ e ;  jungle26 ; breaker: 1,0 ] --> 0 0,09940282 0,5263022 0,7832936 2,317955 2,233135 2,335852 2,376172 2,332997 2,222199 2,201096 2,226282 2,598796 2,498224 2,540133 2,631354 2,212018 2,483841 2,694058 2,581574 2,681342 3,261557 3,003181 3,054548 3,143632 3,057778 
Absolute Error Mean: 2,234489

[ p ;  jungle26 ; breaker: 1,0 ] --> 0,2 0,5 0,76 1,37 1,93 2,24 2,72 2,93 3,2 3,51 3,78 4,08 4,57 4,9 5,19 5,3 5,92 6,1 6,37 6,76 7,09 7,24 7,7 7,8 8,24 8,5 
[ b ;  jungle26 ; breaker: 1,0 ] --> 0,2 0,4818261 0,7068355 1,515597 2,169346 2,372318 2,957528 3,471159 3,648468 3,828395 4,108956 4,340303 4,543603 4,722899 4,904223 5,366364 5,618906 5,824811 6,001907 6,436123 6,820498 7,303652 7,537921 7,716 8,499969 8,649481 
[ e ;  jungle26 ; breaker: 1,0 ] --> 0 0,01817393 0,05316448 0,145597 0,2393461 0,1323183 0,2375283 0,5411592 0,4484682 0,3183949 0,3289559 0,260303 0,02639675 0,1771011 0,2857766 0,06636381 0,3010936 0,2751889 0,368093 0,3238769 0,2695017 0,06365204 0,1620784 0,08400059 0,2599688 0,1494808 
Absolute Error Mean: 0,2129224

[ p ;  jungle26 ; breaker: 1,0 ] --> 0,2 0,5 0,76 1,37 1,93 2,24 2,72 2,93 3,2 3,51 3,78 4,08 4,57 4,9 5,19 5,3 5,92 6,1 6,37 6,76 7,09 7,24 7,7 7,8 8,24 8,5 
[ b ;  jungle26 ; breaker: 1,0 ] --> 0,2 0,6232191 1,447445 2,422176 3,12435 3,374117 4,023372 4,29799 4,524496 5,350878 5,574838 5,799839 5,997912 6,49978 6,723066 6,899109 7,198532 7,399117 7,600383 8,102864 8,307653 8,538045 9,068815 9,275028 9,881713 10,03308 
[ e ;  jungle26 ; breaker: 1,0 ] --> 0 0,1232191 0,6874454 1,052176 1,19435 1,134117 1,303372 1,36799 1,324496 1,840878 1,794838 1,719839 1,427912 1,59978 1,533066 1,599109 1,278532 1,299118 1,230383 1,342864 1,217653 1,298045 1,368815 1,475028 1,641713 1,533075 
Absolute Error Mean: 1,284147

[ p ;  jungle26 ; breaker: 1,0 ] --> 0,2 0,5 0,76 1,37 1,93 2,24 2,72 2,93 3,2 3,51 3,78 4,08 4,57 4,9 5,19 5,3 5,92 6,1 6,37 6,76 7,09 7,24 7,7 7,8 8,24 8,5 
[ b ;  jungle26 ; breaker: 1,0 ] --> 0,2 0,527667 1,389937 1,999367 3,105168 3,335989 3,615338 3,894485 4,729912 5,036444 5,363163 5,644002 5,921351 6,203718 6,504947 6,785514 6,962922 7,54879 7,802246 8,05431 8,306731 8,863863 9,066673 9,242535 9,853714 10,03293 
[ e ;  jungle26 ; breaker: 1,0 ] --> 0 0,02766699 0,6299371 0,6293666 1,175168 1,095989 0,8953383 0,9644847 1,529912 1,526444 1,583163 1,564002 1,351351 1,303718 1,314947 1,485514 1,042922 1,448791 1,432246 1,29431 1,216731 1,623863 1,366673 1,442534 1,613714 1,532929 
Absolute Error Mean: 1,195835

[ p ;  jungle26 ; breaker: 1,0 ] --> 0,2 0,5 0,76 1,37 1,93 2,24 2,72 2,93 3,2 3,51 3,78 4,08 4,57 4,9 5,19 5,3 5,92 6,1 6,37 6,76 7,09 7,24 7,7 7,8 8,24 8,5 
[ b ;  jungle26 ; breaker: 1,0 ] --> 0,2 0,4452791 0,7430607 1,521148 2,174299 2,475746 2,726341 3,565074 3,768231 3,993251 4,296374 4,6497 5,231408 5,535968 5,758727 5,984556 6,21025 6,8159 7,019043 7,170712 7,324155 7,955175 8,107341 8,558899 8,733171 9,111786 9,310065 
[ e ;  jungle26 ; breaker: 1,0 ] --> 0 0,05472088 0,01693928 0,1511476 0,2442995 0,2357461 0,006340504 0,6350737 0,5682306 0,4832506 0,5163739 0,5697002 0,6614075 0,6359677 0,5687265 0,6845555 0,2902503 0,7159004 0,6490436 0,4107113 0,2341547 0,7151756 0,407341 0,7588987 0,4931717 0,6117859 
Absolute Error Mean: 0,4353428

[ p ;  jungle8 ; breaker: 1,0 ] --> 0,2 0,5 0,76 1,37 1,93 2,24 2,72 2,93 3,2 3,51 3,78 4,08 4,57 4,9 5,19 5,3 5,92 6,1 6,37 6,76 7,09 7,24 7,7 7,8 8,24 8,5 
[ s ;  jungle8 ; breaker: 1,0 ] --> 0,2 0,4987856 0,7991436 1,099775 1,848444 2,151318 2,502262 2,775367 
[ e ;  jungle8 ; breaker: 1,0 ] --> 0 0,001214445 0,03914362 0,2702247 0,08155632 0,08868194 0,2177384 0,1546326 
Absolute Error Mean: 4,119353

[ p ;  jungle8 ; breaker: 1,0 ] --> 0,2 0,5 0,76 1,37 1,93 2,24 2,72 2,93 
[ s ;  jungle8 ; breaker: 1,0 ] --> 0,2 0,5037357 0,8566189 1,18287 1,956789 2,231254 2,510221 2,859756 
[ e ;  jungle8 ; breaker: 1,0 ] --> 0 0,003735721 0,09661889 0,1871302 0,02678943 0,00874567 0,2097795 0,07024407 
Absolute Error Mean: 0,07538044

[ p ;  jungle8 ; breaker: 1,0 ] --> 0,2 0,5 0,76 1,37 1,93 2,24 2,72 2,93 
[ s ;  jungle8 ; breaker: 1,0 ] --> 0,2 0,5241281 0,8245831 2,038715 2,898721 3,19777 3,548475 3,923391 
[ e ;  jungle8 ; breaker: 1,0 ] --> 0 0,02412808 0,06458312 0,6687151 0,9687213 0,9577703 0,8284745 0,9933908 
Absolute Error Mean: 0,5632229

[ p ;  jungle8 ; breaker: 1,0 ] --> 0,2 0,5 0,76 1,37 1,93 2,24 2,72 2,93 
[ s ;  jungle8 ; breaker: 1,0 ] --> 0,2 0,5028995 1,356874 1,756033 2,582182 2,831085 3,209299 3,712991 
[ e ;  jungle8 ; breaker: 1,0 ] --> 0 0,002899528 0,596874 0,3860331 0,652182 0,5910852 0,4892986 0,7829907 
Absolute Error Mean: 0,4376704

[ p ;  jungle8 ; breaker: 1,0 ] --> 0,2 0,5 0,76 1,37 1,93 2,24 2,72 2,93 
[ s ;  jungle8 ; breaker: 1,0 ] --> 0,2 0,6267496 0,9522892 1,300229 2,101403 2,400557 2,725275 3,026193 
[ e ;  jungle8 ; breaker: 1,0 ] --> 0 0,1267496 0,1922892 0,06977141 0,1714033 0,1605566 0,005274773 0,0961926 
Absolute Error Mean: 0,1027797

[ p ;  jungle8 ; breaker: 1,0 ] --> 0,2 0,5 0,76 1,37 1,93 2,24 2,72 2,93 
[ s ;  jungle8 ; breaker: 1,0 ] --> 0,2 0,424568 0,7027441 1,032784 1,865446 2,145011 2,423759 2,774537 
[ e ;  jungle8 ; breaker: 1,0 ] --> 0 0,07543203 0,05725586 0,3372157 0,06455421 0,09498858 0,2962406 0,155463 
Absolute Error Mean: 0,1351437

[ p ;  jungle8 ; breaker: 1,0 ] --> 0,2 0,5 0,76 1,37 1,93 2,24 2,72 2,93 
[ s ;  jungle8 ; breaker: 1,0 ] --> 0,2 0,5064881 0,8078895 1,68478 2,455731 2,731744 3,006003 3,331923 
[ e ;  jungle8 ; breaker: 1,0 ] --> 0 0,006488144 0,04788947 0,3147801 0,5257312 0,4917438 0,2860029 0,4019234 
Absolute Error Mean: 0,2593199

[ p ;  jungle8 ; breaker: 1,0 ] --> 0,2 0,5 0,76 1,37 1,93 2,24 2,72 2,93 
[ s ;  jungle8 ; breaker: 1,0 ] --> 0,2 0,504981 0,8068371 1,586441 2,365374 2,613635 2,891325 3,19627 
[ e ;  jungle8 ; breaker: 1,0 ] --> 0 0,004981041 0,04683709 0,2164406 0,4353741 0,3736351 0,171325 0,2662697 
Absolute Error Mean: 0,1893578

[ p ;  jungle8 ; breaker: 1,0 ] --> 0,2 0,5 0,76 1,37 1,93 2,24 2,72 2,93 
[ s ;  jungle8 ; breaker: 1,0 ] --> 0,2 0,4739621 0,7756543 1,499105 2,179489 2,427954 2,725715 3,074584 
[ e ;  jungle8 ; breaker: 1,0 ] --> 0 0,0260379 0,01565427 0,1291047 0,2494887 0,1879544 0,005715132 0,1445837 
Absolute Error Mean: 0,09481736

[ p ;  jungle8 ; breaker: 1,0 ] --> 0,2 0,5 0,76 1,37 1,93 2,24 2,72 2,93 
[ s ;  jungle8 ; breaker: 1,0 ] --> 0,2 0,5001302 0,8009192 1,08097 1,859665 2,159698 2,459867 2,809361 
[ e ;  jungle8 ; breaker: 1,0 ] --> 0 0,0001301765 0,04091918 0,2890302 0,07033503 0,08030224 0,260133 0,1206388 
Absolute Error Mean: 0,1076861

[ p ;  jungle26 ; breaker: 1,0 ] --> 0,2 0,5 0,76 1,37 1,93 2,24 2,72 2,93 
[ s ;  jungle26 ; breaker: 1,0 ] --> 0,2 0,4313511 0,7590777 1,088251 1,793615 2,042294 2,369097 2,67041 3,125279 3,401896 3,708653 4,008231 4,313909 4,592545 4,947811 5,282974 5,966386 6,64946 6,925912 7,307342 7,636049 8,094358 8,576263 8,936582 9,241282 9,526019 9,807788 
[ e ;  jungle26 ; breaker: 1,0 ] --> 0 0,06864893 0,0009222627 0,2817485 0,1363853 0,197706 0,3509035 0,2595897 
Absolute Error Mean: 0,161988

[ p ;  jungle26 ; breaker: 1,0 ] --> 0,2 0,5 0,76 1,37 1,93 2,24 2,72 2,93 3,2 3,51 3,78 4,08 4,57 4,9 5,19 5,3 5,92 6,1 6,37 6,76 7,09 7,24 7,7 7,8 8,24 8,5 
[ s ;  jungle26 ; breaker: 1,0 ] --> 0,2 0,558537 0,8608325 1,161119 1,517266 2,043306 2,32715 2,686358 3,088809 3,466478 3,820024 4,145792 4,474197 4,825196 5,151924 5,451813 5,930905 6,308346 6,657649 6,960257 7,310324 7,766134 8,546091 8,849166 9,17799 9,454106 9,760277 
[ e ;  jungle26 ; breaker: 1,0 ] --> 0 0,05853701 0,1008325 0,2088809 0,4127337 0,1966944 0,3928502 0,2436416 0,1111915 0,04352236 0,0400238 0,06579256 0,09580326 0,07480383 0,0380764 0,151813 0,01090479 0,2083459 0,2876487 0,2002563 0,2203236 0,526134 0,8460913 1,049166 0,9379902 0,9541063 
Absolute Error Mean: 0,2875448

[ p ;  jungle26 ; breaker: 1,0 ] --> 0,2 0,5 0,76 1,37 1,93 2,24 2,72 2,93 3,2 3,51 3,78 4,08 4,57 4,9 5,19 5,3 5,92 6,1 6,37 6,76 7,09 7,24 7,7 7,8 8,24 8,5 
[ s ;  jungle26 ; breaker: 1,0 ] --> 0,2 0,5001391 0,8744678 1,449718 2,081896 2,360663 2,641851 3,021989 3,37581 3,625844 3,975857 4,324226 4,652557 5,034221 5,360185 5,658591 6,066762 6,674044 6,974894 7,272882 7,568698 7,841135 8,290107 8,889374 9,140532 9,465963 
[ e ;  jungle26 ; breaker: 1,0 ] --> 0 0,0001390576 0,1144679 0,07971823 0,1518956 0,1206627 0,0781486 0,0919888 0,1758103 0,1158438 0,1958568 0,244226 0,08255672 0,1342211 0,1701851 0,3585911 0,1467619 0,5740442 0,6048942 0,5128813 0,4786983 0,6011348 0,590107 1,089374 0,9005327 0,9659634 
Absolute Error Mean: 0,3299501

[ p ;  jungle26 ; breaker: 1,0 ] --> 0,2 0,5 0,76 1,37 1,93 2,24 2,72 2,93 3,2 3,51 3,78 4,08 4,57 4,9 5,19 5,3 5,92 6,1 6,37 6,76 7,09 7,24 7,7 7,8 8,24 8,5 
[ s ;  jungle26 ; breaker: 1,0 ] --> 0,2 0,5531536 0,9011221 1,625767 2,253996 2,508959 2,834251 3,164906 3,597067 3,90262 4,259767 4,587337 4,944176 5,251929 5,583557 5,809474 6,41924 6,770039 7,125827 7,502286 8,012154 8,396584 9,381209 9,685653 9,96187 10,32111 10,6271 
[ e ;  jungle26 ; breaker: 1,0 ] --> 0 0,05315357 0,1411221 0,2557672 0,3239959 0,2689586 0,1142511 0,2349057 0,3970671 0,3926203 0,4797671 0,5073371 0,3741755 0,3519292 0,3935571 0,5094738 0,4992394 0,6700387 0,7558274 0,7422857 0,9221535 1,156584 1,68121 1,885653 1,72187 1,821109 
Absolute Error Mean: 0,6405405

[ p ;  jungle26 ; breaker: 1,0 ] --> 0,2 0,5 0,76 1,37 1,93 2,24 2,72 2,93 3,2 3,51 3,78 4,08 4,57 4,9 5,19 5,3 5,92 6,1 6,37 6,76 7,09 7,24 7,7 7,8 8,24 8,5 
[ s ;  jungle26 ; breaker: 1,0 ] --> 0,2 0,5263104 0,8539097 1,479292 2,049448 2,30466 2,603535 2,956051 3,354932 3,712086 4,090974 4,421533 4,778249 5,082213 5,413387 5,7452 6,071548 6,422366 6,797559 7,144353 7,494798 7,795896 8,390691 8,668759 9,047569 9,32377 
[ e ;  jungle26 ; breaker: 1,0 ] --> 0 0,02631038 0,09390974 0,1092923 0,1194485 0,06466007 0,1164651 0,02605128 0,1549323 0,2020862 0,3109744 0,3415327 0,2082486 0,1822128 0,2233868 0,4451995 0,1515474 0,3223662 0,4275589 0,3843532 0,404798 0,5558958 0,690691 0,8687592 0,8075695 0,8237696 
Absolute Error Mean: 0,3100777

[ p ;  jungle26 ; breaker: 1,0 ] --> 0,2 0,5 0,76 1,37 1,93 2,24 2,72 2,93 3,2 3,51 3,78 4,08 4,57 4,9 5,19 5,3 5,92 6,1 6,37 6,76 7,09 7,24 7,7 7,8 8,24 8,5 
[ s ;  jungle26 ; breaker: 1,0 ] --> 0,2 0,5775319 0,956436 1,616442 2,274287 2,557842 2,865585 3,223074 3,631793 3,956159 4,357429 4,683027 5,087465 5,465985 5,794748 6,153954 6,690544 6,997721 7,3499 7,654963 7,933744 8,239083 8,522733 9,108883 9,386832 9,66602 
[ e ;  jungle26 ; breaker: 1,0 ] --> 0 0,07753193 0,196436 0,2464421 0,3442873 0,3178425 0,1455848 0,2930739 0,4317927 0,4461594 0,5774286 0,6030269 0,5174646 0,5659852 0,6047482 0,8539534 0,7705441 0,8977213 0,9798999 0,8949633 0,8437443 0,9990835 0,8227329 1,308883 1,146832 1,16602 
Absolute Error Mean: 0,6173916

[ p ;  jungle26 ; breaker: 1,0 ] --> 0,2 0,5 0,76 1,37 1,93 2,24 2,72 2,93 3,2 3,51 3,78 4,08 4,57 4,9 5,19 5,3 5,92 6,1 6,37 6,76 7,09 7,24 7,7 7,8 8,24 8,5 
[ s ;  jungle26 ; breaker: 1,0 ] --> 0,2 0,475586 0,8258739 1,507122 2,058335 2,359601 2,610713 2,96396 3,365893 3,690363 4,010227 4,282258 4,58137 4,881526 5,208831 5,582376 5,957813 6,305008 6,656767 7,032054 7,357975 7,707006 8,411025 8,711963 9,087641 9,365258 9,69032 
[ e ;  jungle26 ; breaker: 1,0 ] --> 0 0,024414 0,06587392 0,1371222 0,1283346 0,1196005 0,1092868 0,0339601 0,1658928 0,1803629 0,2302272 0,2022576 0,01137018 0,0184741 0,01883078 0,2823758 0,03781319 0,205008 0,2867675 0,2720542 0,2679749 0,4670057 0,7110252 0,9119625 0,847641 0,8652582 
Absolute Error Mean: 0,2538805

[ p ;  jungle26 ; breaker: 1,0 ] --> 0,2 0,5 0,76 1,37 1,93 2,24 2,72 2,93 3,2 3,51 3,78 4,08 4,57 4,9 5,19 5,3 5,92 6,1 6,37 6,76 7,09 7,24 7,7 7,8 8,24 8,5 
[ s ;  jungle26 ; breaker: 1,0 ] --> 0,2 0,4526598 1,068193 1,628832 2,337177 2,592359 2,90023 3,251959 3,507852 3,834659 4,167906 4,49768 4,801511 5,106007 5,463533 5,767346 6,431525 6,785801 7,093116 7,374378 7,656062 7,959377 8,59252 8,820606 9,150671 9,426314 
[ e ;  jungle26 ; breaker: 1,0 ] --> 0 0,04734018 0,3081926 0,2588315 0,4071769 0,3523593 0,1802299 0,3219588 0,3078518 0,3246591 0,3879058 0,4176798 0,2315111 0,2060065 0,2735333 0,4673462 0,5115252 0,6858015 0,7231159 0,6143775 0,5660615 0,7193775 0,89252 1,020606 0,9106712 0,9263144 
Absolute Error Mean: 0,4639597

[ p ;  jungle26 ; breaker: 1,0 ] --> 0,2 0,5 0,76 1,37 1,93 2,24 2,72 2,93 3,2 3,51 3,78 4,08 4,57 4,9 5,19 5,3 5,92 6,1 6,37 6,76 7,09 7,24 7,7 7,8 8,24 8,5 
[ s ;  jungle26 ; breaker: 1,0 ] --> 0,2 0,5006441 0,8756601 1,400826 2,052146 2,354769 2,652867 2,950065 3,300662 3,575462 3,926422 4,250768 4,600962 4,926291 5,231183 5,535047 5,865159 6,193767 6,522698 6,85583 7,159612 7,542219 8,225451 8,475028 8,833169 9,114333 9,393164 
[ e ;  jungle26 ; breaker: 1,0 ] --> 0 0,0006440878 0,1156601 0,03082573 0,122146 0,1147685 0,06713271 0,02006459 0,1006615 0,06546211 0,1464217 0,1707678 0,03096199 0,02629089 0,04118252 0,2350469 0,05484152 0,09376669 0,1526985 0,09582996 0,06961203 0,3022189 0,5254517 0,6750278 0,5931692 0,6143332 
Absolute Error Mean: 0,1717303

[ p ;  jungle26 ; breaker: 1,0 ] --> 0,2 0,5 0,76 1,37 1,93 2,24 2,72 2,93 3,2 3,51 3,78 4,08 4,57 4,9 5,19 5,3 5,92 6,1 6,37 6,76 7,09 7,24 7,7 7,8 8,24 8,5 
[ s ;  jungle26 ; breaker: 1,0 ] --> 0,2 0,5258455 0,8519699 1,33396 2,067136 2,394302 2,597277 2,927633 3,465469 3,740836 4,116451 4,452556 4,783607 5,116216 5,440367 5,667983 6,306644 6,687838 6,966706 7,322046 7,625551 7,957639 8,558008 8,80982 9,165244 9,44182 
[ e ;  jungle26 ; breaker: 1,0 ] --> 0 0,02584553 0,09196991 0,03604043 0,1371361 0,1543024 0,1227231 0,00236702 0,2654693 0,2308362 0,3364513 0,3725562 0,2136064 0,2162161 0,2503667 0,3679824 0,3866439 0,5878382 0,5967059 0,5620456 0,5355506 0,717639 0,8580084 1,00982 0,9252443 0,9418201 
Absolute Error Mean: 0,3825071

[ p ;  jungle8 ; breaker: 1,0 ] --> 0,2 0,5 0,76 1,37 1,93 2,24 2,72 2,93 3,2 3,51 3,78 4,08 4,57 4,9 5,19 5,3 5,92 6,1 6,37 6,76 7,09 7,24 7,7 7,8 8,24 8,5 
