b;0;0,08201772;0,2502192;0,4295226;0,1258961;0,4500256;0,2230456;1,45388;
b;0;0,04403248;0,02633643;0,09162188;0,2676636;0,2666054;0,3531373;0,4729629;
b;0;0,004162252;0,07578075;0,2281197;0,3450049;0,3377473;0,7151048;0,7092724;
b;0;0,002974868;0,1031624;0,2308848;0,3040048;0,2947969;0,5707138;0,560503;
b;0;0,01922366;0,05284005;0,07126176;0,6528081;0,6000006;0,7332523;0,7766116;
b;0;0,0190489;0,05133301;0,1341662;0,3751491;0,3498857;0,6516492;0,615571;
b;0;0,04746538;0,05210984;0,004031658;0,09589875;0,06462049;0,2923121;0,2611918;
b;0;0,003619552;0,001728177;0,1759282;0,3028823;0,3248875;0,5304751;0,5006821;
b;0;0,0008894205;0,01326758;0,07213306;0,4947697;0,4609666;0,8117316;0,7768395;
b;0;0,02142537;0,03096628;0,2667514;0,5721742;0,5629621;1,018109;0,9874976;
s;0;0,02631313;0,2165843;0,08237433;0,3314444;0,4229758;0,298054;0,8719876;
s;0;0,03060967;0,1223437;0,1117281;0,07975161;0,02454185;0,09605837;0,05144048;0,3322504;0,3216653;0,3823946;0,3878918;0,177691;0,1234899;0,1385536;0,3363342;
s;0;0,09214085;0,2868054;0,07578206;0,2830424;0,03638053;0,2889795;0,1697786;0,2115557;0,1412692;0,1320715;0,08009696;0,2163148;0,2448587;0,1278038;0,2159138;
s;0;0,02484235;0,008179545;0,3811738;0,8183576;0,8549886;0,6463783;0,830523;1,153405;1,213485;1,315153;1,316947;1,175962;1,19713;1,284538;1,605534;
s;0;0,0246492;0,01503903;0,3437636;0,1209813;0,176518;0,2765489;0,1359274;0,09476209;0,1422639;0,1708875;0,1964884;0,01770878;0,04892349;0,01230192;0,2537498;
s;0;0,02478927;0,006440997;0,3416735;0,5736314;0,326452;0,579478;0,4653549;0,2104237;0,169225;0,1151776;0,06583261;0,2048302;0,2346926;0,1982074;0,04888868;
s;0;0,001499653;0,02393621;0,2835627;0,5155203;0,1234128;0,3005567;0,1802683;0,05582142;0,1495388;0,1119261;0,1104617;0,1290722;0,1327829;0,08247328;0,4314337;
s;0;0,02465761;0,04376954;0,4142216;0,6886343;0,7085969;0,5796626;0,693821;0,8280523;0,8497984;0,9111326;0,9359512;0,8016896;0,799221;0,8346992;1,074743;
s;0;0,0166285;0,02144104;0,3790289;0,2036082;0,152416;0,279397;0,1326818;0,1572428;0,09720302;0,1639459;0,2194209;0,08601284;0,0821209;0,1480637;0,3969679;
s;0;0,05694366;0,1244118;0,03839087;0,3109452;0,3054688;0,1033764;0,2461834;0,4767468;0,5409806;0,5951116;0,6956677;0,5617366;0,5587358;0,643774;0,8850327;
b;0;0,09090072;0,2128648;0,3497952;0,4538502;0,4005435;0,1479449;0,475455;0,4369211;0,5864213;0,5231559;0,4528899;0,2135696;0,2908726;0,2796178;0,3487773;
b;0;0,07203448;0,05046511;0,02268302;0,004989743;0,04785919;0,05951762;0,1023753;0,109385;0,02651596;0,08731031;0,4457073;0,184165;0,1326084;0,4695811;0,8375325;
b;0;0,06923747;0,07574934;0,09841907;0,3327218;0,3295958;0,4891791;0,5600505;0,6727142;0,5670264;0,4980438;0,8570237;0,5969119;0,878408;0,8466678;0,9630299;
b;0;0,0499844;0,02730834;0,07985437;0,06830645;0,03453708;0,4382918;0,4776056;0,4322705;0,3973804;0,7277448;0,7787199;0,5653224;0,5407252;0,5787053;0,7992048;
b;0;0,232755;0,2724919;0,386573;0,4345165;0,378058;0,07969475;0,1476777;0,556051;0,5219905;0,5012782;0,4274845;0,2122841;0,2313113;0,0915904;0,1319079;
b;0;0,01774919;0,02853072;0,1246681;0,3338243;0,3039165;0,4146047;0,6555297;0,7114985;0,7517192;0,6868799;0,7438726;0,5313458;0,532939;0,523375;0,8948717;
b;0;0,0006816089;0,5133185;1,204397;1,218247;1,166158;0,9368601;1,303727;1,583009;1,89758;2,131644;2,060381;1,746526;1,645643;1,658577;1,851456;
b;0;0,1468291;0,1670915;0,332162;0,07640684;0,5629497;0,2660861;0,7539427;0,6956513;0,5630696;0,4984653;0,4249253;0,1380415;0,3988438;0,4120336;0,4816666;
b;0;0,09606293;0,04748833;0,07530272;0,1505312;0,29162;0,372612;0,3910892;0,3226781;0,2118323;0,3740475;0,5034733;0,2931705;0,1910567;0,2559209;0,4730797;
b;0;0,1840177;0,5872074;0,920235;1,046446;0,9659278;1,149932;1,244937;1,130785;1,078771;1,037393;1,04303;0,7600536;0,7058587;0,6721225;0,964817;
b;0;0,1226002;0,1567345;0,0838809;0,08419657;0,03731942;0,05838513;0,3569679;0,4123509;0,3783855;0,3647916;0,2906799;0,003736973;0,123652;0,007223606;0,7241144;
b;0;0,09985828;0,1844047;0,04356182;0,0009372234;0,1466663;0,2229557;0,4894872;0,4480925;0,3144743;0,2461555;0,200336;0,08685303;0,0907197;0,4605837;0,575212;0,1297002;0,1736193;0,129683;0,06026793;0,09163189;0,2850323;0,1750188;0,2993269;0,2869558;0,4583035;
b;0;0,1525565;0,1704929;0,438244;0,4559983;0,8250368;0,5469987;0,5133307;0,672236;0,5924003;0,5763581;0,4772973;0,1636796;0,01120996;0,1247172;0,8746476;0,8100181;0,8304172;0,736361;0,5460014;0,8509173;0,9317579;0,6733751;1,20566;1,089765;1,155131;
b;0;0,09574887;0,1502845;0,1582664;0,2421314;0,1639018;0,1354969;0,347837;0,41471;0,3355854;0,2720797;0,1532373;0,1843634;0,3364511;0,4464941;0,2103305;0,1543026;0,2051926;0,1148024;0,09561729;0,06252432;0,005755901;0,2855353;0,02961397;0,2885132;0,3685884;
b;0;0,1211257;0,3487827;0,6287012;1,286358;1,204252;0,9299364;0,9238405;0,9108255;1,164119;1,12322;1,329978;1,039741;0,909935;1,023636;1,117409;0,673141;0,6706123;0,6054578;0,4223943;0,2996011;0,326838;0,3748264;0,4778442;0,4947643;0,4617214;
b;0;0,09940282;0,5263022;0,7832936;2,317955;2,233135;2,335852;2,376172;2,332997;2,222199;2,201096;2,226282;2,598796;2,498224;2,540133;2,631354;2,212018;2,483841;2,694058;2,581574;2,681342;3,261557;3,003181;3,054548;3,143632;3,057778;
b;0;0,01817393;0,05316448;0,145597;0,2393461;0,1323183;0,2375283;0,5411592;0,4484682;0,3183949;0,3289559;0,260303;0,02639675;0,1771011;0,2857766;0,06636381;0,3010936;0,2751889;0,368093;0,3238769;0,2695017;0,06365204;0,1620784;0,08400059;0,2599688;0,1494808;
b;0;0,1232191;0,6874454;1,052176;1,19435;1,134117;1,303372;1,36799;1,324496;1,840878;1,794838;1,719839;1,427912;1,59978;1,533066;1,599109;1,278532;1,299118;1,230383;1,342864;1,217653;1,298045;1,368815;1,475028;1,641713;1,533075;
b;0;0,02766699;0,6299371;0,6293666;1,175168;1,095989;0,8953383;0,9644847;1,529912;1,526444;1,583163;1,564002;1,351351;1,303718;1,314947;1,485514;1,042922;1,448791;1,432246;1,29431;1,216731;1,623863;1,366673;1,442534;1,613714;1,532929;
b;0;0,05472088;0,01693928;0,1511476;0,2442995;0,2357461;0,006340504;0,6350737;0,5682306;0,4832506;0,5163739;0,5697002;0,6614075;0,6359677;0,5687265;0,6845555;0,2902503;0,7159004;0,6490436;0,4107113;0,2341547;0,7151756;0,407341;0,7588987;0,4931717;0,6117859;
s;0;0,001214445;0,03914362;0,2702247;0,08155632;0,08868194;0,2177384;0,1546326;
s;0;0,003735721;0,09661889;0,1871302;0,02678943;0,00874567;0,2097795;0,07024407;
s;0;0,02412808;0,06458312;0,6687151;0,9687213;0,9577703;0,8284745;0,9933908;
s;0;0,002899528;0,596874;0,3860331;0,652182;0,5910852;0,4892986;0,7829907;
s;0;0,1267496;0,1922892;0,06977141;0,1714033;0,1605566;0,005274773;0,0961926;
s;0;0,07543203;0,05725586;0,3372157;0,06455421;0,09498858;0,2962406;0,155463;
s;0;0,006488144;0,04788947;0,3147801;0,5257312;0,4917438;0,2860029;0,4019234;
s;0;0,004981041;0,04683709;0,2164406;0,4353741;0,3736351;0,171325;0,2662697;
s;0;0,0260379;0,01565427;0,1291047;0,2494887;0,1879544;0,005715132;0,1445837;
s;0;0,0001301765;0,04091918;0,2890302;0,07033503;0,08030224;0,260133;0,1206388;
s;0;0,06864893;0,0009222627;0,2817485;0,1363853;0,197706;0,3509035;0,2595897;
s;0;0,05853701;0,1008325;0,2088809;0,4127337;0,1966944;0,3928502;0,2436416;0,1111915;0,04352236;0,0400238;0,06579256;0,09580326;0,07480383;0,0380764;0,151813;0,01090479;0,2083459;0,2876487;0,2002563;0,2203236;0,526134;0,8460913;1,049166;0,9379902;0,9541063;
s;0;0,0001390576;0,1144679;0,07971823;0,1518956;0,1206627;0,0781486;0,0919888;0,1758103;0,1158438;0,1958568;0,244226;0,08255672;0,1342211;0,1701851;0,3585911;0,1467619;0,5740442;0,6048942;0,5128813;0,4786983;0,6011348;0,590107;1,089374;0,9005327;0,9659634;
s;0;0,05315357;0,1411221;0,2557672;0,3239959;0,2689586;0,1142511;0,2349057;0,3970671;0,3926203;0,4797671;0,5073371;0,3741755;0,3519292;0,3935571;0,5094738;0,4992394;0,6700387;0,7558274;0,7422857;0,9221535;1,156584;1,68121;1,885653;1,72187;1,821109;
s;0;0,02631038;0,09390974;0,1092923;0,1194485;0,06466007;0,1164651;0,02605128;0,1549323;0,2020862;0,3109744;0,3415327;0,2082486;0,1822128;0,2233868;0,4451995;0,1515474;0,3223662;0,4275589;0,3843532;0,404798;0,5558958;0,690691;0,8687592;0,8075695;0,8237696;
s;0;0,07753193;0,196436;0,2464421;0,3442873;0,3178425;0,1455848;0,2930739;0,4317927;0,4461594;0,5774286;0,6030269;0,5174646;0,5659852;0,6047482;0,8539534;0,7705441;0,8977213;0,9798999;0,8949633;0,8437443;0,9990835;0,8227329;1,308883;1,146832;1,16602;
s;0;0,024414;0,06587392;0,1371222;0,1283346;0,1196005;0,1092868;0,0339601;0,1658928;0,1803629;0,2302272;0,2022576;0,01137018;0,0184741;0,01883078;0,2823758;0,03781319;0,205008;0,2867675;0,2720542;0,2679749;0,4670057;0,7110252;0,9119625;0,847641;0,8652582;
s;0;0,04734018;0,3081926;0,2588315;0,4071769;0,3523593;0,1802299;0,3219588;0,3078518;0,3246591;0,3879058;0,4176798;0,2315111;0,2060065;0,2735333;0,4673462;0,5115252;0,6858015;0,7231159;0,6143775;0,5660615;0,7193775;0,89252;1,020606;0,9106712;0,9263144;
s;0;0,0006440878;0,1156601;0,03082573;0,122146;0,1147685;0,06713271;0,02006459;0,1006615;0,06546211;0,1464217;0,1707678;0,03096199;0,02629089;0,04118252;0,2350469;0,05484152;0,09376669;0,1526985;0,09582996;0,06961203;0,3022189;0,5254517;0,6750278;0,5931692;0,6143332;
s;0;0,02584553;0,09196991;0,03604043;0,1371361;0,1543024;0,1227231;0,00236702;0,2654693;0,2308362;0,3364513;0,3725562;0,2136064;0,2162161;0,2503667;0,3679824;0,3866439;0,5878382;0,5967059;0,5620456;0,5355506;0,717639;0,8580084;1,00982;0,9252443;0,9418201;
