
NEW RESULT

[ p ;  jungle8 ; breaker: 1,0 ] --> 0,2 0,5 0,76 1,37 1,93 2,24 2,72 2,93 
[ b ;  jungle8 ; breaker: 1,0 ] --> 0,2 0,5801839 0,9123533 1,573469 2,151271 2,457478 3,040814 3,320535 
[ e ;  jungle8 ; breaker: 1,0 ] --> 0 0,08018386 0,1523533 0,2034693 0,2212714 0,2174778 0,3208141 0,3905351 
Absolute Error Mean: 0,1982631

[ p ;  jungle8 ; breaker: 1,0 ] --> 0,2 0,5 0,76 1,37 1,93 2,24 2,72 2,93 
[ b ;  jungle8 ; breaker: 1,0 ] --> 0,2 0,6325659 0,9125744 1,575491 2,158759 2,464119 3,043659 3,343099 
[ e ;  jungle8 ; breaker: 1,0 ] --> 0 0,1325659 0,1525744 0,2054909 0,2287594 0,2241187 0,3236594 0,4130988 
Absolute Error Mean: 0,2100334

[ p ;  jungle8 ; breaker: 1,0 ] --> 0,2 0,5 0,76 1,37 1,93 2,24 2,72 2,93 
[ b ;  jungle8 ; breaker: 1,0 ] --> 0,2 0,5798728 0,8592222 1,394593 1,902224 2,158031 2,668756 2,92615 
[ e ;  jungle8 ; breaker: 1,0 ] --> 0 0,07987285 0,09922218 0,02459288 0,02777624 0,08196878 0,05124354 0,003849983 
Absolute Error Mean: 0,04606581

[ p ;  jungle8 ; breaker: 1,0 ] --> 0,2 0,5 0,76 1,37 1,93 2,24 2,72 2,93 
[ b ;  jungle8 ; breaker: 1,0 ] --> 0,2 0,5143371 0,7972053 1,36177 1,845384 2,127033 2,641251 2,896947 
[ e ;  jungle8 ; breaker: 1,0 ] --> 0 0,01433712 0,03720528 0,008230329 0,08461571 0,1129668 0,07874894 0,03305268 
Absolute Error Mean: 0,0461446

[ p ;  jungle8 ; breaker: 1,0 ] --> 0,2 0,5 0,76 1,37 1,93 2,24 2,72 2,93 
[ b ;  jungle8 ; breaker: 1,0 ] --> 0,2 0,6557522 0,8838229 1,466209 1,975406 2,325935 3,027345 3,277206 
[ e ;  jungle8 ; breaker: 1,0 ] --> 0 0,1557522 0,1238229 0,09620905 0,04540563 0,08593464 0,3073447 0,3472061 
Absolute Error Mean: 0,1452094

[ p ;  jungle8 ; breaker: 1,0 ] --> 0,2 0,5 0,76 1,37 1,93 2,24 2,72 2,93 
[ b ;  jungle8 ; breaker: 1,0 ] --> 0,2 0,6559041 0,8860233 1,546384 2,102225 2,355417 2,86671 3,098698 
[ e ;  jungle8 ; breaker: 1,0 ] --> 0 0,1559041 0,1260233 0,1763842 0,1722254 0,1154175 0,1467097 0,1686983 
Absolute Error Mean: 0,1326703

[ p ;  jungle8 ; breaker: 1,0 ] --> 0,2 0,5 0,76 1,37 1,93 2,24 2,72 2,93 
[ b ;  jungle8 ; breaker: 1,0 ] --> 0,2 0,7052462 0,9060159 1,490671 2,046444 2,301431 2,832478 3,058802 
[ e ;  jungle8 ; breaker: 1,0 ] --> 0 0,2052462 0,1460159 0,1206714 0,1164445 0,06143093 0,112478 0,1288021 
Absolute Error Mean: 0,1113861

[ p ;  jungle8 ; breaker: 1,0 ] --> 0,2 0,5 0,76 1,37 1,93 2,24 2,72 2,93 
[ b ;  jungle8 ; breaker: 1,0 ] --> 0,2 0,628542 0,8806271 1,432566 2,037877 2,287727 2,767795 3,019082 
[ e ;  jungle8 ; breaker: 1,0 ] --> 0 0,128542 0,1206271 0,06256604 0,1078774 0,04772663 0,04779458 0,089082 
Absolute Error Mean: 0,07552697

[ p ;  jungle8 ; breaker: 1,0 ] --> 0,2 0,5 0,76 1,37 1,93 2,24 2,72 2,93 
[ b ;  jungle8 ; breaker: 1,0 ] --> 0,2 0,7033828 0,9322065 1,487516 2,044019 2,319685 2,8283 3,110261 
[ e ;  jungle8 ; breaker: 1,0 ] --> 0 0,2033828 0,1722065 0,1175163 0,1140188 0,07968497 0,1082995 0,1802611 
Absolute Error Mean: 0,1219212

[ p ;  jungle8 ; breaker: 1,0 ] --> 0,2 0,5 0,76 1,37 1,93 2,24 2,72 2,93 
[ b ;  jungle8 ; breaker: 1,0 ] --> 0,2 0,6868979 0,9649951 1,621919 2,163921 2,440512 2,989361 3,269083 
[ e ;  jungle8 ; breaker: 1,0 ] --> 0 0,1868979 0,2049952 0,2519186 0,2339214 0,2005117 0,2693613 0,3390832 
Absolute Error Mean: 0,2108361

[ p ;  jungle16 ; breaker: 1,0 ] --> 0,2 0,5 0,76 1,37 1,93 2,24 2,72 2,93 
[ s ;  jungle16 ; breaker: 1,0 ] --> 0,2 0,4567398 0,736464 1,015678 1,622752 1,955079 2,284717 2,615177 3,04989 3,402359 3,681581 4,014962 4,322662 4,606213 4,908496 5,263733 
[ e ;  jungle16 ; breaker: 1,0 ] --> 0 0,04326025 0,02353603 0,3543216 0,3072478 0,2849208 0,4352832 0,3148227 
Absolute Error Mean: 0,220424

[ p ;  jungle16 ; breaker: 1,0 ] --> 0,2 0,5 0,76 1,37 1,93 2,24 2,72 2,93 3,2 3,51 3,78 4,08 4,57 4,9 5,19 5,3 
[ s ;  jungle16 ; breaker: 1,0 ] --> 0,2 0,4538151 0,6827707 1,009782 1,417503 1,797337 2,078187 2,338454 2,847773 3,128617 3,412433 3,719897 4,028013 4,333527 4,612674 4,891977 
[ e ;  jungle16 ; breaker: 1,0 ] --> 0 0,0461849 0,07722932 0,3602183 0,5124971 0,442663 0,641813 0,5915465 0,3522272 0,3813829 0,3675666 0,3601031 0,5419874 0,5664735 0,5773263 0,4080234 
Absolute Error Mean: 0,3892027

[ p ;  jungle16 ; breaker: 1,0 ] --> 0,2 0,5 0,76 1,37 1,93 2,24 2,72 2,93 3,2 3,51 3,78 4,08 4,57 4,9 5,19 5,3 
[ s ;  jungle16 ; breaker: 1,0 ] --> 0,2 0,4531391 0,7046512 0,9865934 1,592062 1,968053 2,31792 2,594095 3,069131 3,371272 3,672396 3,953041 4,256299 4,510303 4,814562 5,067392 
[ e ;  jungle16 ; breaker: 1,0 ] --> 0 0,0468609 0,05534875 0,3834066 0,3379381 0,271947 0,4020803 0,3359051 0,1308689 0,1387277 0,107604 0,1269588 0,3137012 0,3896966 0,3754382 0,2326078 
Absolute Error Mean: 0,2280681

[ p ;  jungle16 ; breaker: 1,0 ] --> 0,2 0,5 0,76 1,37 1,93 2,24 2,72 2,93 3,2 3,51 3,78 4,08 4,57 4,9 5,19 5,3 
[ s ;  jungle16 ; breaker: 1,0 ] --> 0,2 0,4306254 0,7083368 0,9882179 1,445883 1,882746 2,189649 2,492462 2,924483 3,180373 3,458811 3,764211 4,070043 4,374421 4,607837 4,941421 
[ e ;  jungle16 ; breaker: 1,0 ] --> 0 0,06937459 0,05166316 0,3817821 0,484117 0,3572537 0,5303512 0,4375377 0,2755175 0,3296273 0,3211887 0,3157887 0,4999571 0,5255795 0,5821633 0,3585796 
Absolute Error Mean: 0,3450301

[ p ;  jungle16 ; breaker: 1,0 ] --> 0,2 0,5 0,76 1,37 1,93 2,24 2,72 2,93 3,2 3,51 3,78 4,08 4,57 4,9 5,19 5,3 
[ s ;  jungle16 ; breaker: 1,0 ] --> 0,2 0,4813305 0,7393693 0,9934891 1,533543 1,864942 2,119385 2,768103 3,202936 3,459884 3,744555 4,052915 4,306234 4,564555 4,822766 5,15649 
[ e ;  jungle16 ; breaker: 1,0 ] --> 0 0,01866952 0,02063066 0,3765109 0,3964568 0,3750584 0,600615 0,1618967 0,002935886 0,05011582 0,03544521 0,02708483 0,2637663 0,3354454 0,3672338 0,1435099 
Absolute Error Mean: 0,1984609

[ p ;  jungle16 ; breaker: 1,0 ] --> 0,2 0,5 0,76 1,37 1,93 2,24 2,72 2,93 3,2 3,51 3,78 4,08 4,57 4,9 5,19 5,3 
[ s ;  jungle16 ; breaker: 1,0 ] --> 0,2 0,4278204 0,6780435 0,9286952 1,536739 1,818803 2,146633 2,424605 2,851998 3,150625 3,431993 3,741259 4,04755 4,333576 4,61236 4,870263 
[ e ;  jungle16 ; breaker: 1,0 ] --> 0 0,07217962 0,08195651 0,4413048 0,3932614 0,4211969 0,5733669 0,5053954 0,3480024 0,3593752 0,3480074 0,3387413 0,5224504 0,5664244 0,5776405 0,4297376 
Absolute Error Mean: 0,37369

[ p ;  jungle16 ; breaker: 1,0 ] --> 0,2 0,5 0,76 1,37 1,93 2,24 2,72 2,93 3,2 3,51 3,78 4,08 4,57 4,9 5,19 5,3 
[ s ;  jungle16 ; breaker: 1,0 ] --> 0,2 0,5284069 0,936128 1,261332 1,767353 2,047442 2,326626 2,63128 3,085863 3,338306 3,593514 3,87268 4,126957 4,358118 4,612008 4,944212 
[ e ;  jungle16 ; breaker: 1,0 ] --> 0 0,02840686 0,176128 0,108668 0,1626472 0,1925578 0,3933737 0,2987204 0,1141374 0,1716936 0,1864862 0,2073197 0,4430428 0,5418825 0,577992 0,3557882 
Absolute Error Mean: 0,2474278

[ p ;  jungle16 ; breaker: 1,0 ] --> 0,2 0,5 0,76 1,37 1,93 2,24 2,72 2,93 3,2 3,51 3,78 4,08 4,57 4,9 5,19 5,3 
[ s ;  jungle16 ; breaker: 1,0 ] --> 0,2 0,4281469 0,6571455 1,0372 1,566768 1,868558 2,119777 2,401008 2,804342 3,08304 3,339338 3,592591 3,847406 4,098267 4,375315 4,678173 
[ e ;  jungle16 ; breaker: 1,0 ] --> 0 0,0718531 0,1028545 0,3327996 0,3632319 0,3714424 0,6002231 0,5289917 0,3956583 0,4269605 0,4406621 0,4874091 0,722594 0,801733 0,8146853 0,6218271 
Absolute Error Mean: 0,4426829

[ p ;  jungle16 ; breaker: 1,0 ] --> 0,2 0,5 0,76 1,37 1,93 2,24 2,72 2,93 3,2 3,51 3,78 4,08 4,57 4,9 5,19 5,3 
[ s ;  jungle16 ; breaker: 1,0 ] --> 0,2 0,432306 0,6373463 0,9954118 1,606262 1,864277 2,11762 2,397845 2,8507 3,078372 3,384736 3,638633 3,891657 4,144183 4,420942 4,723655 
[ e ;  jungle16 ; breaker: 1,0 ] --> 0 0,06769398 0,1226537 0,3745882 0,3237382 0,375723 0,6023798 0,5321553 0,3493001 0,4316275 0,3952641 0,4413671 0,6783433 0,7558174 0,7690578 0,576345 
Absolute Error Mean: 0,4247534

[ p ;  jungle16 ; breaker: 1,0 ] --> 0,2 0,5 0,76 1,37 1,93 2,24 2,72 2,93 3,2 3,51 3,78 4,08 4,57 4,9 5,19 5,3 
[ s ;  jungle16 ; breaker: 1,0 ] --> 0,2 0,4555818 0,6612957 0,9500353 1,524771 1,808006 2,11301 2,396916 2,806166 3,060186 3,348308 3,631269 3,940165 4,221911 4,454794 4,738912 
[ e ;  jungle16 ; breaker: 1,0 ] --> 0 0,04441822 0,09870434 0,4199647 0,4052287 0,4319944 0,6069901 0,5330842 0,3938344 0,4498136 0,4316919 0,4487312 0,6298351 0,6780891 0,7352057 0,5610886 
Absolute Error Mean: 0,4292921

[ p ;  jungle16 ; breaker: 1,0 ] --> 0,2 0,5 0,76 1,37 1,93 2,24 2,72 2,93 3,2 3,51 3,78 4,08 4,57 4,9 5,19 5,3 
[ b ;  jungle16 ; breaker: 1,0 ] --> 0,2 1,221397 1,446432 1,954472 2,207195 2,461798 3,096203 3,778386 4,006045 4,465855 5,076593 5,281155 5,512548 5,716024 6,639984 7,096926 
[ e ;  jungle16 ; breaker: 1,0 ] --> 0 0,7213967 0,6864321 0,5844719 0,2771949 0,2217979 0,3762033 0,8483858 0,8060453 0,9558547 1,296593 1,201155 0,9425478 0,8160238 1,449984 1,796926 
Absolute Error Mean: 0,8113133

[ p ;  jungle16 ; breaker: 1,0 ] --> 0,2 0,5 0,76 1,37 1,93 2,24 2,72 2,93 3,2 3,51 3,78 4,08 4,57 4,9 5,19 5,3 
[ b ;  jungle16 ; breaker: 1,0 ] --> 0,2 0,458271 0,7168567 1,175388 1,739549 2,02092 2,610105 2,91751 3,226524 3,508575 4,020258 4,37149 4,756606 5,120741 5,479332 5,812052 
[ e ;  jungle16 ; breaker: 1,0 ] --> 0 0,04172903 0,04314327 0,1946125 0,1904513 0,2190797 0,1098955 0,01249027 0,02652431 0,001425266 0,2402585 0,2914906 0,1866055 0,2207413 0,2893324 0,5120521 
Absolute Error Mean: 0,1612395

[ p ;  jungle16 ; breaker: 1,0 ] --> 0,2 0,5 0,76 1,37 1,93 2,24 2,72 2,93 3,2 3,51 3,78 4,08 4,57 4,9 5,19 5,3 
[ b ;  jungle16 ; breaker: 1,0 ] --> 0,2 0,9411009 1,172268 1,684317 2,272761 2,528009 3,09357 3,404392 3,658635 3,914572 4,146849 4,379471 4,636925 5,203824 5,51319 6,080569 
[ e ;  jungle16 ; breaker: 1,0 ] --> 0 0,4411009 0,4122678 0,3143175 0,3427609 0,2880089 0,3735704 0,4743922 0,4586351 0,4045715 0,3668487 0,2994714 0,06692505 0,3038239 0,3231897 0,7805686 
Absolute Error Mean: 0,3531533

[ p ;  jungle16 ; breaker: 1,0 ] --> 0,2 0,5 0,76 1,37 1,93 2,24 2,72 2,93 3,2 3,51 3,78 4,08 4,57 4,9 5,19 5,3 
[ b ;  jungle16 ; breaker: 1,0 ] --> 0,2 0,8833527 1,145368 1,399346 1,885306 2,351742 2,585142 2,819605 3,310691 3,521977 3,779824 4,036353 4,54629 4,804121 5,034721 5,266302 
[ e ;  jungle16 ; breaker: 1,0 ] --> 0 0,3833527 0,3853685 0,02934599 0,04469383 0,111742 0,1348584 0,1103947 0,1106908 0,01197696 0,0001757145 0,04364681 0,02370977 0,09587908 0,1552792 0,03369856 
Absolute Error Mean: 0,1046758

[ p ;  jungle16 ; breaker: 1,0 ] --> 0,2 0,5 0,76 1,37 1,93 2,24 2,72 2,93 3,2 3,51 3,78 4,08 4,57 4,9 5,19 5,3 
[ b ;  jungle16 ; breaker: 1,0 ] --> 0,2 0,4591388 0,7161978 1,227451 1,898229 2,180677 2,972574 3,287443 3,568304 3,851647 4,160223 4,748227 5,030715 5,554472 5,834589 6,191471 
[ e ;  jungle16 ; breaker: 1,0 ] --> 0 0,04086119 0,04380214 0,142549 0,03177071 0,0593226 0,2525735 0,3574426 0,3683035 0,3416467 0,3802226 0,6682272 0,4607143 0,6544719 0,6445894 0,8914709 
Absolute Error Mean: 0,333623

[ p ;  jungle16 ; breaker: 1,0 ] --> 0,2 0,5 0,76 1,37 1,93 2,24 2,72 2,93 3,2 3,51 3,78 4,08 4,57 4,9 5,19 5,3 
[ b ;  jungle16 ; breaker: 1,0 ] --> 0,2 0,4568726 0,714821 1,273796 1,908339 2,214241 2,875828 3,158243 3,440712 3,699874 3,95743 4,51855 4,798777 5,078074 5,335902 5,566472 
[ e ;  jungle16 ; breaker: 1,0 ] --> 0 0,04312742 0,04517901 0,09620404 0,02166057 0,02575874 0,1558282 0,2282426 0,2407124 0,1898737 0,1774297 0,43855 0,2287765 0,1780744 0,1459017 0,2664714 
Absolute Error Mean: 0,1551119

[ p ;  jungle16 ; breaker: 1,0 ] --> 0,2 0,5 0,76 1,37 1,93 2,24 2,72 2,93 3,2 3,51 3,78 4,08 4,57 4,9 5,19 5,3 
[ b ;  jungle16 ; breaker: 1,0 ] --> 0,2 0,4833596 0,7403867 1,612069 2,200908 2,456618 2,991851 3,248486 3,50962 3,741657 4,023781 4,610962 4,919141 5,177788 5,457891 5,765433 
[ e ;  jungle16 ; breaker: 1,0 ] --> 0 0,01664037 0,01961333 0,2420695 0,270908 0,2166183 0,2718511 0,3184857 0,3096204 0,2316566 0,2437813 0,530962 0,3491406 0,2777877 0,2678909 0,4654326 
Absolute Error Mean: 0,2520286

[ p ;  jungle16 ; breaker: 1,0 ] --> 0,2 0,5 0,76 1,37 1,93 2,24 2,72 2,93 3,2 3,51 3,78 4,08 4,57 4,9 5,19 5,3 
[ b ;  jungle16 ; breaker: 1,0 ] --> 0,2 0,4275536 0,7345409 1,341164 1,949472 2,282753 2,8414 3,174937 3,460464 3,721362 4,005034 4,513291 4,842458 5,328827 5,609636 6,065345 
[ e ;  jungle16 ; breaker: 1,0 ] --> 0 0,07244638 0,02545911 0,02883589 0,01947224 0,04275322 0,1214004 0,2449372 0,260464 0,2113616 0,2250345 0,433291 0,2724581 0,4288268 0,4196362 0,7653446 
Absolute Error Mean: 0,2232326

[ p ;  jungle16 ; breaker: 1,0 ] --> 0,2 0,5 0,76 1,37 1,93 2,24 2,72 2,93 3,2 3,51 3,78 4,08 4,57 4,9 5,19 5,3 
[ b ;  jungle16 ; breaker: 1,0 ] --> 0,2 0,4553383 0,7853487 1,375168 1,988466 2,294447 2,85791 3,162535 3,449719 3,680747 3,911653 4,446573 4,908857 5,114513 5,647671 5,80207 
[ e ;  jungle16 ; breaker: 1,0 ] --> 0 0,04466173 0,02534866 0,005168319 0,0584656 0,05444741 0,1379104 0,2325354 0,2497191 0,170747 0,1316526 0,3665733 0,3388567 0,2145128 0,4576707 0,50207 
Absolute Error Mean: 0,1868962

[ p ;  jungle16 ; breaker: 1,0 ] --> 0,2 0,5 0,76 1,37 1,93 2,24 2,72 2,93 3,2 3,51 3,78 4,08 4,57 4,9 5,19 5,3 
[ b ;  jungle16 ; breaker: 1,0 ] --> 0,2 0,4317031 0,6874738 1,35256 2,271986 2,550177 3,390728 3,648221 3,931874 4,163188 4,394865 4,624287 4,906448 5,419208 6,368948 6,546759 
[ e ;  jungle16 ; breaker: 1,0 ] --> 0 0,06829691 0,07252622 0,01743996 0,3419856 0,3101773 0,6707284 0,7182207 0,731874 0,6531885 0,6148646 0,5442867 0,3364482 0,519208 1,178948 1,246759 
Absolute Error Mean: 0,5015595

[ p ;  jungle26 ; breaker: 1,0 ] --> 0,2 0,5 0,76 1,37 1,93 2,24 2,72 2,93 3,2 3,51 3,78 4,08 4,57 4,9 5,19 5,3 
[ b ;  jungle26 ; breaker: 1,0 ] --> 0,2 0,429112 0,7081664 1,265867 1,5189 2,083392 3,396994 3,630177 3,863428 4,04235 4,301992 4,870398 5,100426 5,277808 5,485829 5,669462 5,901946 6,389809 6,906608 7,112957 7,268734 7,732948 8,221919 8,429452 8,737165 9,019786 
[ e ;  jungle26 ; breaker: 1,0 ] --> 0 0,07088798 0,05183363 0,1041325 0,4110997 0,1566083 0,6769943 0,7001767 0,6634278 0,5323503 0,5219924 0,7903976 0,5304255 0,3778076 0,2958293 0,3694615 
Absolute Error Mean: 0,3908391

[ p ;  jungle26 ; breaker: 1,0 ] --> 0,2 0,5 0,76 1,37 1,93 2,24 2,72 2,93 3,2 3,51 3,78 4,08 4,57 4,9 5,19 5,3 5,92 6,1 6,37 6,76 7,09 7,24 7,7 7,8 8,24 8,5 
[ b ;  jungle26 ; breaker: 1,0 ] --> 0,2 
[ e ;  jungle26 ; breaker: 1,0 ] --> 0 
Absolute Error Mean: 4,565384

[ p ;  jungle26 ; breaker: 1,0 ] --> 0,2 0,5 0,76 1,37 1,93 2,24 2,72 2,93 3,2 3,51 3,78 4,08 4,57 4,9 5,19 5,3 5,92 6,1 6,37 6,76 7,09 7,24 7,7 7,8 8,24 8,5 
[ b ;  jungle26 ; breaker: 1,0 ] --> 0,2 0,4077853 0,7180235 1,202366 1,565368 1,773404 2,287754 2,494548 2,728073 2,983348 3,459396 3,659721 4,047201 4,280277 4,797043 5,00486 5,184252 5,466876 5,931337 6,135479 6,492774 6,719625 7,12975 7,359458 7,61404 7,864644 
[ e ;  jungle26 ; breaker: 1,0 ] --> 0 0,09221467 0,04197651 0,1676341 0,3646315 0,4665958 0,4322462 0,4354517 0,4719272 0,5266521 0,3206041 0,4202793 0,5227995 0,6197233 0,3929572 0,2951403 0,7357483 0,6331244 0,4386625 0,6245208 0,5972261 0,5203748 0,57025 0,4405422 0,6259594 0,6353564 
Absolute Error Mean: 0,4381769

[ p ;  jungle26 ; breaker: 1,0 ] --> 0,2 0,5 0,76 1,37 1,93 2,24 2,72 2,93 3,2 3,51 3,78 4,08 4,57 4,9 5,19 5,3 5,92 6,1 6,37 6,76 7,09 7,24 7,7 7,8 8,24 8,5 
[ b ;  jungle26 ; breaker: 1,0 ] --> 0,2 0,4325583 0,6891494 1,325225 1,836642 2,092466 2,661595 2,896457 3,101772 3,309707 3,565743 4,080983 4,674112 4,827675 5,320407 5,784764 5,991974 6,27746 6,505979 6,967612 7,429708 7,664671 8,35626 8,921073 9,643785 9,852232 
[ e ;  jungle26 ; breaker: 1,0 ] --> 0 0,06744167 0,07085061 0,04477513 0,09335816 0,1475337 0,05840516 0,03354335 0,09822774 0,2002928 0,2142572 0,0009827614 0,1041121 0,07232475 0,1304069 0,4847641 0,07197428 0,1774602 0,1359787 0,207612 0,3397079 0,4246716 0,6562605 1,121073 1,403786 1,352232 
Absolute Error Mean: 0,2966166

[ p ;  jungle26 ; breaker: 1,0 ] --> 0,2 0,5 0,76 1,37 1,93 2,24 2,72 2,93 3,2 3,51 3,78 4,08 4,57 4,9 5,19 5,3 5,92 6,1 6,37 6,76 7,09 7,24 7,7 7,8 8,24 8,5 
[ b ;  jungle26 ; breaker: 1,0 ] --> 0,2 0,5607778 
[ e ;  jungle26 ; breaker: 1,0 ] --> 0 0,06077784 
Absolute Error Mean: 4,548491

[ p ;  jungle26 ; breaker: 1,0 ] --> 0,2 0,5 0,76 1,37 1,93 2,24 2,72 2,93 3,2 3,51 3,78 4,08 4,57 4,9 5,19 5,3 5,92 6,1 6,37 6,76 7,09 7,24 7,7 7,8 8,24 8,5 
[ b ;  jungle26 ; breaker: 1,0 ] --> 0,2 0,5829076 0,9155475 1,09896 1,306172 1,636049 2,19823 2,427267 3,063608 3,342372 3,623748 3,881039 4,138836 4,675158 4,855915 5,467274 5,799137 6,057513 6,312422 6,563402 6,969241 7,17194 7,350504 7,85036 8,514753 8,716354 
[ e ;  jungle26 ; breaker: 1,0 ] --> 0 0,08290762 0,1555475 0,2710397 0,6238279 0,6039511 0,5217698 0,5027332 0,1363924 0,1676276 0,1562521 0,1989605 0,4311643 0,2248421 0,334085 0,1672735 0,120863 0,04248667 0,05757809 0,1965985 0,1207595 0,06805944 0,3494954 0,0503602 0,2747536 0,2163544 
Absolute Error Mean: 0,2336801

[ p ;  jungle26 ; breaker: 1,0 ] --> 0,2 0,5 0,76 1,37 1,93 2,24 2,72 2,93 3,2 3,51 3,78 4,08 4,57 4,9 5,19 5,3 5,92 6,1 6,37 6,76 7,09 7,24 7,7 7,8 8,24 8,5 
[ b ;  jungle26 ; breaker: 1,0 ] --> 0,2 0,6090339 0,9919845 1,400105 1,90815 2,3464 2,523808 3,035768 3,240455 3,419368 3,75497 4,240331 4,627823 5,191476 5,370752 5,497585 6,16195 6,466383 6,821925 7,306575 7,739489 8,219461 8,372519 8,905172 9,383991 9,561887 
[ e ;  jungle26 ; breaker: 1,0 ] --> 0 0,1090339 0,2319845 0,03010523 0,02185011 0,1064005 0,1961923 0,1057675 0,0404551 0,09063172 0,0250299 0,1603308 0,0578227 0,2914758 0,1807523 0,1975851 0,24195 0,3663826 0,4519253 0,5465751 0,6494884 0,9794617 0,6725187 1,105172 1,143991 1,061887 
Absolute Error Mean: 0,348645

[ p ;  jungle26 ; breaker: 1,0 ] --> 0,2 0,5 0,76 1,37 1,93 2,24 2,72 2,93 3,2 3,51 3,78 4,08 4,57 4,9 5,19 5,3 5,92 6,1 6,37 6,76 7,09 7,24 7,7 7,8 8,24 8,5 
[ b ;  jungle26 ; breaker: 1,0 ] --> 0,2 0,4531327 1,092516 1,524589 2,03597 2,24258 2,498799 2,676664 3,294683 3,525053 3,803345 4,058069 4,314272 4,56926 5,058686 5,266408 5,423498 6,009094 6,343965 6,701808 7,058549 7,470531 7,979667 8,159406 8,316687 8,98195 9,135551 
[ e ;  jungle26 ; breaker: 1,0 ] --> 0 0,04686731 0,3325164 0,1545886 0,1059703 0,002580404 0,2212012 0,2533364 0,09468341 0,0150528 0,02334476 0,02193117 0,2557282 0,33074 0,1313143 0,03359175 0,4965019 0,09090614 0,02603531 0,05819178 0,03145075 0,2305307 0,2796669 0,3594055 0,07668686 0,4819498 
Absolute Error Mean: 0,1597989

[ p ;  jungle26 ; breaker: 1,0 ] --> 0,2 0,5 0,76 1,37 1,93 2,24 2,72 2,93 3,2 3,51 3,78 4,08 4,57 4,9 5,19 5,3 5,92 6,1 6,37 6,76 7,09 7,24 7,7 7,8 8,24 8,5 
[ b ;  jungle26 ; breaker: 1,0 ] --> 0,2 0,5058944 0,8692111 1,101202 1,590215 2,077243 2,25513 2,844361 3,075681 3,334791 3,590994 3,820517 3,999571 4,152675 4,689847 5,205615 5,435997 5,698955 5,979835 6,391137 6,697508 6,952764 7,796559 8,310025 8,7969 8,973963 
[ e ;  jungle26 ; breaker: 1,0 ] --> 0 0,005894423 0,1092111 0,268798 0,339785 0,1627574 0,4648702 0,08563876 0,1243186 0,175209 0,1890061 0,2594833 0,5704288 0,7473249 0,5001535 0,09438515 0,4840031 0,4010453 0,3901653 0,3688631 0,3924923 0,2872362 0,09655905 0,510025 0,5569 0,4739628 
Absolute Error Mean: 0,3099429

[ p ;  jungle26 ; breaker: 1,0 ] --> 0,2 0,5 0,76 1,37 1,93 2,24 2,72 2,93 3,2 3,51 3,78 4,08 4,57 4,9 5,19 5,3 5,92 6,1 6,37 6,76 7,09 7,24 7,7 7,8 8,24 8,5 
[ b ;  jungle26 ; breaker: 1,0 ] --> 0,2 0,5335319 0,9236575 1,101615 1,333263 1,896774 2,354504 2,658926 2,860682 3,061565 3,491114 3,971474 4,150136 4,807452 5,136234 5,466611 5,747904 5,949693 6,382837 6,863298 7,066437 7,62485 7,88031 8,156746 8,435444 8,955084 
[ e ;  jungle26 ; breaker: 1,0 ] --> 0 0,0335319 0,1636575 0,2683854 0,5967373 0,3432264 0,3654964 0,2710736 0,3393176 0,4484348 0,2888858 0,108526 0,4198637 0,09254789 0,05376625 0,1666107 0,1720958 0,1503072 0,01283693 0,1032982 0,02356339 0,38485 0,1803102 0,3567457 0,1954441 0,4550838 
Absolute Error Mean: 0,2305614

[ p ;  jungle8 ; breaker: 1,0 ] --> 0,2 0,5 0,76 1,37 1,93 2,24 2,72 2,93 3,2 3,51 3,78 4,08 4,57 4,9 5,19 5,3 5,92 6,1 6,37 6,76 7,09 7,24 7,7 7,8 8,24 8,5 
[ s ;  jungle8 ; breaker: 1,0 ] --> 0,2 0,5068521 0,7325789 1,033895 1,589888 2,071284 2,323095 2,59962 
[ e ;  jungle8 ; breaker: 1,0 ] --> 0 0,00685209 0,02742112 0,3361049 0,3401119 0,1687164 0,3969047 0,3303802 
Absolute Error Mean: 4,148326

[ p ;  jungle8 ; breaker: 1,0 ] --> 0,2 0,5 0,76 1,37 1,93 2,24 2,72 2,93 
[ s ;  jungle8 ; breaker: 1,0 ] --> 0,2 0,4804709 0,7334735 0,9858515 1,516998 1,874069 2,174238 2,45003 
[ e ;  jungle8 ; breaker: 1,0 ] --> 0 0,0195291 0,02652645 0,3841485 0,4130018 0,3659306 0,5457621 0,4799702 
Absolute Error Mean: 0,2793586

[ p ;  jungle8 ; breaker: 1,0 ] --> 0,2 0,5 0,76 1,37 1,93 2,24 2,72 2,93 
[ s ;  jungle8 ; breaker: 1,0 ] --> 0,2 0,4502192 0,7045306 0,9838896 1,543841 1,821583 2,1247 2,601795 
[ e ;  jungle8 ; breaker: 1,0 ] --> 0 0,04978082 0,05546939 0,3861104 0,3861585 0,4184166 0,5953004 0,3282046 
Absolute Error Mean: 0,2774301

[ p ;  jungle8 ; breaker: 1,0 ] --> 0,2 0,5 0,76 1,37 1,93 2,24 2,72 2,93 
[ s ;  jungle8 ; breaker: 1,0 ] --> 0,2 0,4995576 0,8242868 1,334621 1,94044 2,220983 2,52869 2,805037 
[ e ;  jungle8 ; breaker: 1,0 ] --> 0 0,0004423857 0,06428677 0,03537893 0,01043999 0,01901674 0,1913102 0,1249628 
Absolute Error Mean: 0,05572972

[ p ;  jungle8 ; breaker: 1,0 ] --> 0,2 0,5 0,76 1,37 1,93 2,24 2,72 2,93 
[ s ;  jungle8 ; breaker: 1,0 ] --> 0,2 0,5602955 0,8632614 1,341836 1,874882 2,15478 2,456985 2,73385 
[ e ;  jungle8 ; breaker: 1,0 ] --> 0 0,06029546 0,1032614 0,02816403 0,05511844 0,0852201 0,2630146 0,1961501 
Absolute Error Mean: 0,09890301

[ p ;  jungle8 ; breaker: 1,0 ] --> 0,2 0,5 0,76 1,37 1,93 2,24 2,72 2,93 
[ s ;  jungle8 ; breaker: 1,0 ] --> 0,2 0,4529987 0,7601017 1,012293 1,544208 1,827231 2,083435 2,337372 
[ e ;  jungle8 ; breaker: 1,0 ] --> 0 0,04700133 0,0001016855 0,357707 0,3857921 0,412769 0,6365654 0,5926282 
Absolute Error Mean: 0,3040706

[ p ;  jungle8 ; breaker: 1,0 ] --> 0,2 0,5 0,76 1,37 1,93 2,24 2,72 2,93 
[ s ;  jungle8 ; breaker: 1,0 ] --> 0,2 0,4283894 0,6588994 0,9662808 1,454063 1,786581 2,064249 2,342908 
[ e ;  jungle8 ; breaker: 1,0 ] --> 0 0,07161063 0,1011006 0,4037192 0,4759368 0,4534192 0,6557512 0,5870924 
Absolute Error Mean: 0,3435788

[ p ;  jungle8 ; breaker: 1,0 ] --> 0,2 0,5 0,76 1,37 1,93 2,24 2,72 2,93 
[ s ;  jungle8 ; breaker: 1,0 ] --> 0,2 0,451308 0,7024623 0,954819 1,303543 1,752607 2,029716 2,278929 
[ e ;  jungle8 ; breaker: 1,0 ] --> 0 0,04869196 0,05753767 0,415181 0,6264571 0,4873934 0,6902843 0,6510711 
Absolute Error Mean: 0,372077

[ p ;  jungle8 ; breaker: 1,0 ] --> 0,2 0,5 0,76 1,37 1,93 2,24 2,72 2,93 
[ s ;  jungle8 ; breaker: 1,0 ] --> 0,2 0,483099 0,7085779 0,9899207 1,37253 1,7293 1,986919 2,216336 2,420492 
[ e ;  jungle8 ; breaker: 1,0 ] --> 0 0,01690105 0,05142212 0,3800793 0,5574696 0,5106996 0,7330815 0,7136643 
Absolute Error Mean: 0,3704147

[ p ;  jungle8 ; breaker: 1,0 ] --> 0,2 0,5 0,76 1,37 1,93 2,24 2,72 2,93 
[ s ;  jungle8 ; breaker: 1,0 ] --> 0,2 0,4512274 0,6810046 0,9380362 1,479355 1,733156 1,983568 2,238075 
[ e ;  jungle8 ; breaker: 1,0 ] --> 0 0,04877257 0,07899541 0,4319638 0,4506445 0,5068444 0,7364317 0,6919253 
Absolute Error Mean: 0,3681972

[ p ;  jungle26 ; breaker: 1,0 ] --> 0,2 0,5 0,76 1,37 1,93 2,24 2,72 2,93 
[ s ;  jungle26 ; breaker: 1,0 ] --> 0,2 0,4286257 0,6589789 0,9658067 1,495222 1,795811 2,076853 2,325216 2,725371 3,000282 3,283276 3,590658 3,866593 4,168593 4,445911 4,675433 4,980698 5,431901 5,712995 5,996763 6,275181 6,553162 6,80626 7,083945 7,362799 7,615536 7,871743 8,581921 
[ e ;  jungle26 ; breaker: 1,0 ] --> 0 0,0713743 0,1010211 0,4041933 0,4347776 0,4441888 0,6431468 0,604784 
Absolute Error Mean: 0,3379357

[ p ;  jungle26 ; breaker: 1,0 ] --> 0,2 0,5 0,76 1,37 1,93 2,24 2,72 2,93 3,2 3,51 3,78 4,08 4,57 4,9 5,19 5,3 5,92 6,1 6,37 6,76 7,09 7,24 7,7 7,8 8,24 8,5 
[ s ;  jungle26 ; breaker: 1,0 ] --> 0,2 0,4344926 0,7168589 0,9732894 1,430783 1,658888 1,914024 2,194 2,577832 2,85621 3,159759 3,438999 3,743732 4,000008 4,251457 4,503932 4,860178 5,212854 5,490984 5,767813 6,024074 6,277925 6,555162 6,835555 7,115249 7,37096 
[ e ;  jungle26 ; breaker: 1,0 ] --> 0 0,06550735 0,04314107 0,3967106 0,4992174 0,5811116 0,805976 0,7360005 0,6221678 0,6537895 0,6202412 0,6410007 0,8262684 0,8999925 0,9385433 0,7960677 1,059822 0,8871455 0,8790159 0,9921875 1,065927 0,9620748 1,144838 0,9644451 1,124751 1,12904 
Absolute Error Mean: 0,7436532

[ p ;  jungle26 ; breaker: 1,0 ] --> 0,2 0,5 0,76 1,37 1,93 2,24 2,72 2,93 3,2 3,51 3,78 4,08 4,57 4,9 5,19 5,3 5,92 6,1 6,37 6,76 7,09 7,24 7,7 7,8 8,24 8,5 
[ s ;  jungle26 ; breaker: 1,0 ] --> 0,2 0,5023375 0,7761033 1,025652 1,297839 1,725327 1,973945 2,247853 2,627982 2,908839 3,185492 3,467413 3,772946 4,031521 4,315563 4,567467 5,051407 5,384935 5,666469 5,948173 6,201065 6,479102 6,73125 6,984629 7,268047 7,549418 7,856967 
[ e ;  jungle26 ; breaker: 1,0 ] --> 0 0,002337456 0,01610333 0,3443477 0,6321611 0,5146729 0,7460546 0,6821473 0,5720179 0,601161 0,5945079 0,6125865 0,7970543 0,8684788 0,8744373 0,732533 0,8685927 0,715065 0,7035308 0,8118272 0,8889356 0,7608981 0,9687495 0,815371 0,9719529 0,950582 
Absolute Error Mean: 0,6556195

[ p ;  jungle26 ; breaker: 1,0 ] --> 0,2 0,5 0,76 1,37 1,93 2,24 2,72 2,93 3,2 3,51 3,78 4,08 4,57 4,9 5,19 5,3 5,92 6,1 6,37 6,76 7,09 7,24 7,7 7,8 8,24 8,5 
[ s ;  jungle26 ; breaker: 1,0 ] --> 0,2 0,4801714 0,7886488 1,067744 1,370803 1,647812 1,95594 2,234006 2,541663 2,817757 3,125847 3,434047 3,740909 3,991996 4,248517 4,509334 4,791808 5,075204 5,384657 5,664699 5,944858 6,201693 6,431716 6,713876 6,966848 7,222089 7,475337 
[ e ;  jungle26 ; breaker: 1,0 ] --> 0 0,01982859 0,02864879 0,3022555 0,5591967 0,5921882 0,7640597 0,6959939 0,6583374 0,6922433 0,6541533 0,6459532 0,8290911 0,9080045 0,941483 0,7906666 1,128192 1,024796 0,9853425 1,095302 1,145143 1,038307 1,268283 1,086124 1,273151 1,277911 
Absolute Error Mean: 0,7847944

[ p ;  jungle26 ; breaker: 1,0 ] --> 0,2 0,5 0,76 1,37 1,93 2,24 2,72 2,93 3,2 3,51 3,78 4,08 4,57 4,9 5,19 5,3 5,92 6,1 6,37 6,76 7,09 7,24 7,7 7,8 8,24 8,5 
[ s ;  jungle26 ; breaker: 1,0 ] --> 0,2 0,5545694 0,8075081 1,08614 1,515938 1,995751 2,298976 2,703859 3,05752 3,360519 3,692947 3,997646 4,299947 4,650259 5,003142 5,38167 5,882233 6,410254 6,740717 7,022987 7,305638 7,608061 7,963775 8,267141 8,573051 8,850137 
[ e ;  jungle26 ; breaker: 1,0 ] --> 0 0,05456936 0,04750812 0,28386 0,4140621 0,2442486 0,4210241 0,2261407 0,1424799 0,1494811 0,08705258 0,08235359 0,2700534 0,2497406 0,1868577 0,08166933 0,03776741 0,3102546 0,370717 0,2629867 0,2156382 0,3680615 0,2637753 0,4671412 0,3330517 0,3501368 
Absolute Error Mean: 0,2277166

[ p ;  jungle26 ; breaker: 1,0 ] --> 0,2 0,5 0,76 1,37 1,93 2,24 2,72 2,93 3,2 3,51 3,78 4,08 4,57 4,9 5,19 5,3 5,92 6,1 6,37 6,76 7,09 7,24 7,7 7,8 8,24 8,5 
[ s ;  jungle26 ; breaker: 1,0 ] --> 0,2 0,4564756 0,7151103 0,9951794 1,250402 1,608685 1,91809 2,173328 2,454189 2,732601 2,98917 3,269651 3,526106 3,783199 4,036347 4,339929 4,647714 4,953186 5,282714 5,590927 5,872745 6,128031 6,40921 6,690203 6,969288 7,248309 
[ e ;  jungle26 ; breaker: 1,0 ] --> 0 0,04352435 0,04488969 0,3748206 0,6795979 0,6313145 0,80191 0,7566721 0,7458115 0,7773991 0,7908299 0,8103485 1,043895 1,116801 1,153653 0,9600711 1,272286 1,146814 1,087286 1,169073 1,217255 1,111969 1,29079 1,109797 1,270711 1,251691 
Absolute Error Mean: 0,8715081

[ p ;  jungle26 ; breaker: 1,0 ] --> 0,2 0,5 0,76 1,37 1,93 2,24 2,72 2,93 3,2 3,51 3,78 4,08 4,57 4,9 5,19 5,3 5,92 6,1 6,37 6,76 7,09 7,24 7,7 7,8 8,24 8,5 
[ s ;  jungle26 ; breaker: 1,0 ] --> 0,2 0,5021013 0,7775604 1,035021 1,364129 1,665823 1,941047 2,216389 2,546116 2,799405 3,082535 3,364599 3,646695 3,948735 4,232934 4,510838 4,811925 5,114795 5,418575 5,699903 5,981325 6,237705 6,518433 6,773172 7,053647 7,331807 
[ e ;  jungle26 ; breaker: 1,0 ] --> 0 0,002101302 0,01756036 0,3349788 0,5658708 0,5741771 0,7789534 0,7136111 0,6538842 0,7105949 0,6974649 0,7154007 0,923305 0,9512653 0,9570656 0,7891622 1,108075 0,9852047 0,9514246 1,060098 1,108675 1,002295 1,181567 1,026828 1,186353 1,168193 
Absolute Error Mean: 0,7755426

[ p ;  jungle26 ; breaker: 1,0 ] --> 0,2 0,5 0,76 1,37 1,93 2,24 2,72 2,93 3,2 3,51 3,78 4,08 4,57 4,9 5,19 5,3 5,92 6,1 6,37 6,76 7,09 7,24 7,7 7,8 8,24 8,5 
[ s ;  jungle26 ; breaker: 1,0 ] --> 0,2 0,5010681 0,7528034 0,9761509 1,203947 1,407267 1,788563 1,990481 2,271891 2,552649 2,782533 3,037801 3,269155 3,498579 3,699808 4,058086 4,284743 4,53408 4,734599 4,937274 5,114178 5,315244 5,591315 5,845728 6,125551 6,37769 6,63247 
[ e ;  jungle26 ; breaker: 1,0 ] --> 0 0,001068056 0,007196605 0,3938491 0,7260526 0,8327333 0,9314369 0,9395193 0,9281087 0,957351 0,997467 1,042199 1,300845 1,401421 1,490192 1,241914 1,635257 1,56592 1,635401 1,822727 1,975822 1,924756 2,108685 1,954272 2,114449 2,12231 
Absolute Error Mean: 1,232729

[ p ;  jungle26 ; breaker: 1,0 ] --> 0,2 0,5 0,76 1,37 1,93 2,24 2,72 2,93 3,2 3,51 3,78 4,08 4,57 4,9 5,19 5,3 5,92 6,1 6,37 6,76 7,09 7,24 7,7 7,8 8,24 8,5 
[ s ;  jungle26 ; breaker: 1,0 ] --> 0,2 0,452839 0,7070891 0,9599461 1,467336 1,749441 2,055651 2,310412 2,742055 2,998 3,329805 3,605745 3,88577 4,163003 4,46404 4,739937 5,172344 5,602134 5,927265 6,209563 6,49041 6,740402 7,046784 7,327914 7,635871 7,890799 8,221228 
[ e ;  jungle26 ; breaker: 1,0 ] --> 0 0,04716104 0,05291092 0,4100539 0,4626642 0,4905593 0,6643491 0,6195881 0,4579451 0,5120001 0,4501946 0,4742553 0,6842299 0,7369967 0,7259603 0,5600634 0,7476563 0,4978662 0,4427347 0,550437 0,5995898 0,499598 0,6532159 0,472086 0,6041284 0,609201 
Absolute Error Mean: 0,5009786

[ p ;  jungle26 ; breaker: 1,0 ] --> 0,2 0,5 0,76 1,37 1,93 2,24 2,72 2,93 3,2 3,51 3,78 4,08 4,57 4,9 5,19 5,3 5,92 6,1 6,37 6,76 7,09 7,24 7,7 7,8 8,24 8,5 
[ s ;  jungle26 ; breaker: 1,0 ] --> 0,2 0,4880203 0,7630414 1,045126 1,321685 1,751634 2,007887 2,260925 2,591892 2,847413 3,127387 3,406244 3,710542 3,990877 4,272385 4,52584 4,830166 5,212211 5,545242 5,84658 6,126324 6,410649 6,690361 6,942477 7,273751 7,55377 7,83155 
[ e ;  jungle26 ; breaker: 1,0 ] --> 0 0,0119797 0,003041446 0,3248738 0,6083146 0,4883661 0,7121127 0,6690748 0,6081085 0,6625867 0,6526127 0,6737564 0,8594577 0,9091234 0,9176154 0,7741599 1,089834 0,8877892 0,8247576 0,9134202 0,9636765 0,8293509 1,009639 0,857523 0,966249 0,9462299 
Absolute Error Mean: 0,6986021

[ p ;  jungle8 ; breaker: 1,0 ] --> 0,2 0,5 0,76 1,37 1,93 2,24 2,72 2,93 3,2 3,51 3,78 4,08 4,57 4,9 5,19 5,3 5,92 6,1 6,37 6,76 7,09 7,24 7,7 7,8 8,24 8,5 
