b;0;0,08018386;0,1523533;0,2034693;0,2212714;0,2174778;0,3208141;0,3905351;
b;0;0,1325659;0,1525744;0,2054909;0,2287594;0,2241187;0,3236594;0,4130988;
b;0;0,07987285;0,09922218;0,02459288;0,02777624;0,08196878;0,05124354;0,003849983;
b;0;0,01433712;0,03720528;0,008230329;0,08461571;0,1129668;0,07874894;0,03305268;
b;0;0,1557522;0,1238229;0,09620905;0,04540563;0,08593464;0,3073447;0,3472061;
b;0;0,1559041;0,1260233;0,1763842;0,1722254;0,1154175;0,1467097;0,1686983;
b;0;0,2052462;0,1460159;0,1206714;0,1164445;0,06143093;0,112478;0,1288021;
b;0;0,128542;0,1206271;0,06256604;0,1078774;0,04772663;0,04779458;0,089082;
b;0;0,2033828;0,1722065;0,1175163;0,1140188;0,07968497;0,1082995;0,1802611;
b;0;0,1868979;0,2049952;0,2519186;0,2339214;0,2005117;0,2693613;0,3390832;
s;0;0,04326025;0,02353603;0,3543216;0,3072478;0,2849208;0,4352832;0,3148227;
s;0;0,0461849;0,07722932;0,3602183;0,5124971;0,442663;0,641813;0,5915465;0,3522272;0,3813829;0,3675666;0,3601031;0,5419874;0,5664735;0,5773263;0,4080234;
s;0;0,0468609;0,05534875;0,3834066;0,3379381;0,271947;0,4020803;0,3359051;0,1308689;0,1387277;0,107604;0,1269588;0,3137012;0,3896966;0,3754382;0,2326078;
s;0;0,06937459;0,05166316;0,3817821;0,484117;0,3572537;0,5303512;0,4375377;0,2755175;0,3296273;0,3211887;0,3157887;0,4999571;0,5255795;0,5821633;0,3585796;
s;0;0,01866952;0,02063066;0,3765109;0,3964568;0,3750584;0,600615;0,1618967;0,002935886;0,05011582;0,03544521;0,02708483;0,2637663;0,3354454;0,3672338;0,1435099;
s;0;0,07217962;0,08195651;0,4413048;0,3932614;0,4211969;0,5733669;0,5053954;0,3480024;0,3593752;0,3480074;0,3387413;0,5224504;0,5664244;0,5776405;0,4297376;
s;0;0,02840686;0,176128;0,108668;0,1626472;0,1925578;0,3933737;0,2987204;0,1141374;0,1716936;0,1864862;0,2073197;0,4430428;0,5418825;0,577992;0,3557882;
s;0;0,0718531;0,1028545;0,3327996;0,3632319;0,3714424;0,6002231;0,5289917;0,3956583;0,4269605;0,4406621;0,4874091;0,722594;0,801733;0,8146853;0,6218271;
s;0;0,06769398;0,1226537;0,3745882;0,3237382;0,375723;0,6023798;0,5321553;0,3493001;0,4316275;0,3952641;0,4413671;0,6783433;0,7558174;0,7690578;0,576345;
s;0;0,04441822;0,09870434;0,4199647;0,4052287;0,4319944;0,6069901;0,5330842;0,3938344;0,4498136;0,4316919;0,4487312;0,6298351;0,6780891;0,7352057;0,5610886;
b;0;0,7213967;0,6864321;0,5844719;0,2771949;0,2217979;0,3762033;0,8483858;0,8060453;0,9558547;1,296593;1,201155;0,9425478;0,8160238;1,449984;1,796926;
b;0;0,04172903;0,04314327;0,1946125;0,1904513;0,2190797;0,1098955;0,01249027;0,02652431;0,001425266;0,2402585;0,2914906;0,1866055;0,2207413;0,2893324;0,5120521;
b;0;0,4411009;0,4122678;0,3143175;0,3427609;0,2880089;0,3735704;0,4743922;0,4586351;0,4045715;0,3668487;0,2994714;0,06692505;0,3038239;0,3231897;0,7805686;
b;0;0,3833527;0,3853685;0,02934599;0,04469383;0,111742;0,1348584;0,1103947;0,1106908;0,01197696;0,0001757145;0,04364681;0,02370977;0,09587908;0,1552792;0,03369856;
b;0;0,04086119;0,04380214;0,142549;0,03177071;0,0593226;0,2525735;0,3574426;0,3683035;0,3416467;0,3802226;0,6682272;0,4607143;0,6544719;0,6445894;0,8914709;
b;0;0,04312742;0,04517901;0,09620404;0,02166057;0,02575874;0,1558282;0,2282426;0,2407124;0,1898737;0,1774297;0,43855;0,2287765;0,1780744;0,1459017;0,2664714;
b;0;0,01664037;0,01961333;0,2420695;0,270908;0,2166183;0,2718511;0,3184857;0,3096204;0,2316566;0,2437813;0,530962;0,3491406;0,2777877;0,2678909;0,4654326;
b;0;0,07244638;0,02545911;0,02883589;0,01947224;0,04275322;0,1214004;0,2449372;0,260464;0,2113616;0,2250345;0,433291;0,2724581;0,4288268;0,4196362;0,7653446;
b;0;0,04466173;0,02534866;0,005168319;0,0584656;0,05444741;0,1379104;0,2325354;0,2497191;0,170747;0,1316526;0,3665733;0,3388567;0,2145128;0,4576707;0,50207;
b;0;0,06829691;0,07252622;0,01743996;0,3419856;0,3101773;0,6707284;0,7182207;0,731874;0,6531885;0,6148646;0,5442867;0,3364482;0,519208;1,178948;1,246759;
b;0;0,07088798;0,05183363;0,1041325;0,4110997;0,1566083;0,6769943;0,7001767;0,6634278;0,5323503;0,5219924;0,7903976;0,5304255;0,3778076;0,2958293;0,3694615;
b;0;
b;0;0,09221467;0,04197651;0,1676341;0,3646315;0,4665958;0,4322462;0,4354517;0,4719272;0,5266521;0,3206041;0,4202793;0,5227995;0,6197233;0,3929572;0,2951403;0,7357483;0,6331244;0,4386625;0,6245208;0,5972261;0,5203748;0,57025;0,4405422;0,6259594;0,6353564;
b;0;0,06744167;0,07085061;0,04477513;0,09335816;0,1475337;0,05840516;0,03354335;0,09822774;0,2002928;0,2142572;0,0009827614;0,1041121;0,07232475;0,1304069;0,4847641;0,07197428;0,1774602;0,1359787;0,207612;0,3397079;0,4246716;0,6562605;1,121073;1,403786;1,352232;
b;0;0,06077784;
b;0;0,08290762;0,1555475;0,2710397;0,6238279;0,6039511;0,5217698;0,5027332;0,1363924;0,1676276;0,1562521;0,1989605;0,4311643;0,2248421;0,334085;0,1672735;0,120863;0,04248667;0,05757809;0,1965985;0,1207595;0,06805944;0,3494954;0,0503602;0,2747536;0,2163544;
b;0;0,1090339;0,2319845;0,03010523;0,02185011;0,1064005;0,1961923;0,1057675;0,0404551;0,09063172;0,0250299;0,1603308;0,0578227;0,2914758;0,1807523;0,1975851;0,24195;0,3663826;0,4519253;0,5465751;0,6494884;0,9794617;0,6725187;1,105172;1,143991;1,061887;
b;0;0,04686731;0,3325164;0,1545886;0,1059703;0,002580404;0,2212012;0,2533364;0,09468341;0,0150528;0,02334476;0,02193117;0,2557282;0,33074;0,1313143;0,03359175;0,4965019;0,09090614;0,02603531;0,05819178;0,03145075;0,2305307;0,2796669;0,3594055;0,07668686;0,4819498;
b;0;0,005894423;0,1092111;0,268798;0,339785;0,1627574;0,4648702;0,08563876;0,1243186;0,175209;0,1890061;0,2594833;0,5704288;0,7473249;0,5001535;0,09438515;0,4840031;0,4010453;0,3901653;0,3688631;0,3924923;0,2872362;0,09655905;0,510025;0,5569;0,4739628;
b;0;0,0335319;0,1636575;0,2683854;0,5967373;0,3432264;0,3654964;0,2710736;0,3393176;0,4484348;0,2888858;0,108526;0,4198637;0,09254789;0,05376625;0,1666107;0,1720958;0,1503072;0,01283693;0,1032982;0,02356339;0,38485;0,1803102;0,3567457;0,1954441;0,4550838;
s;0;0,00685209;0,02742112;0,3361049;0,3401119;0,1687164;0,3969047;0,3303802;
s;0;0,0195291;0,02652645;0,3841485;0,4130018;0,3659306;0,5457621;0,4799702;
s;0;0,04978082;0,05546939;0,3861104;0,3861585;0,4184166;0,5953004;0,3282046;
s;0;0,0004423857;0,06428677;0,03537893;0,01043999;0,01901674;0,1913102;0,1249628;
s;0;0,06029546;0,1032614;0,02816403;0,05511844;0,0852201;0,2630146;0,1961501;
s;0;0,04700133;0,0001016855;0,357707;0,3857921;0,412769;0,6365654;0,5926282;
s;0;0,07161063;0,1011006;0,4037192;0,4759368;0,4534192;0,6557512;0,5870924;
s;0;0,04869196;0,05753767;0,415181;0,6264571;0,4873934;0,6902843;0,6510711;
s;0;0,01690105;0,05142212;0,3800793;0,5574696;0,5106996;0,7330815;0,7136643;
s;0;0,04877257;0,07899541;0,4319638;0,4506445;0,5068444;0,7364317;0,6919253;
s;0;0,0713743;0,1010211;0,4041933;0,4347776;0,4441888;0,6431468;0,604784;
s;0;0,06550735;0,04314107;0,3967106;0,4992174;0,5811116;0,805976;0,7360005;0,6221678;0,6537895;0,6202412;0,6410007;0,8262684;0,8999925;0,9385433;0,7960677;1,059822;0,8871455;0,8790159;0,9921875;1,065927;0,9620748;1,144838;0,9644451;1,124751;1,12904;
s;0;0,002337456;0,01610333;0,3443477;0,6321611;0,5146729;0,7460546;0,6821473;0,5720179;0,601161;0,5945079;0,6125865;0,7970543;0,8684788;0,8744373;0,732533;0,8685927;0,715065;0,7035308;0,8118272;0,8889356;0,7608981;0,9687495;0,815371;0,9719529;0,950582;
s;0;0,01982859;0,02864879;0,3022555;0,5591967;0,5921882;0,7640597;0,6959939;0,6583374;0,6922433;0,6541533;0,6459532;0,8290911;0,9080045;0,941483;0,7906666;1,128192;1,024796;0,9853425;1,095302;1,145143;1,038307;1,268283;1,086124;1,273151;1,277911;
s;0;0,05456936;0,04750812;0,28386;0,4140621;0,2442486;0,4210241;0,2261407;0,1424799;0,1494811;0,08705258;0,08235359;0,2700534;0,2497406;0,1868577;0,08166933;0,03776741;0,3102546;0,370717;0,2629867;0,2156382;0,3680615;0,2637753;0,4671412;0,3330517;0,3501368;
s;0;0,04352435;0,04488969;0,3748206;0,6795979;0,6313145;0,80191;0,7566721;0,7458115;0,7773991;0,7908299;0,8103485;1,043895;1,116801;1,153653;0,9600711;1,272286;1,146814;1,087286;1,169073;1,217255;1,111969;1,29079;1,109797;1,270711;1,251691;
s;0;0,002101302;0,01756036;0,3349788;0,5658708;0,5741771;0,7789534;0,7136111;0,6538842;0,7105949;0,6974649;0,7154007;0,923305;0,9512653;0,9570656;0,7891622;1,108075;0,9852047;0,9514246;1,060098;1,108675;1,002295;1,181567;1,026828;1,186353;1,168193;
s;0;0,001068056;0,007196605;0,3938491;0,7260526;0,8327333;0,9314369;0,9395193;0,9281087;0,957351;0,997467;1,042199;1,300845;1,401421;1,490192;1,241914;1,635257;1,56592;1,635401;1,822727;1,975822;1,924756;2,108685;1,954272;2,114449;2,12231;
s;0;0,04716104;0,05291092;0,4100539;0,4626642;0,4905593;0,6643491;0,6195881;0,4579451;0,5120001;0,4501946;0,4742553;0,6842299;0,7369967;0,7259603;0,5600634;0,7476563;0,4978662;0,4427347;0,550437;0,5995898;0,499598;0,6532159;0,472086;0,6041284;0,609201;
s;0;0,0119797;0,003041446;0,3248738;0,6083146;0,4883661;0,7121127;0,6690748;0,6081085;0,6625867;0,6526127;0,6737564;0,8594577;0,9091234;0,9176154;0,7741599;1,089834;0,8877892;0,8247576;0,9134202;0,9636765;0,8293509;1,009639;0,857523;0,966249;0,9462299;
