b;0;0,1316838;0,09850103;0,02326477;
b;0;0,0285421;0,07696617;0,08364224;
s;0;0,03499764;0,1326956;0,1357886;
s;0;0,05701518;0,1301118;0,1838591;
b;0;0,04717445;0,0512923;0,1299843;
b;0;0,002649069;0,09698844;0,09170079;0,1352733;0,1791804;0,3076832;0,3257239;
b;0;0,01736617;0,05115491;0,0520668;0,1346122;0,106318;0,2031281;0,2453241;
b;0;0,004911125;0,07183367;0,09872258;0,1526753;0,07029867;0,0205791;0,01578379;
b;0;0,02093408;0,05164689;0,05463254;0,05543923;0,04809952;0,09128928;0,1231728;
b;0;0,009617507;0,03161514;0,01722813;0,06613362;0,1733932;0,2500746;0,2788184;
b;0;0,06967932;0,04971087;0,07333481;0,0746299;0,01788807;0,07519794;0,08103371;
b;0;0,0215618;0,02540207;0,02356005;0,002187967;0,08306241;0,1546819;0,08418012;
b;0;0,03337407;0,08111501;0,1132509;0,1642188;0,159215;0,1658235;0,1852221;
b;0;0,04500398;0,003963709;0,01791859;0,009286284;0,03238964;0,04329538;0,07389951;
s;0;0,005618215;0,07459903;0,1552118;0,1835614;0,2041864;0,05750346;0,05166578;
s;0;0,006927907;0,07683474;0,07647812;0,1005398;0,07111073;0,1277871;0,1050658;0,05658913;0,0759306;0,1853676;0,2128987;0,003203869;0,06900787;0,07571745;0,006081581;
s;0;0,006480217;0,07943588;0,09843445;0,0971514;0,09166932;0,06179452;0,07146454;0,09386086;0,1165547;0,1800187;0,2876401;0,08356714;0,009326935;0,003993511;0,0665307;
s;0;0,0002804697;0,09308708;0,09081268;0,03546;0,0317471;0,1699667;0,1794238;0,2976134;0,3274591;0,1651673;0,0539341;0,1099305;0,132236;0,08972502;0,04749203;
s;0;0,03619385;0,1361753;0,1110917;0,1362587;0,08424687;0,01207662;0,06841445;0,09829068;0,150708;0,2084227;0,3460231;0,1642513;0,1369963;0,1274571;0,1938391;
s;0;0,03333437;0,1279513;0,07738113;0,03002536;0,0006506443;0,2005584;0,2071812;0,3222437;0,3495202;0,2918377;0,1361923;0,2618814;0,2604184;0,2435246;0,1738801;
s;0;0,002115548;0,0740267;0,000287056;0,004744172;0,02639341;0,09768772;0,1531885;0,03866172;0,03706765;0,04908013;0,1047835;0,04775333;0,04747343;0,05576992;0,01284647;
s;0;0,005755961;0,1039848;0,05300486;0,02957678;0,04894185;0,09650517;0,07697368;0,06267309;0,03538799;0,09736538;0,2048473;0,001798153;0,02379227;0,009282112;0,1136384;
s;0;0,03199852;0,07906216;0,02332973;0,004601002;0,0161097;0,1694188;0,1515005;0,01190281;0,007231474;0,06344223;0,06246042;0,1252942;0,1009212;0,1129661;0,02710962;
s;0;0,02387583;0,05426109;0,005867362;0,04671872;0,07588625;0,2496421;0,1767247;0,1143618;0,01311874;0,003601313;0,006116867;0,0732398;0,04492283;0,003966808;0,1412005;
b;0;0,09374511;0,04788697;0,1698542;0,5475969;0,4715134;0,5701635;0,1891592;0,2031679;0,2312789;0,05961347;0,06033993;0,06213045;0,1892204;0,00748682;0,20398;
b;0;0,04433754;0,01918507;0,09557903;0,1147407;0,2184782;0,1848052;0,161839;0,1066601;0,003369093;0,05405426;0,04699993;0,2571497;0,05245686;0,4253907;0,5220981;
b;0;0,01888412;0,02904838;0,03045142;0,01223886;0,114419;0,1857967;0,1661584;0,002246141;0,1072247;0,0951941;0,1355371;0,3727012;0,2676315;0,02728701;0,1455178;
b;0;0,01736018;0,007817388;0,0651648;0,08316016;0,2144949;0,3847449;0,4161882;0,2087755;0,2395117;0,1578813;0,007511616;0,3172116;0,3671947;0,5310616;0,4849091;
b;0;0,0433411;0,003196537;0,01858819;0,06604505;0,1983299;0,2723782;0,2798514;0,345552;0,449981;0,3899999;0,2844172;0,2082314;0,278266;0,02698851;0,320642;
b;0;0,008901834;0,03147364;0,08856428;0,2380456;0,3183652;0,5145409;0,5200648;0,5591233;0,3335757;0,2929027;0,03021383;0,2906609;0,2388463;0,03346348;0,1267486;
b;0;0,05972731;0,1083176;0,1136452;0,1458269;0,0663507;0,05283499;0,05819249;0,1357942;0,05658412;0,007888556;0,03291416;0,1275749;0,2242723;0,1808987;0,4256406;
b;0;0,06984538;0,2364421;0,2724195;0,001303911;0,05696607;0,2574384;0,1914439;0,1335645;0,1749656;0,4722731;0,3815398;0,07126188;0,3071599;0,637013;0,755434;
b;0;0,3876563;0,3801038;0,1061231;0,2922665;0,2633247;0,06196213;0,1324625;0,1197188;0,09350276;0,3300388;0,6178441;0,3573804;0,2581911;0,4767098;0,5950909;
b;0;0,0422436;0,04628509;0,1712222;0,1678231;0,2467217;0,4694991;0,4230807;0,486522;0,5161438;0,1948922;0,2619658;0,4691324;0,2626786;0,2976136;0,1526318;
b;0;0,04043892;0,04048514;0,05327404;0,04728544;0,1519601;0,2187996;0,2212894;0,02297878;0,1268225;0,1419599;0,185895;0,3639269;0,3841529;0,1371698;0,01546383;
b;0;0,01789546;0,009732902;0,1366352;0,236589;0,3912274;0,4863539;0,5177956;0,6091447;0,4345036;0,1445456;0,1794047;0,1567469;0,0226512;0,2184868;0,288949;0,1237535;0,1048126;0,3253779;0,6026883;0,4784431;0,6862617;0,6835136;0,7861557;0,5502338;0,8252316;
b;0;0,096571;0,02006131;0,01279175;0,00911808;0,1658702;0,1067069;0,1105795;0,1725497;0,3021946;0,2902291;0,283968;0,2114348;0,05579042;0,1933947;0,1235414;0,2017403;0,1371245;0,07246637;0,0905447;0,1627836;0,2523599;0,026371;0,05701399;0,08363628;0,03081989;
b;0;0,09412739;0,06300443;0,1564556;0,1317245;0,287235;0,1271362;0,1818213;0,2468977;0,1700666;0,1849489;0,1760039;0,02525043;0,1501565;0,2229466;0,6551108;0,1650467;0,1693916;0,2601275;0,5441456;0,7526007;0,7358513;0,5077734;1,014462;0,7556486;1,006853;
b;0;0,09675175;0,0759632;0,153093;0,1761942;0,3063964;0,2776356;0,3327749;0,4477677;0,5522773;0,562598;0,5275283;0,5266981;0,3142037;0,4260712;0,02033758;0,4846616;0,5065651;0,4724307;0,5824351;0,6076441;0,3230376;0,1413927;0,06209135;0,0659132;0,008396149;
b;0;0,01744199;0,01948917;0,1155903;0,1918907;0,2964845;0,2699018;0,3270571;0,3906438;0,4689512;0,4551632;0,4679413;0,4726696;0,2650762;0,3509569;0,2842402;0,3354454;0,0284791;0,2627201;0,05182076;0,2669163;0,501821;0,2207222;0,2958193;0,3430767;0,5900869;
b;0;0,0796268;0,02512676;0,07829082;0,1015655;0,2299278;0,1744688;0,2055259;0,2944224;0,3767052;0,3923967;0,3582249;0,3942952;0,2961197;0,4032359;0,3350596;0,4176788;0,08360624;0,200232;0,1249032;0,200707;0,1832991;0,09984255;0,1847916;0,02307892;0,4075174;
b;0;0,1625819;0,1099766;0,09186065;0,1344692;0,2640833;0,3033841;0,1576357;0,06847858;0,05939937;0,2122931;0,4001269;0,09046745;0,09446669;0,3474722;0,4162579;0,02335453;0,4100084;0,8085494;0,624495;0,8364935;1,150229;1,327075;1,404758;1,453026;1,625368;
b;0;0,0948495;0,1751651;0,2696953;0,3198161;0,4482621;0,2891712;0,06717825;0,003816366;0,1249247;0,03175998;0,2075438;0,2613764;0,0848484;0,1847763;0,5329056;0,1689177;0,5293832;0,7486148;0,5360594;0,3634791;0,698823;0,7531214;0,8063307;0,8017607;0,7206144;
b;0;0,1205497;0,0242638;0,1209736;0,29511;0,4498279;0,4688125;0,2451007;0,3316288;0,4596806;0,2464383;0,01357174;0,3244033;0,5014873;0,2266154;0,1566472;0,2841454;0,04898405;0,2074285;0,003170967;0,182169;0,1259723;0,05551815;0,07062387;0,1166725;0,0151701;
s;0;0,02021196;0,07308674;0,02411985;0,02997875;0,05743289;0,2570102;0,2621701;
s;0;0,05415279;0,1523701;0,0940702;0,1156689;0,08487749;0,04013133;0,09636068;
s;0;0,006593168;0,07740259;0,02263451;0,04413331;0,0223372;0,2213147;0,2772217;
s;0;0,006122231;0,1045349;0,1025361;0,1035951;0,1246483;0,02212977;0,405582;
s;0;0,03111762;0,08006632;0,02907407;0,002385616;0,006180525;0,212497;0,2471325;
s;0;0,03286511;0,1256637;0,04835653;0,003117204;0,08751678;0,2651784;0,2717924;
s;0;0,02809262;0,1510895;0,1569132;0,1803185;0,2023239;0,02361369;0,01061249;
s;0;0,01618275;0,1056923;0,07952905;0,09652841;0,08519888;0,118186;0,1518798;
s;0;0,03231299;0,09660518;0,09078908;0,06396747;0,08240676;0,06641579;0,1000867;
s;0;0,002547085;0,09815311;0,07226145;0,09682071;0,09208417;0,1351399;0,1660964;
s;0;0,08263451;0,1017733;0,07756913;0,02746272;0,06610703;0,1136589;0,1713808;
s;0;0,02974594;0,0485732;0,003075004;0,04585958;0,10305;0,2571223;0,2656763;0,1326971;0,1119809;0,1005042;0,1434796;0,3556643;0,4299264;0,3915577;0,274579;0,4089141;0,2576132;0,1988811;0,3321009;0,3560972;0,2018824;0,3801532;0,2024031;0,3844752;0,3875256;
s;0;0,03002489;0,0790211;0,02694321;0,03027844;0,06314516;0,2170403;0,223891;0,08873034;0,07019806;0,06006551;0,08439922;0,3238125;0,371489;0,3086338;0,2653985;0,3245549;0,228837;0,1501541;0,1871562;0,1643538;0,01305723;0,0731349;0,2339268;0,1529875;0,2233105;
s;0;0,05409515;0,1234599;0,06910777;0,0176369;0,08277583;0,05863523;0,08900213;0,05238175;0,048944;0,108218;0,1893802;0,006316185;0,04337931;0,001825809;0,09683275;0,03529167;0,1387472;0,1716585;0,03534889;0,03830767;0,06623173;0,04023409;0,222455;0,06293964;0,05601215;
s;0;0,0575909;0,1040171;0,05665529;0,02141082;0,02772856;0,1761262;0,2331305;0,04806709;0,006710052;0,05408573;0,03132868;0,1808801;0,1300955;0,1195998;0,02867174;0,1843839;0,039114;0,07203913;0,06158352;0,06350565;0,08661938;0,02662563;0,2859001;0,2246828;0,2959633;
s;0;1,095274;1,21708;1,251634;1,255905;1,254324;1,139617;1,132596;1,317478;1,287985;1,351069;1,433065;1,301121;1,302878;1,32404;1,365231;1,307456;1,436836;1,497905;1,412985;1,394838;1,59999;1,445084;1,654035;1,523381;1,572487;
s;0;0,005786002;0,07941687;0,1056854;0,08040965;0,07572317;0,07781315;0,1109555;0,05291033;0,07452655;0,1096749;0,1715584;0,01082087;0,0551548;0,03919077;0,03171539;0,05185556;0,09815454;0,1339216;0,1256924;0,07612419;0,25741;0,07783651;0,265995;0,08239651;0,05369091;
s;0;0,02949268;0,04808199;0,2338332;0,3095735;0,2134855;0,3644397;0,3691618;0,2536368;0,2354493;0,2263553;0,1722519;0,3843293;0,412848;0,375844;0,3339701;0,4755526;0,3308005;0,2506261;0,3115892;0,3385711;0,1865745;0,3442836;0,1401963;0,3234186;0,3291168;
s;0;0,03170228;0,1041895;0,07670271;0,02376783;0,01864791;0,1574214;0,1648629;0,03006697;0,007143021;0,02837038;0,008252144;0,200129;0,1479268;0,1070995;0,01599169;0,07537985;0,04875088;0,1111598;0,07413292;0,07308578;0,2318258;0,102922;0,3899908;0,2794886;0,3296719;
s;0;0,02941537;0,1222774;0,0750469;0,04588294;0,06861544;0,003967524;0,08826375;0,1008608;0,1250372;0,1608799;0,1948667;0,03514481;0,03457689;0,07458544;0,09857988;0,06647587;0,164638;0,2282124;0,1262083;0,1114607;0,2461596;0,1747832;0,3846216;0,349905;0,3464565;
