
NEW RESULT

[ p ;  jungle4 ; breaker: 1,0 ] --> 0,2 0,5 0,76 1,37 
[ b ;  jungle4 ; breaker: 1,0 ] --> 0,2 0,6316838 0,858501 1,346735 
[ e ;  jungle4 ; breaker: 1,0 ] --> 0 0,1316838 0,09850103 0,02326477 
Absolute Error Mean: 0,0633624

[ p ;  jungle4 ; breaker: 1,0 ] --> 0,2 0,5 0,76 1,37 
[ b ;  jungle4 ; breaker: 1,0 ] --> 0,2 0,5285421 0,8369662 1,453642 
[ e ;  jungle4 ; breaker: 1,0 ] --> 0 0,0285421 0,07696617 0,08364224 
Absolute Error Mean: 0,04728763

[ p ;  jungle4 ; breaker: 1,0 ] --> 0,2 0,5 0,76 1,37 
[ s ;  jungle4 ; breaker: 1,0 ] --> 0,2 0,5349976 0,8926955 1,505789 
[ e ;  jungle4 ; breaker: 1,0 ] --> 0 0,03499764 0,1326956 0,1357886 
Absolute Error Mean: 0,07587044

[ p ;  jungle4 ; breaker: 1,0 ] --> 0,2 0,5 0,76 1,37 
[ s ;  jungle4 ; breaker: 1,0 ] --> 0,2 0,5570152 0,8901118 1,553859 
[ e ;  jungle4 ; breaker: 1,0 ] --> 0 0,05701518 0,1301118 0,1838591 
Absolute Error Mean: 0,09274653

[ p ;  jungle8 ; breaker: 1,0 ] --> 0,2 0,5 0,76 1,37 
[ b ;  jungle8 ; breaker: 1,0 ] --> 0,2 0,4528255 0,8112923 1,499984 2,214609 2,545136 3,49046 3,825027 
[ e ;  jungle8 ; breaker: 1,0 ] --> 0 0,04717445 0,0512923 0,1299843 
Absolute Error Mean: 0,05711275

[ p ;  jungle8 ; breaker: 1,0 ] --> 0,2 0,5 0,76 1,37 1,93 2,24 2,72 2,93 
[ b ;  jungle8 ; breaker: 1,0 ] --> 0,2 0,5026491 0,8569884 1,461701 2,065273 2,41918 3,027683 3,255724 
[ e ;  jungle8 ; breaker: 1,0 ] --> 0 0,002649069 0,09698844 0,09170079 0,1352733 0,1791804 0,3076832 0,3257239 
Absolute Error Mean: 0,1423999

[ p ;  jungle8 ; breaker: 1,0 ] --> 0,2 0,5 0,76 1,37 1,93 2,24 2,72 2,93 
[ b ;  jungle8 ; breaker: 1,0 ] --> 0,2 0,4826338 0,8111549 1,422067 2,064612 2,346318 2,923128 3,175324 
[ e ;  jungle8 ; breaker: 1,0 ] --> 0 0,01736617 0,05115491 0,0520668 0,1346122 0,106318 0,2031281 0,2453241 
Absolute Error Mean: 0,1012463

[ p ;  jungle8 ; breaker: 1,0 ] --> 0,2 0,5 0,76 1,37 1,93 2,24 2,72 2,93 
[ b ;  jungle8 ; breaker: 1,0 ] --> 0,2 0,5049111 0,8318337 1,468723 2,082675 2,310299 2,740579 2,945784 
[ e ;  jungle8 ; breaker: 1,0 ] --> 0 0,004911125 0,07183367 0,09872258 0,1526753 0,07029867 0,0205791 0,01578379 
Absolute Error Mean: 0,05435053

[ p ;  jungle8 ; breaker: 1,0 ] --> 0,2 0,5 0,76 1,37 1,93 2,24 2,72 2,93 
[ b ;  jungle8 ; breaker: 1,0 ] --> 0,2 0,4790659 0,8116469 1,424633 1,985439 2,1919 2,628711 2,806827 
[ e ;  jungle8 ; breaker: 1,0 ] --> 0 0,02093408 0,05164689 0,05463254 0,05543923 0,04809952 0,09128928 0,1231728 
Absolute Error Mean: 0,05565179

[ p ;  jungle8 ; breaker: 1,0 ] --> 0,2 0,5 0,76 1,37 1,93 2,24 2,72 2,93 
[ b ;  jungle8 ; breaker: 1,0 ] --> 0,2 0,5096175 0,7916151 1,352772 1,863866 2,066607 2,469925 2,651182 
[ e ;  jungle8 ; breaker: 1,0 ] --> 0 0,009617507 0,03161514 0,01722813 0,06613362 0,1733932 0,2500746 0,2788184 
Absolute Error Mean: 0,1033601

[ p ;  jungle8 ; breaker: 1,0 ] --> 0,2 0,5 0,76 1,37 1,93 2,24 2,72 2,93 
[ b ;  jungle8 ; breaker: 1,0 ] --> 0,2 0,4303207 0,8097109 1,443335 2,00463 2,257888 2,644802 2,848966 
[ e ;  jungle8 ; breaker: 1,0 ] --> 0 0,06967932 0,04971087 0,07333481 0,0746299 0,01788807 0,07519794 0,08103371 
Absolute Error Mean: 0,05518433

[ p ;  jungle8 ; breaker: 1,0 ] --> 0,2 0,5 0,76 1,37 1,93 2,24 2,72 2,93 
[ b ;  jungle8 ; breaker: 1,0 ] --> 0,2 0,4784382 0,7854021 1,34644 1,927812 2,156938 2,565318 2,84582 
[ e ;  jungle8 ; breaker: 1,0 ] --> 0 0,0215618 0,02540207 0,02356005 0,002187967 0,08306241 0,1546819 0,08418012 
Absolute Error Mean: 0,04932954

[ p ;  jungle8 ; breaker: 1,0 ] --> 0,2 0,5 0,76 1,37 1,93 2,24 2,72 2,93 
[ b ;  jungle8 ; breaker: 1,0 ] --> 0,2 0,5333741 0,841115 1,483251 2,094219 2,399215 2,885823 3,115222 
[ e ;  jungle8 ; breaker: 1,0 ] --> 0 0,03337407 0,08111501 0,1132509 0,1642188 0,159215 0,1658235 0,1852221 
Absolute Error Mean: 0,1127774

[ p ;  jungle8 ; breaker: 1,0 ] --> 0,2 0,5 0,76 1,37 1,93 2,24 2,72 2,93 
[ b ;  jungle8 ; breaker: 1,0 ] --> 0,2 0,454996 0,7639637 1,352081 1,939286 2,27239 2,676705 3,0039 
[ e ;  jungle8 ; breaker: 1,0 ] --> 0 0,04500398 0,003963709 0,01791859 0,009286284 0,03238964 0,04329538 0,07389951 
Absolute Error Mean: 0,02821964

[ p ;  jungle16 ; breaker: 1,0 ] --> 0,2 0,5 0,76 1,37 1,93 2,24 2,72 2,93 
[ s ;  jungle16 ; breaker: 1,0 ] --> 0,2 0,5056182 0,834599 1,525212 2,113561 2,444186 2,777503 2,981666 3,438581 3,793253 4,103208 4,360769 4,614434 4,891561 5,275851 5,452339 
[ e ;  jungle16 ; breaker: 1,0 ] --> 0 0,005618215 0,07459903 0,1552118 0,1835614 0,2041864 0,05750346 0,05166578 
Absolute Error Mean: 0,09154327

[ p ;  jungle16 ; breaker: 1,0 ] --> 0,2 0,5 0,76 1,37 1,93 2,24 2,72 2,93 3,2 3,51 3,78 4,08 4,57 4,9 5,19 5,3 
[ s ;  jungle16 ; breaker: 1,0 ] --> 0,2 0,5069279 0,8368347 1,446478 2,03054 2,311111 2,592213 2,824934 3,256589 3,585931 3,965368 4,292899 4,573204 4,830992 5,114283 5,293919 5,445696 
[ e ;  jungle16 ; breaker: 1,0 ] --> 0 0,006927907 0,07683474 0,07647812 0,1005398 0,07111073 0,1277871 0,1050658 0,05658913 0,0759306 0,1853676 0,2128987 0,003203869 0,06900787 0,07571745 0,006081581 
Absolute Error Mean: 0,07809632

[ p ;  jungle16 ; breaker: 1,0 ] --> 0,2 0,5 0,76 1,37 1,93 2,24 2,72 2,93 3,2 3,51 3,78 4,08 4,57 4,9 5,19 5,3 
[ s ;  jungle16 ; breaker: 1,0 ] --> 0,2 0,5064802 0,8394359 1,468434 2,027151 2,331669 2,658206 2,858536 3,293861 3,626555 3,960019 4,36764 4,653567 4,909327 5,186007 5,366531 
[ e ;  jungle16 ; breaker: 1,0 ] --> 0 0,006480217 0,07943588 0,09843445 0,0971514 0,09166932 0,06179452 0,07146454 0,09386086 0,1165547 0,1800187 0,2876401 0,08356714 0,009326935 0,003993511 0,0665307 
Absolute Error Mean: 0,08424519

[ p ;  jungle16 ; breaker: 1,0 ] --> 0,2 0,5 0,76 1,37 1,93 2,24 2,72 2,93 3,2 3,51 3,78 4,08 4,57 4,9 5,19 5,3 
[ s ;  jungle16 ; breaker: 1,0 ] --> 0,2 0,4997195 0,8530871 1,460813 1,96546 2,271747 2,550033 2,750576 2,902387 3,182541 3,614833 4,026066 4,46007 4,767764 5,100275 5,252508 
[ e ;  jungle16 ; breaker: 1,0 ] --> 0 0,0002804697 0,09308708 0,09081268 0,03546 0,0317471 0,1699667 0,1794238 0,2976134 0,3274591 0,1651673 0,0539341 0,1099305 0,132236 0,08972502 0,04749203 
Absolute Error Mean: 0,114021

[ p ;  jungle16 ; breaker: 1,0 ] --> 0,2 0,5 0,76 1,37 1,93 2,24 2,72 2,93 3,2 3,51 3,78 4,08 4,57 4,9 5,19 5,3 
[ s ;  jungle16 ; breaker: 1,0 ] --> 0,2 0,5361938 0,8961753 1,481092 2,066259 2,324247 2,707923 2,861586 3,298291 3,660708 3,988423 4,426023 4,734251 5,036996 5,317457 5,493839 
[ e ;  jungle16 ; breaker: 1,0 ] --> 0 0,03619385 0,1361753 0,1110917 0,1362587 0,08424687 0,01207662 0,06841445 0,09829068 0,150708 0,2084227 0,3460231 0,1642513 0,1369963 0,1274571 0,1938391 
Absolute Error Mean: 0,1256529

[ p ;  jungle16 ; breaker: 1,0 ] --> 0,2 0,5 0,76 1,37 1,93 2,24 2,72 2,93 3,2 3,51 3,78 4,08 4,57 4,9 5,19 5,3 
[ s ;  jungle16 ; breaker: 1,0 ] --> 0,2 0,5333344 0,8879513 1,447381 1,960025 2,239349 2,519442 2,722819 2,877756 3,16048 3,488162 3,943808 4,308119 4,639582 4,946476 5,12612 
[ e ;  jungle16 ; breaker: 1,0 ] --> 0 0,03333437 0,1279513 0,07738113 0,03002536 0,0006506443 0,2005584 0,2071812 0,3222437 0,3495202 0,2918377 0,1361923 0,2618814 0,2604184 0,2435246 0,1738801 
Absolute Error Mean: 0,1697863

[ p ;  jungle16 ; breaker: 1,0 ] --> 0,2 0,5 0,76 1,37 1,93 2,24 2,72 2,93 3,2 3,51 3,78 4,08 4,57 4,9 5,19 5,3 
[ s ;  jungle16 ; breaker: 1,0 ] --> 0,2 0,5021155 0,8340267 1,370287 1,934744 2,213607 2,622312 2,776812 3,161338 3,547068 3,82908 4,184783 4,522247 4,852527 5,13423 5,312847 
[ e ;  jungle16 ; breaker: 1,0 ] --> 0 0,002115548 0,0740267 0,000287056 0,004744172 0,02639341 0,09768772 0,1531885 0,03866172 0,03706765 0,04908013 0,1047835 0,04775333 0,04747343 0,05576992 0,01284647 
Absolute Error Mean: 0,04699245

[ p ;  jungle16 ; breaker: 1,0 ] --> 0,2 0,5 0,76 1,37 1,93 2,24 2,72 2,93 3,2 3,51 3,78 4,08 4,57 4,9 5,19 5,3 
[ s ;  jungle16 ; breaker: 1,0 ] --> 0,2 0,505756 0,8639848 1,423005 1,959577 2,288942 2,623495 2,853026 3,262673 3,545388 3,877365 4,284847 4,568202 4,876208 5,180718 5,413639 
[ e ;  jungle16 ; breaker: 1,0 ] --> 0 0,005755961 0,1039848 0,05300486 0,02957678 0,04894185 0,09650517 0,07697368 0,06267309 0,03538799 0,09736538 0,2048473 0,001798153 0,02379227 0,009282112 0,1136384 
Absolute Error Mean: 0,06022049

[ p ;  jungle16 ; breaker: 1,0 ] --> 0,2 0,5 0,76 1,37 1,93 2,24 2,72 2,93 3,2 3,51 3,78 4,08 4,57 4,9 5,19 5,3 
[ s ;  jungle16 ; breaker: 1,0 ] --> 0,2 0,5319985 0,8390622 1,39333 1,925399 2,22389 2,550581 2,7785 3,211903 3,517231 3,843442 4,14246 4,444706 4,799079 5,077034 5,32711 
[ e ;  jungle16 ; breaker: 1,0 ] --> 0 0,03199852 0,07906216 0,02332973 0,004601002 0,0161097 0,1694188 0,1515005 0,01190281 0,007231474 0,06344223 0,06246042 0,1252942 0,1009212 0,1129661 0,02710962 
Absolute Error Mean: 0,06170927

[ p ;  jungle16 ; breaker: 1,0 ] --> 0,2 0,5 0,76 1,37 1,93 2,24 2,72 2,93 3,2 3,51 3,78 4,08 4,57 4,9 5,19 5,3 
[ s ;  jungle16 ; breaker: 1,0 ] --> 0,2 0,4761242 0,8142611 1,375867 1,883281 2,164114 2,470358 2,753275 3,085638 3,496881 3,776399 4,086117 4,49676 4,855077 5,186033 5,441201 
[ e ;  jungle16 ; breaker: 1,0 ] --> 0 0,02387583 0,05426109 0,005867362 0,04671872 0,07588625 0,2496421 0,1767247 0,1143618 0,01311874 0,003601313 0,006116867 0,0732398 0,04492283 0,003966808 0,1412005 
Absolute Error Mean: 0,06459405

[ p ;  jungle16 ; breaker: 1,0 ] --> 0,2 0,5 0,76 1,37 1,93 2,24 2,72 2,93 3,2 3,51 3,78 4,08 4,57 4,9 5,19 5,3 
[ b ;  jungle16 ; breaker: 1,0 ] --> 0,2 0,4062549 0,712113 1,200146 1,382403 1,768487 2,149837 2,740841 2,996832 3,278721 3,839613 4,01966 4,50787 4,71078 5,197487 5,50398 
[ e ;  jungle16 ; breaker: 1,0 ] --> 0 0,09374511 0,04788697 0,1698542 0,5475969 0,4715134 0,5701635 0,1891592 0,2031679 0,2312789 0,05961347 0,06033993 0,06213045 0,1892204 0,00748682 0,20398 
Absolute Error Mean: 0,1941961

[ p ;  jungle16 ; breaker: 1,0 ] --> 0,2 0,5 0,76 1,37 1,93 2,24 2,72 2,93 3,2 3,51 3,78 4,08 4,57 4,9 5,19 5,3 
[ b ;  jungle16 ; breaker: 1,0 ] --> 0,2 0,4556625 0,7408149 1,274421 1,815259 2,021522 2,535195 2,768161 3,30666 3,513369 3,725946 4,033 4,31285 4,952457 5,615391 5,822098 
[ e ;  jungle16 ; breaker: 1,0 ] --> 0 0,04433754 0,01918507 0,09557903 0,1147407 0,2184782 0,1848052 0,161839 0,1066601 0,003369093 0,05405426 0,04699993 0,2571497 0,05245686 0,4253907 0,5220981 
Absolute Error Mean: 0,1441965

[ p ;  jungle16 ; breaker: 1,0 ] --> 0,2 0,5 0,76 1,37 1,93 2,24 2,72 2,93 3,2 3,51 3,78 4,08 4,57 4,9 5,19 5,3 
[ b ;  jungle16 ; breaker: 1,0 ] --> 0,2 0,4811159 0,7890484 1,400451 1,917761 2,125581 2,534203 2,763842 3,197754 3,402775 3,684806 3,944463 4,197299 4,632369 5,217287 5,445518 6,521995 
[ e ;  jungle16 ; breaker: 1,0 ] --> 0 0,01888412 0,02904838 0,03045142 0,01223886 0,114419 0,1857967 0,1661584 0,002246141 0,1072247 0,0951941 0,1355371 0,3727012 0,2676315 0,02728701 0,1455178 
Absolute Error Mean: 0,106896

[ p ;  jungle16 ; breaker: 1,0 ] --> 0,2 0,5 0,76 1,37 1,93 2,24 2,72 2,93 3,2 3,51 3,78 4,08 4,57 4,9 5,19 5,3 
[ b ;  jungle16 ; breaker: 1,0 ] --> 0,2 0,4826398 0,7678174 1,304835 1,84684 2,025505 2,335255 2,513812 2,991225 3,270488 3,622119 4,072488 4,252789 4,532805 4,658938 4,815091 
[ e ;  jungle16 ; breaker: 1,0 ] --> 0 0,01736018 0,007817388 0,0651648 0,08316016 0,2144949 0,3847449 0,4161882 0,2087755 0,2395117 0,1578813 0,007511616 0,3172116 0,3671947 0,5310616 0,4849091 
Absolute Error Mean: 0,2189367

[ p ;  jungle16 ; breaker: 1,0 ] --> 0,2 0,5 0,76 1,37 1,93 2,24 2,72 2,93 3,2 3,51 3,78 4,08 4,57 4,9 5,19 5,3 
[ b ;  jungle16 ; breaker: 1,0 ] --> 0,2 0,4566589 0,7631965 1,351412 1,863955 2,04167 2,447622 2,650149 2,854448 3,060019 3,39 3,795583 4,361769 4,621734 5,163012 5,620642 
[ e ;  jungle16 ; breaker: 1,0 ] --> 0 0,0433411 0,003196537 0,01858819 0,06604505 0,1983299 0,2723782 0,2798514 0,345552 0,449981 0,3899999 0,2844172 0,2082314 0,278266 0,02698851 0,320642 
Absolute Error Mean: 0,199113

[ p ;  jungle16 ; breaker: 1,0 ] --> 0,2 0,5 0,76 1,37 1,93 2,24 2,72 2,93 3,2 3,51 3,78 4,08 4,57 4,9 5,19 5,3 
[ b ;  jungle16 ; breaker: 1,0 ] --> 0,2 0,5089018 0,7914736 1,281436 1,691954 1,921635 2,205459 2,409935 2,640877 3,176424 3,487097 4,049786 4,279339 4,661154 5,223464 5,426749 
[ e ;  jungle16 ; breaker: 1,0 ] --> 0 0,008901834 0,03147364 0,08856428 0,2380456 0,3183652 0,5145409 0,5200648 0,5591233 0,3335757 0,2929027 0,03021383 0,2906609 0,2388463 0,03346348 0,1267486 
Absolute Error Mean: 0,2265932

[ p ;  jungle16 ; breaker: 1,0 ] --> 0,2 0,5 0,76 1,37 1,93 2,24 2,72 2,93 3,2 3,51 3,78 4,08 4,57 4,9 5,19 5,3 
[ b ;  jungle16 ; breaker: 1,0 ] --> 0,2 0,5597273 0,8683176 1,483645 2,075827 2,306351 2,667165 2,871808 3,335794 3,566584 3,772111 4,112914 4,442425 4,675728 5,009101 5,725641 
[ e ;  jungle16 ; breaker: 1,0 ] --> 0 0,05972731 0,1083176 0,1136452 0,1458269 0,0663507 0,05283499 0,05819249 0,1357942 0,05658412 0,007888556 0,03291416 0,1275749 0,2242723 0,1808987 0,4256406 
Absolute Error Mean: 0,1122789

[ p ;  jungle16 ; breaker: 1,0 ] --> 0,2 0,5 0,76 1,37 1,93 2,24 2,72 2,93 3,2 3,51 3,78 4,08 4,57 4,9 5,19 5,3 
[ b ;  jungle16 ; breaker: 1,0 ] --> 0,2 0,4301546 0,9964421 1,642419 1,928696 2,183034 2,462562 2,738556 3,066436 3,684966 4,252273 4,46154 4,641262 5,20716 5,827013 6,055434 
[ e ;  jungle16 ; breaker: 1,0 ] --> 0 0,06984538 0,2364421 0,2724195 0,001303911 0,05696607 0,2574384 0,1914439 0,1335645 0,1749656 0,4722731 0,3815398 0,07126188 0,3071599 0,637013 0,755434 
Absolute Error Mean: 0,2511919

[ p ;  jungle16 ; breaker: 1,0 ] --> 0,2 0,5 0,76 1,37 1,93 2,24 2,72 2,93 3,2 3,51 3,78 4,08 4,57 4,9 5,19 5,3 
[ b ;  jungle16 ; breaker: 1,0 ] --> 0,2 0,8876563 1,140104 1,476123 2,222266 2,503325 2,781962 3,062463 3,319719 3,603503 4,110039 4,697844 4,927381 5,158191 5,66671 5,895091 
[ e ;  jungle16 ; breaker: 1,0 ] --> 0 0,3876563 0,3801038 0,1061231 0,2922665 0,2633247 0,06196213 0,1324625 0,1197188 0,09350276 0,3300388 0,6178441 0,3573804 0,2581911 0,4767098 0,5950909 
Absolute Error Mean: 0,2795235

[ p ;  jungle16 ; breaker: 1,0 ] --> 0,2 0,5 0,76 1,37 1,93 2,24 2,72 2,93 3,2 3,51 3,78 4,08 4,57 4,9 5,19 5,3 
[ b ;  jungle16 ; breaker: 1,0 ] --> 0,2 0,4577564 0,7137149 1,198778 1,762177 1,993278 2,250501 2,506919 2,713478 2,993856 3,585108 3,818034 4,100868 4,637321 4,892386 5,147368 
[ e ;  jungle16 ; breaker: 1,0 ] --> 0 0,0422436 0,04628509 0,1712222 0,1678231 0,2467217 0,4694991 0,4230807 0,486522 0,5161438 0,1948922 0,2619658 0,4691324 0,2626786 0,2976136 0,1526318 
Absolute Error Mean: 0,2630285

[ p ;  jungle26 ; breaker: 1,0 ] --> 0,2 0,5 0,76 1,37 1,93 2,24 2,72 2,93 3,2 3,51 3,78 4,08 4,57 4,9 5,19 5,3 
[ b ;  jungle26 ; breaker: 1,0 ] --> 0,2 0,4595611 0,7195148 1,316726 1,882715 2,08804 2,5012 2,708711 3,177021 3,383178 3,63804 3,894105 4,206073 4,515847 5,05283 5,284536 5,873026 6,076928 6,307389 6,83281 7,51013 7,718406 8,177055 8,405714 8,585239 9,227667 
[ e ;  jungle26 ; breaker: 1,0 ] --> 0 0,04043892 0,04048514 0,05327404 0,04728544 0,1519601 0,2187996 0,2212894 0,02297878 0,1268225 0,1419599 0,185895 0,3639269 0,3841529 0,1371698 0,01546383 
Absolute Error Mean: 0,1344939

[ p ;  jungle26 ; breaker: 1,0 ] --> 0,2 0,5 0,76 1,37 1,93 2,24 2,72 2,93 3,2 3,51 3,78 4,08 4,57 4,9 5,19 5,3 5,92 6,1 6,37 6,76 7,09 7,24 7,7 7,8 8,24 8,5 
[ b ;  jungle26 ; breaker: 1,0 ] --> 0,2 0,4821045 0,7697329 1,233365 1,693411 1,848773 2,233646 2,412205 2,590855 3,075496 3,635454 4,259405 4,413253 4,877349 5,408487 5,588949 5,796247 6,204813 6,695378 7,362689 7,568443 7,926261 8,383513 8,586156 8,790234 9,325232 
[ e ;  jungle26 ; breaker: 1,0 ] --> 0 0,01789546 0,009732902 0,1366352 0,236589 0,3912274 0,4863539 0,5177956 0,6091447 0,4345036 0,1445456 0,1794047 0,1567469 0,0226512 0,2184868 0,288949 0,1237535 0,1048126 0,3253779 0,6026883 0,4784431 0,6862617 0,6835136 0,7861557 0,5502338 0,8252316 
Absolute Error Mean: 0,3468128

[ p ;  jungle26 ; breaker: 1,0 ] --> 0,2 0,5 0,76 1,37 1,93 2,24 2,72 2,93 3,2 3,51 3,78 4,08 4,57 4,9 5,19 5,3 5,92 6,1 6,37 6,76 7,09 7,24 7,7 7,8 8,24 8,5 
[ b ;  jungle26 ; breaker: 1,0 ] --> 0,2 0,403429 0,7399387 1,357208 1,920882 2,07413 2,613293 2,819421 3,02745 3,207805 3,489771 3,796032 4,358565 4,84421 4,996605 5,176459 5,71826 6,237124 6,442466 6,669456 6,927217 7,49236 7,673629 7,857014 8,323636 8,53082 
[ e ;  jungle26 ; breaker: 1,0 ] --> 0 0,096571 0,02006131 0,01279175 0,00911808 0,1658702 0,1067069 0,1105795 0,1725497 0,3021946 0,2902291 0,283968 0,2114348 0,05579042 0,1933947 0,1235414 0,2017403 0,1371245 0,07246637 0,0905447 0,1627836 0,2523599 0,026371 0,05701399 0,08363628 0,03081989 
Absolute Error Mean: 0,1257562

[ p ;  jungle26 ; breaker: 1,0 ] --> 0,2 0,5 0,76 1,37 1,93 2,24 2,72 2,93 3,2 3,51 3,78 4,08 4,57 4,9 5,19 5,3 5,92 6,1 6,37 6,76 7,09 7,24 7,7 7,8 8,24 8,5 
[ b ;  jungle26 ; breaker: 1,0 ] --> 0,2 0,4058726 0,6969956 1,213544 1,798275 1,952765 2,592864 2,748179 2,953102 3,339933 3,595051 3,903996 4,595251 4,749844 5,412947 5,955111 6,085047 6,269392 6,630127 7,304146 7,842601 7,975851 8,207773 8,814462 8,995648 9,506853 
[ e ;  jungle26 ; breaker: 1,0 ] --> 0 0,09412739 0,06300443 0,1564556 0,1317245 0,287235 0,1271362 0,1818213 0,2468977 0,1700666 0,1849489 0,1760039 0,02525043 0,1501565 0,2229466 0,6551108 0,1650467 0,1693916 0,2601275 0,5441456 0,7526007 0,7358513 0,5077734 1,014462 0,7556486 1,006853 
Absolute Error Mean: 0,3378764

[ p ;  jungle26 ; breaker: 1,0 ] --> 0,2 0,5 0,76 1,37 1,93 2,24 2,72 2,93 3,2 3,51 3,78 4,08 4,57 4,9 5,19 5,3 5,92 6,1 6,37 6,76 7,09 7,24 7,7 7,8 8,24 8,5 
[ b ;  jungle26 ; breaker: 1,0 ] --> 0,2 0,4032483 0,6840368 1,216907 1,753806 1,933604 2,442364 2,597225 2,752232 2,957723 3,217402 3,552472 4,043302 4,585796 4,763929 5,279663 5,435338 5,593435 5,897569 6,177565 6,482356 6,916962 7,558607 7,737909 8,174087 8,508396 
[ e ;  jungle26 ; breaker: 1,0 ] --> 0 0,09675175 0,0759632 0,153093 0,1761942 0,3063964 0,2776356 0,3327749 0,4477677 0,5522773 0,562598 0,5275283 0,5266981 0,3142037 0,4260712 0,02033758 0,4846616 0,5065651 0,4724307 0,5824351 0,6076441 0,3230376 0,1413927 0,06209135 0,0659132 0,008396149 
Absolute Error Mean: 0,3096484

[ p ;  jungle26 ; breaker: 1,0 ] --> 0,2 0,5 0,76 1,37 1,93 2,24 2,72 2,93 3,2 3,51 3,78 4,08 4,57 4,9 5,19 5,3 5,92 6,1 6,37 6,76 7,09 7,24 7,7 7,8 8,24 8,5 
[ b ;  jungle26 ; breaker: 1,0 ] --> 0,2 0,482558 0,7405108 1,25441 1,738109 1,943516 2,450098 2,602943 2,809356 3,041049 3,324837 3,612059 4,097331 4,634924 4,839043 5,01576 5,584555 6,071521 6,63272 6,811821 7,356916 7,741821 7,920722 8,095819 8,583076 9,090087 
[ e ;  jungle26 ; breaker: 1,0 ] --> 0 0,01744199 0,01948917 0,1155903 0,1918907 0,2964845 0,2699018 0,3270571 0,3906438 0,4689512 0,4551632 0,4679413 0,4726696 0,2650762 0,3509569 0,2842402 0,3354454 0,0284791 0,2627201 0,05182076 0,2669163 0,501821 0,2207222 0,2958193 0,3430767 0,5900869 
Absolute Error Mean: 0,2804002

[ p ;  jungle26 ; breaker: 1,0 ] --> 0,2 0,5 0,76 1,37 1,93 2,24 2,72 2,93 3,2 3,51 3,78 4,08 4,57 4,9 5,19 5,3 5,92 6,1 6,37 6,76 7,09 7,24 7,7 7,8 8,24 8,5 
[ b ;  jungle26 ; breaker: 1,0 ] --> 0,2 0,5796268 0,7851267 1,291709 1,828434 2,010072 2,545531 2,724474 2,905578 3,133295 3,387603 3,721775 4,175705 4,60388 4,786764 4,964941 5,502321 6,016394 6,169768 6,635097 6,889293 7,423299 7,600157 7,984792 8,216921 8,907517 
[ e ;  jungle26 ; breaker: 1,0 ] --> 0 0,0796268 0,02512676 0,07829082 0,1015655 0,2299278 0,1744688 0,2055259 0,2944224 0,3767052 0,3923967 0,3582249 0,3942952 0,2961197 0,4032359 0,3350596 0,4176788 0,08360624 0,200232 0,1249032 0,200707 0,1832991 0,09984255 0,1847916 0,02307892 0,4075174 
Absolute Error Mean: 0,2181019

[ p ;  jungle26 ; breaker: 1,0 ] --> 0,2 0,5 0,76 1,37 1,93 2,24 2,72 2,93 3,2 3,51 3,78 4,08 4,57 4,9 5,19 5,3 5,92 6,1 6,37 6,76 7,09 7,24 7,7 7,8 8,24 8,5 
[ b ;  jungle26 ; breaker: 1,0 ] --> 0,2 0,6625819 0,8699766 1,278139 1,795531 1,975917 2,416616 3,087636 3,268479 3,450601 3,992293 4,480127 4,660468 4,994467 5,537472 5,716258 5,896646 6,510008 7,178549 7,384495 7,926494 8,390228 9,027075 9,204759 9,693026 10,12537 
[ e ;  jungle26 ; breaker: 1,0 ] --> 0 0,1625819 0,1099766 0,09186065 0,1344692 0,2640833 0,3033841 0,1576357 0,06847858 0,05939937 0,2122931 0,4001269 0,09046745 0,09446669 0,3474722 0,4162579 0,02335453 0,4100084 0,8085494 0,624495 0,8364935 1,150229 1,327075 1,404758 1,453026 1,625368 
Absolute Error Mean: 0,4837042

[ p ;  jungle26 ; breaker: 1,0 ] --> 0,2 0,5 0,76 1,37 1,93 2,24 2,72 2,93 3,2 3,51 3,78 4,08 4,57 4,9 5,19 5,3 5,92 6,1 6,37 6,76 7,09 7,24 7,7 7,8 8,24 8,5 
[ b ;  jungle26 ; breaker: 1,0 ] --> 0,2 0,4051505 0,5848349 1,100305 1,610184 1,791738 2,430829 2,997178 3,203816 3,385075 3,74824 4,287544 4,831377 4,984848 5,374776 5,832906 6,088918 6,629383 7,118615 7,29606 7,453479 7,938823 8,453121 8,606331 9,04176 9,220614 
[ e ;  jungle26 ; breaker: 1,0 ] --> 0 0,0948495 0,1751651 0,2696953 0,3198161 0,4482621 0,2891712 0,06717825 0,003816366 0,1249247 0,03175998 0,2075438 0,2613764 0,0848484 0,1847763 0,5329056 0,1689177 0,5293832 0,7486148 0,5360594 0,3634791 0,698823 0,7531214 0,8063307 0,8017607 0,7206144 
Absolute Error Mean: 0,3547382

[ p ;  jungle26 ; breaker: 1,0 ] --> 0,2 0,5 0,76 1,37 1,93 2,24 2,72 2,93 3,2 3,51 3,78 4,08 4,57 4,9 5,19 5,3 5,92 6,1 6,37 6,76 7,09 7,24 7,7 7,8 8,24 8,5 
[ b ;  jungle26 ; breaker: 1,0 ] --> 0,2 0,3794503 0,7357362 1,249026 1,63489 1,790172 2,251188 2,684899 2,868371 3,050319 3,533562 4,066428 4,245597 4,398513 4,963385 5,456647 5,635855 6,148984 6,577428 6,756829 6,907831 7,365972 7,644482 7,870624 8,356672 8,48483 
[ e ;  jungle26 ; breaker: 1,0 ] --> 0 0,1205497 0,0242638 0,1209736 0,29511 0,4498279 0,4688125 0,2451007 0,3316288 0,4596806 0,2464383 0,01357174 0,3244033 0,5014873 0,2266154 0,1566472 0,2841454 0,04898405 0,2074285 0,003170967 0,182169 0,1259723 0,05551815 0,07062387 0,1166725 0,0151701 
Absolute Error Mean: 0,1959602

[ p ;  jungle8 ; breaker: 1,0 ] --> 0,2 0,5 0,76 1,37 1,93 2,24 2,72 2,93 3,2 3,51 3,78 4,08 4,57 4,9 5,19 5,3 5,92 6,1 6,37 6,76 7,09 7,24 7,7 7,8 8,24 8,5 
[ s ;  jungle8 ; breaker: 1,0 ] --> 0,2 0,479788 0,8330867 1,39412 1,900021 2,182567 2,46299 2,66783 
[ e ;  jungle8 ; breaker: 1,0 ] --> 0 0,02021196 0,07308674 0,02411985 0,02997875 0,05743289 0,2570102 0,2621701 
Absolute Error Mean: 4,114385

[ p ;  jungle8 ; breaker: 1,0 ] --> 0,2 0,5 0,76 1,37 1,93 2,24 2,72 2,93 
[ s ;  jungle8 ; breaker: 1,0 ] --> 0,2 0,5541528 0,9123701 1,46407 2,045669 2,324878 2,679869 2,833639 
[ e ;  jungle8 ; breaker: 1,0 ] --> 0 0,05415279 0,1523701 0,0940702 0,1156689 0,08487749 0,04013133 0,09636068 
Absolute Error Mean: 0,07970393

[ p ;  jungle8 ; breaker: 1,0 ] --> 0,2 0,5 0,76 1,37 1,93 2,24 2,72 2,93 
[ s ;  jungle8 ; breaker: 1,0 ] --> 0,2 0,5065932 0,8374026 1,347365 1,885867 2,217663 2,498685 2,652778 
[ e ;  jungle8 ; breaker: 1,0 ] --> 0 0,006593168 0,07740259 0,02263451 0,04413331 0,0223372 0,2213147 0,2772217 
Absolute Error Mean: 0,08395464

[ p ;  jungle8 ; breaker: 1,0 ] --> 0,2 0,5 0,76 1,37 1,93 2,24 2,72 2,93 
[ s ;  jungle8 ; breaker: 1,0 ] --> 0,2 0,5061222 0,8645349 1,472536 2,033595 2,364648 2,69787 3,335582 
[ e ;  jungle8 ; breaker: 1,0 ] --> 0 0,006122231 0,1045349 0,1025361 0,1035951 0,1246483 0,02212977 0,405582 
Absolute Error Mean: 0,1086435

[ p ;  jungle8 ; breaker: 1,0 ] --> 0,2 0,5 0,76 1,37 1,93 2,24 2,72 2,93 
[ s ;  jungle8 ; breaker: 1,0 ] --> 0,2 0,5311176 0,8400663 1,399074 1,932386 2,233819 2,507503 2,682868 
[ e ;  jungle8 ; breaker: 1,0 ] --> 0 0,03111762 0,08006632 0,02907407 0,002385616 0,006180525 0,212497 0,2471325 
Absolute Error Mean: 0,07605671

[ p ;  jungle8 ; breaker: 1,0 ] --> 0,2 0,5 0,76 1,37 1,93 2,24 2,72 2,93 
[ s ;  jungle8 ; breaker: 1,0 ] --> 0,2 0,5328651 0,8856637 1,418357 1,926883 2,152483 2,454822 2,658208 
[ e ;  jungle8 ; breaker: 1,0 ] --> 0 0,03286511 0,1256637 0,04835653 0,003117204 0,08751678 0,2651784 0,2717924 
Absolute Error Mean: 0,1043113

[ p ;  jungle8 ; breaker: 1,0 ] --> 0,2 0,5 0,76 1,37 1,93 2,24 2,72 2,93 
[ s ;  jungle8 ; breaker: 1,0 ] --> 0,2 0,5280926 0,9110895 1,526913 2,110318 2,442324 2,743614 2,919388 
[ e ;  jungle8 ; breaker: 1,0 ] --> 0 0,02809262 0,1510895 0,1569132 0,1803185 0,2023239 0,02361369 0,01061249 
Absolute Error Mean: 0,09412048

[ p ;  jungle8 ; breaker: 1,0 ] --> 0,2 0,5 0,76 1,37 1,93 2,24 2,72 2,93 
[ s ;  jungle8 ; breaker: 1,0 ] --> 0,2 0,4838172 0,8656923 1,449529 2,026528 2,325199 2,601814 2,77812 
[ e ;  jungle8 ; breaker: 1,0 ] --> 0 0,01618275 0,1056923 0,07952905 0,09652841 0,08519888 0,118186 0,1518798 
Absolute Error Mean: 0,08164965

[ p ;  jungle8 ; breaker: 1,0 ] --> 0,2 0,5 0,76 1,37 1,93 2,24 2,72 2,93 
[ s ;  jungle8 ; breaker: 1,0 ] --> 0,2 0,532313 0,8566052 1,460789 1,993967 2,322407 2,653584 2,829913 
[ e ;  jungle8 ; breaker: 1,0 ] --> 0 0,03231299 0,09660518 0,09078908 0,06396747 0,08240676 0,06641579 0,1000867 
Absolute Error Mean: 0,06657299

[ p ;  jungle8 ; breaker: 1,0 ] --> 0,2 0,5 0,76 1,37 1,93 2,24 2,72 2,93 
[ s ;  jungle8 ; breaker: 1,0 ] --> 0,2 0,5025471 0,8581531 1,442261 2,026821 2,332084 2,58486 2,763904 
[ e ;  jungle8 ; breaker: 1,0 ] --> 0 0,002547085 0,09815311 0,07226145 0,09682071 0,09208417 0,1351399 0,1660964 
Absolute Error Mean: 0,08288787

[ p ;  jungle26 ; breaker: 1,0 ] --> 0,2 0,5 0,76 1,37 1,93 2,24 2,72 2,93 
[ s ;  jungle26 ; breaker: 1,0 ] --> 0,2 0,5826345 0,8617733 1,447569 1,957463 2,306107 2,606341 2,758619 3,186792 3,467688 3,747511 4,030117 4,281696 4,538496 4,816862 5,044468 5,169865 5,777452 6,082195 6,48243 6,789098 7,046813 7,353968 7,583836 7,86606 8,097549 8,352126 
[ e ;  jungle26 ; breaker: 1,0 ] --> 0 0,08263451 0,1017733 0,07756913 0,02746272 0,06610703 0,1136589 0,1713808 
Absolute Error Mean: 0,08007329

[ p ;  jungle26 ; breaker: 1,0 ] --> 0,2 0,5 0,76 1,37 1,93 2,24 2,72 2,93 3,2 3,51 3,78 4,08 4,57 4,9 5,19 5,3 5,92 6,1 6,37 6,76 7,09 7,24 7,7 7,8 8,24 8,5 
[ s ;  jungle26 ; breaker: 1,0 ] --> 0,2 0,5297459 0,8085732 1,373075 1,88414 2,13695 2,462878 2,664324 3,067303 3,398019 3,679496 3,93652 4,214336 4,470074 4,798442 5,025421 5,511086 5,842387 6,171119 6,427899 6,733903 7,038117 7,319847 7,597597 7,855525 8,112474 8,364995 
[ e ;  jungle26 ; breaker: 1,0 ] --> 0 0,02974594 0,0485732 0,003075004 0,04585958 0,10305 0,2571223 0,2656763 0,1326971 0,1119809 0,1005042 0,1434796 0,3556643 0,4299264 0,3915577 0,274579 0,4089141 0,2576132 0,1988811 0,3321009 0,3560972 0,2018824 0,3801532 0,2024031 0,3844752 0,3875256 
Absolute Error Mean: 0,223213

[ p ;  jungle26 ; breaker: 1,0 ] --> 0,2 0,5 0,76 1,37 1,93 2,24 2,72 2,93 3,2 3,51 3,78 4,08 4,57 4,9 5,19 5,3 5,92 6,1 6,37 6,76 7,09 7,24 7,7 7,8 8,24 8,5 
[ s ;  jungle26 ; breaker: 1,0 ] --> 0,2 0,5300249 0,8390211 1,396943 1,899722 2,176855 2,50296 2,706109 3,11127 3,439802 3,719934 3,995601 4,246188 4,528511 4,881366 5,034602 5,595445 5,871163 6,219846 6,572844 6,925646 7,226943 7,626865 8,033927 8,392987 8,72331 
[ e ;  jungle26 ; breaker: 1,0 ] --> 0 0,03002489 0,0790211 0,02694321 0,03027844 0,06314516 0,2170403 0,223891 0,08873034 0,07019806 0,06006551 0,08439922 0,3238125 0,371489 0,3086338 0,2653985 0,3245549 0,228837 0,1501541 0,1871562 0,1643538 0,01305723 0,0731349 0,2339268 0,1529875 0,2233105 
Absolute Error Mean: 0,1536363

[ p ;  jungle26 ; breaker: 1,0 ] --> 0,2 0,5 0,76 1,37 1,93 2,24 2,72 2,93 3,2 3,51 3,78 4,08 4,57 4,9 5,19 5,3 5,92 6,1 6,37 6,76 7,09 7,24 7,7 7,8 8,24 8,5 
[ s ;  jungle26 ; breaker: 1,0 ] --> 0,2 0,5540951 0,8834599 1,439108 1,947637 2,322776 2,661365 2,840998 3,252382 3,558944 3,888218 4,26938 4,576316 4,856621 5,191826 5,396833 5,955292 6,238747 6,541658 6,795349 7,051692 7,306231 7,740234 8,022455 8,302939 8,556012 
[ e ;  jungle26 ; breaker: 1,0 ] --> 0 0,05409515 0,1234599 0,06910777 0,0176369 0,08277583 0,05863523 0,08900213 0,05238175 0,048944 0,108218 0,1893802 0,006316185 0,04337931 0,001825809 0,09683275 0,03529167 0,1387472 0,1716585 0,03534889 0,03830767 0,06623173 0,04023409 0,222455 0,06293964 0,05601215 
Absolute Error Mean: 0,07343144

[ p ;  jungle26 ; breaker: 1,0 ] --> 0,2 0,5 0,76 1,37 1,93 2,24 2,72 2,93 3,2 3,51 3,78 4,08 4,57 4,9 5,19 5,3 5,92 6,1 6,37 6,76 7,09 7,24 7,7 7,8 8,24 8,5 
[ s ;  jungle26 ; breaker: 1,0 ] --> 0,2 0,5575909 0,8640171 1,426655 1,908589 2,212271 2,543874 2,69687 3,151933 3,50329 3,834086 4,111329 4,38912 4,769905 5,0704 5,271328 5,735616 6,139114 6,442039 6,698417 7,026495 7,326619 7,726625 8,0859 8,464683 8,795963 
[ e ;  jungle26 ; breaker: 1,0 ] --> 0 0,0575909 0,1040171 0,05665529 0,02141082 0,02772856 0,1761262 0,2331305 0,04806709 0,006710052 0,05408573 0,03132868 0,1808801 0,1300955 0,1195998 0,02867174 0,1843839 0,039114 0,07203913 0,06158352 0,06350565 0,08661938 0,02662563 0,2859001 0,2246828 0,2959633 
Absolute Error Mean: 0,1006352

[ p ;  jungle26 ; breaker: 1,0 ] --> 0,2 0,5 0,76 1,37 1,93 2,24 2,72 2,93 3,2 3,51 3,78 4,08 4,57 4,9 5,19 5,3 5,92 6,1 6,37 6,76 7,09 7,24 7,7 7,8 8,24 8,5 
[ s ;  jungle26 ; breaker: 1,0 ] --> 0,2 1,595274 1,97708 2,621634 3,185905 3,494324 3,859617 4,062596 4,517478 4,797985 5,131069 5,513065 5,871121 6,202878 6,51404 6,665231 7,227457 7,536836 7,867905 8,172985 8,484838 8,83999 9,145083 9,454035 9,763381 10,07249 
[ e ;  jungle26 ; breaker: 1,0 ] --> 0 1,095274 1,21708 1,251634 1,255905 1,254324 1,139617 1,132596 1,317478 1,287985 1,351069 1,433065 1,301121 1,302878 1,32404 1,365231 1,307456 1,436836 1,497905 1,412985 1,394838 1,59999 1,445084 1,654035 1,523381 1,572487 
Absolute Error Mean: 1,302857

[ p ;  jungle26 ; breaker: 1,0 ] --> 0,2 0,5 0,76 1,37 1,93 2,24 2,72 2,93 3,2 3,51 3,78 4,08 4,57 4,9 5,19 5,3 5,92 6,1 6,37 6,76 7,09 7,24 7,7 7,8 8,24 8,5 
[ s ;  jungle26 ; breaker: 1,0 ] --> 0,2 0,505786 0,8394169 1,475685 2,01041 2,315723 2,642187 2,819045 3,25291 3,584527 3,889675 4,251558 4,559179 4,844845 5,150809 5,331716 5,868145 6,198154 6,503922 6,885693 7,166124 7,49741 7,777836 8,065995 8,322396 8,553691 8,809347 
[ e ;  jungle26 ; breaker: 1,0 ] --> 0 0,005786002 0,07941687 0,1056854 0,08040965 0,07572317 0,07781315 0,1109555 0,05291033 0,07452655 0,1096749 0,1715584 0,01082087 0,0551548 0,03919077 0,03171539 0,05185556 0,09815454 0,1339216 0,1256924 0,07612419 0,25741 0,07783651 0,265995 0,08239651 0,05369091 
Absolute Error Mean: 0,0886315

[ p ;  jungle26 ; breaker: 1,0 ] --> 0,2 0,5 0,76 1,37 1,93 2,24 2,72 2,93 3,2 3,51 3,78 4,08 4,57 4,9 5,19 5,3 5,92 6,1 6,37 6,76 7,09 7,24 7,7 7,8 8,24 8,5 
[ s ;  jungle26 ; breaker: 1,0 ] --> 0,2 0,5294927 0,808082 1,136167 1,620426 2,026515 2,35556 2,560838 2,946363 3,274551 3,553645 3,907748 4,185671 4,487152 4,814156 4,96603 5,444448 5,769199 6,119374 6,448411 6,751429 7,053425 7,355716 7,659804 7,916581 8,170883 8,42917 
[ e ;  jungle26 ; breaker: 1,0 ] --> 0 0,02949268 0,04808199 0,2338332 0,3095735 0,2134855 0,3644397 0,3691618 0,2536368 0,2354493 0,2263553 0,1722519 0,3843293 0,412848 0,375844 0,3339701 0,4755526 0,3308005 0,2506261 0,3115892 0,3385711 0,1865745 0,3442836 0,1401963 0,3234186 0,3291168 
Absolute Error Mean: 0,2689801

[ p ;  jungle26 ; breaker: 1,0 ] --> 0,2 0,5 0,76 1,37 1,93 2,24 2,72 2,93 3,2 3,51 3,78 4,08 4,57 4,9 5,19 5,3 5,92 6,1 6,37 6,76 7,09 7,24 7,7 7,8 8,24 8,5 
[ s ;  jungle26 ; breaker: 1,0 ] --> 0,2 0,5317023 0,8641894 1,446703 1,953768 2,258648 2,562579 2,765137 3,169933 3,502857 3,80837 4,088252 4,369871 4,752073 5,082901 5,284009 5,84462 6,148751 6,48116 6,834133 7,163086 7,471826 7,802922 8,189991 8,519488 8,829672 
[ e ;  jungle26 ; breaker: 1,0 ] --> 0 0,03170228 0,1041895 0,07670271 0,02376783 0,01864791 0,1574214 0,1648629 0,03006697 0,007143021 0,02837038 0,008252144 0,200129 0,1479268 0,1070995 0,01599169 0,07537985 0,04875088 0,1111598 0,07413292 0,07308578 0,2318258 0,102922 0,3899908 0,2794886 0,3296719 
Absolute Error Mean: 0,1091801

[ p ;  jungle26 ; breaker: 1,0 ] --> 0,2 0,5 0,76 1,37 1,93 2,24 2,72 2,93 3,2 3,51 3,78 4,08 4,57 4,9 5,19 5,3 5,92 6,1 6,37 6,76 7,09 7,24 7,7 7,8 8,24 8,5 
[ s ;  jungle26 ; breaker: 1,0 ] --> 0,2 0,5294154 0,8822774 1,445047 1,975883 2,308615 2,716033 2,841736 3,300861 3,635037 3,94088 4,274867 4,605145 4,934577 5,264585 5,39858 5,986476 6,264638 6,598212 6,886209 7,201461 7,486159 7,874783 8,184622 8,589905 8,846457 
[ e ;  jungle26 ; breaker: 1,0 ] --> 0 0,02941537 0,1222774 0,0750469 0,04588294 0,06861544 0,003967524 0,08826375 0,1008608 0,1250372 0,1608799 0,1948667 0,03514481 0,03457689 0,07458544 0,09857988 0,06647587 0,164638 0,2282124 0,1262083 0,1114607 0,2461596 0,1747832 0,3846216 0,349905 0,3464565 
Absolute Error Mean: 0,1329585

[ p ;  jungle4 ; breaker: 1,0 ] --> 0,2 0,5 0,76 1,37 1,93 2,24 2,72 2,93 3,2 3,51 3,78 4,08 4,57 4,9 5,19 5,3 5,92 6,1 6,37 6,76 7,09 7,24 7,7 7,8 8,24 8,5 
