
NEW RESULT

[ p ;  jungle8 ; breaker: 1,0 ] --> 0,2 0,5 0,76 1,37 1,93 2,24 2,72 2,93 
[ b ;  jungle8 ; breaker: 1,0 ] --> 0,2 7,348154 
[ e ;  jungle8 ; breaker: 1,0 ] --> 0 6,848154 
Absolute Error Mean: 2,349769

[ p ;  jungle8 ; breaker: 1,0 ] --> 0,2 0,5 0,76 1,37 1,93 2,24 2,72 2,93 
[ b ;  jungle8 ; breaker: 1,0 ] --> 0,2 0,6320672 1,065429 1,750501 2,496822 3,137705 3,393567 3,927945 
[ e ;  jungle8 ; breaker: 1,0 ] --> 0 0,1320672 0,305429 0,3805012 0,5668217 0,8977048 0,6735671 0,9979448 
Absolute Error Mean: 0,4942545

[ p ;  jungle8 ; breaker: 1,0 ] --> 0,2 0,5 0,76 1,37 1,93 2,24 2,72 2,93 
[ b ;  jungle8 ; breaker: 1,0 ] --> 0,2 0,6410487 1,029572 1,716968 2,278921 2,868461 3,074927 3,760171 
[ e ;  jungle8 ; breaker: 1,0 ] --> 0 0,1410487 0,2695718 0,3469681 0,3489209 0,6284611 0,3549268 0,8301709 
Absolute Error Mean: 0,3650085

[ p ;  jungle8 ; breaker: 1,0 ] --> 0,2 0,5 0,76 1,37 1,93 2,24 2,72 2,93 
[ b ;  jungle8 ; breaker: 1,0 ] --> 0,2 0,5600777 0,7915125 1,329607 1,739629 2,205603 2,752875 2,961783 
[ e ;  jungle8 ; breaker: 1,0 ] --> 0 0,06007767 0,03151256 0,04039299 0,1903713 0,03439689 0,03287506 0,0317831 
Absolute Error Mean: 0,05267619

[ p ;  jungle8 ; breaker: 1,0 ] --> 0,2 0,5 0,76 1,37 1,93 2,24 2,72 2,93 
[ b ;  jungle8 ; breaker: 1,0 ] --> 
[ e ;  jungle8 ; breaker: 1,0 ] --> 
Absolute Error Mean: 1,58125

[ p ;  jungle8 ; breaker: 1,0 ] --> 0,2 0,5 0,76 1,37 1,93 2,24 2,72 2,93 
[ b ;  jungle8 ; breaker: 1,0 ] --> 0,2 0,5051168 0,7393101 1,253442 1,716818 2,282774 2,51578 3,00119 
[ e ;  jungle8 ; breaker: 1,0 ] --> 0 0,005116761 0,0206899 0,116558 0,2131822 0,04277372 0,2042203 0,07118988 
Absolute Error Mean: 0,08421634

[ p ;  jungle8 ; breaker: 1,0 ] --> 0,2 0,5 0,76 1,37 1,93 2,24 2,72 2,93 
[ b ;  jungle8 ; breaker: 1,0 ] --> 0,2 0,5565407 0,7888477 1,147188 1,729969 2,281408 2,480855 2,888297 
[ e ;  jungle8 ; breaker: 1,0 ] --> 0 0,05654073 0,02884775 0,2228117 0,2000309 0,04140782 0,2391448 0,04170322 
Absolute Error Mean: 0,1038109

[ p ;  jungle8 ; breaker: 1,0 ] --> 0,2 0,5 0,76 1,37 1,93 2,24 2,72 2,93 
[ b ;  jungle8 ; breaker: 1,0 ] --> 0,2 0,4523118 0,7335805 1,271266 1,856544 2,131815 2,541662 2,820995 
[ e ;  jungle8 ; breaker: 1,0 ] --> 0 0,04768822 0,02641946 0,0987345 0,07345569 0,1081846 0,1783383 0,1090052 
Absolute Error Mean: 0,08022824

[ p ;  jungle8 ; breaker: 1,0 ] --> 0,2 0,5 0,76 1,37 1,93 2,24 2,72 2,93 
[ b ;  jungle8 ; breaker: 1,0 ] --> 0,2 0,4531348 0,7053686 1,262447 1,846638 2,32244 2,951498 3,152959 
[ e ;  jungle8 ; breaker: 1,0 ] --> 0 0,0468652 0,05463141 0,1075528 0,08336151 0,0824399 0,2314982 0,2229593 
Absolute Error Mean: 0,1036635

[ p ;  jungle8 ; breaker: 1,0 ] --> 0,2 0,5 0,76 1,37 1,93 2,24 2,72 2,93 
[ b ;  jungle8 ; breaker: 1,0 ] --> 0,2 0,4537826 0,7321066 1,242879 1,849128 2,254483 2,856577 3,058228 
[ e ;  jungle8 ; breaker: 1,0 ] --> 0 0,04621738 0,02789342 0,1271213 0,08087218 0,0144825 0,1365769 0,1282284 
Absolute Error Mean: 0,07017402

[ p ;  jungle16 ; breaker: 1,0 ] --> 0,2 0,5 0,76 1,37 1,93 2,24 2,72 2,93 
[ s ;  jungle16 ; breaker: 1,0 ] --> 0,2 0,4569882 0,7847609 1,013996 1,391759 1,825099 2,07904 2,332283 2,558396 2,889417 3,196634 3,455016 3,757696 4,040853 4,373928 4,70697 
[ e ;  jungle16 ; breaker: 1,0 ] --> 0 0,04301181 0,0247609 0,3560035 0,5382413 0,414901 0,6409597 0,5977175 
Absolute Error Mean: 0,3269495

[ p ;  jungle16 ; breaker: 1,0 ] --> 0,2 0,5 0,76 1,37 1,93 2,24 2,72 2,93 3,2 3,51 3,78 4,08 4,57 4,9 5,19 5,3 
[ s ;  jungle16 ; breaker: 1,0 ] --> 0,2 0,5825411 0,8885366 1,19524 1,42288 1,877069 2,129418 2,357661 2,610443 2,937867 3,217345 3,493979 3,854328 4,084029 4,363997 4,67115 
[ e ;  jungle16 ; breaker: 1,0 ] --> 0 0,08254111 0,1285366 0,1747595 0,5071197 0,3629314 0,5905824 0,5723395 0,5895572 0,5721331 0,5626545 0,5860207 0,7156723 0,8159709 0,8260031 0,62885 
Absolute Error Mean: 0,4822295

[ p ;  jungle16 ; breaker: 1,0 ] --> 0,2 0,5 0,76 1,37 1,93 2,24 2,72 2,93 3,2 3,51 3,78 4,08 4,57 4,9 5,19 5,3 
[ s ;  jungle16 ; breaker: 1,0 ] --> 0,2 3,516269 3,768538 4,042642 4,344506 4,796664 5,075227 5,306066 5,688855 5,971182 6,24883 6,532406 6,838656 7,1962 7,529791 7,860954 8,117691 9,138897 9,597819 10,1281 10,86151 11,16515 11,52433 11,95421 12,43071 12,912 13,21451 13,51841 13,79676 14,07399 14,40524 14,63184 14,83457 15,6988 16,07867 16,38667 16,66385 17,1689 17,44555 17,72585 18,22711 18,55368 18,85581 19,23441 19,51417 19,79423 20,06993 20,62357 
[ e ;  jungle16 ; breaker: 1,0 ] --> 0 3,016269 3,008538 2,672642 2,414506 2,556664 2,355227 2,376066 2,488855 2,461182 2,46883 2,452406 2,268656 2,2962 2,339791 2,560954 
Absolute Error Mean: 2,358549

[ p ;  jungle16 ; breaker: 1,0 ] --> 0,2 0,5 0,76 1,37 1,93 2,24 2,72 2,93 3,2 3,51 3,78 4,08 4,57 4,9 5,19 5,3 
[ s ;  jungle16 ; breaker: 1,0 ] --> 0,2 0,4527884 0,7300441 1,007578 1,664564 1,968475 2,248965 2,551514 2,929361 3,311776 3,617761 3,976484 4,230627 4,485682 4,741569 5,095745 
[ e ;  jungle16 ; breaker: 1,0 ] --> 0 0,04721165 0,02995592 0,362422 0,2654355 0,2715247 0,4710352 0,3784864 0,2706387 0,1982236 0,1622386 0,1035156 0,3393731 0,4143181 0,4484315 0,2042556 
Absolute Error Mean: 0,2479416

[ p ;  jungle16 ; breaker: 1,0 ] --> 0,2 0,5 0,76 1,37 1,93 2,24 2,72 2,93 3,2 3,51 3,78 4,08 4,57 4,9 5,19 5,3 
[ s ;  jungle16 ; breaker: 1,0 ] --> 0,2 0,4784354 0,7828602 1,238243 1,867247 2,168514 2,444062 2,77432 2,975803 3,405735 3,631917 3,911263 4,189269 4,497444 4,975282 5,331702 
[ e ;  jungle16 ; breaker: 1,0 ] --> 0 0,0215646 0,02286017 0,1317565 0,06275272 0,07148647 0,2759376 0,1556799 0,2241971 0,1042645 0,148083 0,1687374 0,3807316 0,4025559 0,2147179 0,03170156 
Absolute Error Mean: 0,1510642

[ p ;  jungle16 ; breaker: 1,0 ] --> 0,2 0,5 0,76 1,37 1,93 2,24 2,72 2,93 3,2 3,51 3,78 4,08 4,57 4,9 5,19 5,3 
[ s ;  jungle16 ; breaker: 1,0 ] --> 0,2 0,5086688 0,7871178 1,09087 1,752083 2,078219 2,37945 2,709828 2,958912 3,288144 3,519467 3,772527 4,128433 4,561485 4,80977 5,0846 
[ e ;  jungle16 ; breaker: 1,0 ] --> 0 0,00866878 0,02711785 0,27913 0,1779168 0,1617813 0,3405504 0,2201717 0,2410882 0,2218561 0,2605333 0,3074734 0,4415674 0,3385153 0,3802304 0,2153997 
Absolute Error Mean: 0,226375

[ p ;  jungle16 ; breaker: 1,0 ] --> 0,2 0,5 0,76 1,37 1,93 2,24 2,72 2,93 3,2 3,51 3,78 4,08 4,57 4,9 5,19 5,3 
[ s ;  jungle16 ; breaker: 1,0 ] --> 0,2 0,4596845 0,7936884 1,199883 1,801993 2,079273 2,410877 2,67018 3,127243 3,47989 3,710317 3,967037 4,270361 4,554827 5,0414 5,376721 
[ e ;  jungle16 ; breaker: 1,0 ] --> 0 0,04031548 0,03368837 0,1701165 0,1280069 0,1607265 0,3091228 0,25982 0,07275677 0,03010964 0,06968307 0,1129632 0,2996387 0,3451734 0,1485996 0,07672071 
Absolute Error Mean: 0,1410901

[ p ;  jungle16 ; breaker: 1,0 ] --> 0,2 0,5 0,76 1,37 1,93 2,24 2,72 2,93 3,2 3,51 3,78 4,08 4,57 4,9 5,19 5,3 
[ s ;  jungle16 ; breaker: 1,0 ] --> 0,2 0,5558 0,8868006 1,196013 1,44869 1,930155 2,18484 2,43944 2,821132 3,277759 3,587466 3,867581 4,146836 4,428063 4,810483 5,142975 
[ e ;  jungle16 ; breaker: 1,0 ] --> 0 0,05580002 0,1268007 0,1739874 0,4813101 0,3098452 0,5351598 0,4905601 0,3788683 0,2322407 0,1925342 0,2124186 0,4231644 0,4719367 0,3795176 0,1570253 
Absolute Error Mean: 0,2888231

[ p ;  jungle16 ; breaker: 1,0 ] --> 0,2 0,5 0,76 1,37 1,93 2,24 2,72 2,93 3,2 3,51 3,78 4,08 4,57 4,9 5,19 5,3 
[ s ;  jungle16 ; breaker: 1,0 ] --> 0,2 0,527198 0,8532711 1,332847 1,815567 2,150031 2,453218 2,727934 3,183621 3,410979 3,691907 3,916015 4,167006 4,421405 5,023817 5,383595 
[ e ;  jungle16 ; breaker: 1,0 ] --> 0 0,02719796 0,09327114 0,03715265 0,1144327 0,08996868 0,2667823 0,2020662 0,01637912 0,0990212 0,08809304 0,163985 0,4029937 0,4785948 0,1661835 0,08359528 
Absolute Error Mean: 0,1456073

[ p ;  jungle16 ; breaker: 1,0 ] --> 0,2 0,5 0,76 1,37 1,93 2,24 2,72 2,93 3,2 3,51 3,78 4,08 4,57 4,9 5,19 5,3 
[ s ;  jungle16 ; breaker: 1,0 ] --> 0,2 0,6323264 0,9111488 1,163481 1,593506 2,02369 2,300957 2,524469 3,024677 3,279078 3,539681 3,793821 4,127738 4,465385 5,037323 5,555879 
[ e ;  jungle16 ; breaker: 1,0 ] --> 0 0,1323264 0,1511488 0,2065187 0,3364936 0,2163105 0,4190431 0,4055307 0,1753235 0,2309222 0,2403188 0,2861786 0,4422617 0,4346147 0,1526771 0,2558789 
Absolute Error Mean: 0,2553467

[ p ;  jungle16 ; breaker: 1,0 ] --> 0,2 0,5 0,76 1,37 1,93 2,24 2,72 2,93 3,2 3,51 3,78 4,08 4,57 4,9 5,19 5,3 
[ b ;  jungle16 ; breaker: 1,0 ] --> 0,2 0,5068551 0,7606841 0,9913329 2,820451 3,122151 3,603522 3,85941 4,088353 4,552961 4,835029 5,222556 5,454861 5,687082 5,89117 6,429945 
[ e ;  jungle16 ; breaker: 1,0 ] --> 0 0,00685513 0,0006841421 0,3786671 0,8904508 0,8821511 0,8835223 0,9294102 0,8883531 1,042961 1,055029 1,142556 0,8848605 0,7870822 0,70117 1,129944 
Absolute Error Mean: 0,7252311

[ p ;  jungle16 ; breaker: 1,0 ] --> 0,2 0,5 0,76 1,37 1,93 2,24 2,72 2,93 3,2 3,51 3,78 4,08 4,57 4,9 5,19 5,3 
[ b ;  jungle16 ; breaker: 1,0 ] --> 0,2 0,4575455 0,8678051 1,401289 1,961408 2,21808 2,67623 2,88715 3,323369 3,553579 3,809473 4,404544 4,969053 5,507236 6,042886 6,223378 
[ e ;  jungle16 ; breaker: 1,0 ] --> 0 0,04245448 0,1078051 0,03128874 0,03140795 0,0219202 0,04377007 0,04285049 0,1233685 0,04357886 0,02947259 0,324544 0,3990526 0,6072364 0,8528857 0,9233775 
Absolute Error Mean: 0,2265633

[ p ;  jungle16 ; breaker: 1,0 ] --> 0,2 0,5 0,76 1,37 1,93 2,24 2,72 2,93 3,2 3,51 3,78 4,08 4,57 4,9 5,19 5,3 
[ b ;  jungle16 ; breaker: 1,0 ] --> 0,2 0,4265445 0,7794368 1,336535 1,717308 2,298772 2,504716 2,960747 3,187831 3,469705 4,055117 4,363577 4,694449 5,307457 5,535454 6,070666 
[ e ;  jungle16 ; breaker: 1,0 ] --> 0 0,07345545 0,01943684 0,03346491 0,2126924 0,05877185 0,2152843 0,03074646 0,01216936 0,04029465 0,2751167 0,2835774 0,1244493 0,4074569 0,3454537 0,7706661 
Absolute Error Mean: 0,1814398

[ p ;  jungle16 ; breaker: 1,0 ] --> 0,2 0,5 0,76 1,37 1,93 2,24 2,72 2,93 3,2 3,51 3,78 4,08 4,57 4,9 5,19 5,3 
[ b ;  jungle16 ; breaker: 1,0 ] --> 0,2 0,5347382 0,7903252 1,224488 1,758285 1,987148 2,395056 2,648108 3,05467 3,308642 3,512599 3,839593 4,496835 5,081594 5,893053 6,370336 
[ e ;  jungle16 ; breaker: 1,0 ] --> 0 0,03473818 0,03032523 0,145512 0,1717154 0,252852 0,3249438 0,2818923 0,1453304 0,2013576 0,2674012 0,240407 0,07316542 0,1815944 0,7030525 1,070335 
Absolute Error Mean: 0,2577889

[ p ;  jungle16 ; breaker: 1,0 ] --> 0,2 0,5 0,76 1,37 1,93 2,24 2,72 2,93 3,2 3,51 3,78 4,08 4,57 4,9 5,19 5,3 
[ b ;  jungle16 ; breaker: 1,0 ] --> 0,2 0,4311668 0,6625819 1,074522 1,532701 1,764354 2,121367 2,375611 2,833277 3,116404 3,532715 4,174811 4,762225 4,940262 5,144402 5,605147 
[ e ;  jungle16 ; breaker: 1,0 ] --> 0 0,0688332 0,09741813 0,2954775 0,3972988 0,4756458 0,5986333 0,5543895 0,3667228 0,3935957 0,2472847 0,09481144 0,1922245 0,04026222 0,04559803 0,3051467 
Absolute Error Mean: 0,2608339

[ p ;  jungle16 ; breaker: 1,0 ] --> 0,2 0,5 0,76 1,37 1,93 2,24 2,72 2,93 3,2 3,51 3,78 4,08 4,57 4,9 5,19 5,3 
[ b ;  jungle16 ; breaker: 1,0 ] --> 0,2 0,4343652 0,7957404 1,358136 1,952065 2,157408 2,547638 2,779792 3,298774 3,528327 3,787994 3,995661 4,564759 4,771544 5,002794 5,493026 
[ e ;  jungle16 ; breaker: 1,0 ] --> 0 0,06563482 0,03574038 0,01186371 0,02206516 0,08259201 0,1723616 0,1502078 0,09877419 0,01832652 0,007993937 0,08433867 0,005241394 0,1284556 0,1872063 0,1930261 
Absolute Error Mean: 0,07898926

[ p ;  jungle16 ; breaker: 1,0 ] --> 0,2 0,5 0,76 1,37 1,93 2,24 2,72 2,93 3,2 3,51 3,78 4,08 4,57 4,9 5,19 5,3 
[ b ;  jungle16 ; breaker: 1,0 ] --> 0,2 0,4063527 0,6376456 1,155107 1,463605 1,999822 2,202672 2,589123 2,871979 3,485892 3,663965 4,58879 4,794627 5,049076 5,614057 5,820855 5,973861 
[ e ;  jungle16 ; breaker: 1,0 ] --> 0 0,0936473 0,1223544 0,2148929 0,4663954 0,2401778 0,5173278 0,3408775 0,3280208 0,02410841 0,1160355 0,5087905 0,224627 0,149076 0,4240565 0,5208549 
Absolute Error Mean: 0,2682027

[ p ;  jungle16 ; breaker: 1,0 ] --> 0,2 0,5 0,76 1,37 1,93 2,24 2,72 2,93 3,2 3,51 3,78 4,08 4,57 4,9 5,19 5,3 
[ b ;  jungle16 ; breaker: 1,0 ] --> 0,2 0,4043547 0,659251 1,143967 1,35024 1,8133 2,047557 2,380791 2,610569 2,790686 2,994213 3,404586 3,909102 4,493234 4,668862 5,026199 
[ e ;  jungle16 ; breaker: 1,0 ] --> 0 0,09564528 0,100749 0,2260326 0,5797596 0,4266995 0,6724434 0,5492086 0,5894313 0,7193141 0,7857871 0,6754138 0,6608984 0,4067659 0,5211377 0,2738008 
Absolute Error Mean: 0,455193

[ p ;  jungle16 ; breaker: 1,0 ] --> 0,2 0,5 0,76 1,37 1,93 2,24 2,72 2,93 3,2 3,51 3,78 4,08 4,57 4,9 5,19 5,3 
[ b ;  jungle16 ; breaker: 1,0 ] --> 0,2 0,4028285 0,6311963 1,113992 1,339278 1,698051 1,90149 2,310752 2,54077 2,745954 3,099778 3,794035 4,305053 4,537912 4,716141 5,074265 
[ e ;  jungle16 ; breaker: 1,0 ] --> 0 0,09717149 0,1288037 0,2560077 0,5907218 0,5419494 0,8185102 0,6192484 0,6592302 0,7640464 0,6802223 0,2859647 0,2649469 0,3620877 0,4738588 0,2257347 
Absolute Error Mean: 0,4230315

[ p ;  jungle16 ; breaker: 1,0 ] --> 0,2 0,5 0,76 1,37 1,93 2,24 2,72 2,93 3,2 3,51 3,78 4,08 4,57 4,9 5,19 5,3 
[ b ;  jungle16 ; breaker: 1,0 ] --> 
[ e ;  jungle16 ; breaker: 1,0 ] --> 
Absolute Error Mean: 2,94875

[ p ;  jungle26 ; breaker: 1,0 ] --> 0,2 0,5 0,76 1,37 1,93 2,24 2,72 2,93 3,2 3,51 3,78 4,08 4,57 4,9 5,19 5,3 
[ b ;  jungle26 ; breaker: 1,0 ] --> 
[ e ;  jungle26 ; breaker: 1,0 ] --> 
Absolute Error Mean: 2,94875

[ p ;  jungle26 ; breaker: 1,0 ] --> 0,2 0,5 0,76 1,37 1,93 2,24 2,72 2,93 3,2 3,51 3,78 4,08 4,57 4,9 5,19 5,3 5,92 6,1 6,37 6,76 7,09 7,24 7,7 7,8 8,24 8,5 
[ b ;  jungle26 ; breaker: 1,0 ] --> 0,2 0,505826 0,7387807 1,097013 1,403926 1,873393 2,078818 2,521096 2,72727 2,935667 3,119792 3,454571 3,920737 4,174903 4,625516 4,827975 5,03193 5,234626 5,488083 5,665534 5,866892 6,044215 6,225299 6,406297 6,611423 6,766661 
[ e ;  jungle26 ; breaker: 1,0 ] --> 0 0,005825996 0,02121925 0,2729867 0,5260739 0,3666067 0,6411819 0,4089036 0,4727302 0,5743327 0,6602075 0,6254289 0,6492636 0,7250967 0,5644841 0,4720249 0,8880701 0,8653736 0,881917 1,094466 1,223108 1,195785 1,474701 1,393703 1,628577 1,733339 
Absolute Error Mean: 0,7448233

[ p ;  jungle26 ; breaker: 1,0 ] --> 0,2 0,5 0,76 1,37 1,93 2,24 2,72 2,93 3,2 3,51 3,78 4,08 4,57 4,9 5,19 5,3 5,92 6,1 6,37 6,76 7,09 7,24 7,7 7,8 8,24 8,5 
[ b ;  jungle26 ; breaker: 1,0 ] --> 0,2 0,4320416 0,6366521 1,091645 1,627381 1,833322 2,215372 2,419702 2,955582 3,163593 3,365779 3,878689 4,108115 4,645562 4,877104 5,232161 5,433032 6,334248 6,538253 7,055252 7,719538 8,466669 8,673064 9,033611 9,239285 9,599154 
[ e ;  jungle26 ; breaker: 1,0 ] --> 0 0,06795835 0,1233479 0,2783554 0,3026189 0,4066784 0,5046284 0,5102983 0,2444179 0,3464074 0,4142206 0,2013111 0,4618855 0,2544384 0,3128963 0,06783962 0,4869685 0,2342477 0,1682529 0,2952514 0,6295381 1,226669 0,9730644 1,233611 0,9992847 1,099154 
Absolute Error Mean: 0,4555133

[ p ;  jungle26 ; breaker: 1,0 ] --> 0,2 0,5 0,76 1,37 1,93 2,24 2,72 2,93 3,2 3,51 3,78 4,08 4,57 4,9 5,19 5,3 5,92 6,1 6,37 6,76 7,09 7,24 7,7 7,8 8,24 8,5 
[ b ;  jungle26 ; breaker: 1,0 ] --> 0,2 0,4307571 0,5856037 1,102686 1,671536 1,850223 2,287991 2,492487 2,93117 3,168032 3,372699 3,528627 4,101756 4,308064 4,488685 4,669934 5,237537 5,417383 5,850072 6,182957 6,541662 6,77107 6,973202 7,156231 7,334077 7,514558 
[ e ;  jungle26 ; breaker: 1,0 ] --> 0 0,06924292 0,1743963 0,2673136 0,258464 0,3897766 0,4320087 0,4375131 0,2688305 0,3419678 0,4073012 0,551373 0,4682446 0,5919356 0,7013149 0,6300664 0,6824632 0,6826172 0,5199275 0,5770431 0,5483379 0,4689293 0,7267981 0,6437688 0,9059224 0,9854417 
Absolute Error Mean: 0,4896537

[ p ;  jungle26 ; breaker: 1,0 ] --> 0,2 0,5 0,76 1,37 1,93 2,24 2,72 2,93 3,2 3,51 3,78 4,08 4,57 4,9 5,19 5,3 5,92 6,1 6,37 6,76 7,09 7,24 7,7 7,8 8,24 8,5 
[ b ;  jungle26 ; breaker: 1,0 ] --> 0,2 0,404803 0,6380001 1,100835 1,587107 1,793694 2,176002 2,408036 2,766178 2,972326 3,180133 3,358276 3,692611 3,896017 4,102482 4,278364 4,481566 4,660943 4,839362 5,01849 5,220887 5,400787 5,578979 5,756734 5,960505 6,113655 
[ e ;  jungle26 ; breaker: 1,0 ] --> 0 0,09519696 0,1219999 0,2691652 0,3428931 0,4463056 0,5439982 0,5219638 0,4338224 0,5376742 0,5998671 0,7217243 0,8773894 1,003983 1,087518 1,021636 1,438434 1,439057 1,530638 1,74151 1,869113 1,839212 2,12102 2,043266 2,279494 2,386345 
Absolute Error Mean: 1,050509

[ p ;  jungle26 ; breaker: 1,0 ] --> 0,2 0,5 0,76 1,37 1,93 2,24 2,72 2,93 3,2 3,51 3,78 4,08 4,57 4,9 5,19 5,3 5,92 6,1 6,37 6,76 7,09 7,24 7,7 7,8 8,24 8,5 
[ b ;  jungle26 ; breaker: 1,0 ] --> 0,2 0,4584134 0,7693261 1,236085 1,856339 2,038187 2,454132 2,635747 3,132353 3,338561 3,524772 3,707413 4,228062 4,433868 4,796064 5,029988 5,239031 5,492976 5,828458 6,19142 6,373366 6,554256 6,732664 6,913415 7,094239 7,272403 7,478414 
[ e ;  jungle26 ; breaker: 1,0 ] --> 0 0,04158661 0,0093261 0,1339152 0,07366133 0,201813 0,2658684 0,2942533 0,06764722 0,1714389 0,2552283 0,3725865 0,3419385 0,4661322 0,3939362 0,2700124 0,6809688 0,6070237 0,5415421 0,5685806 0,7166343 0,6857438 0,9673357 0,8865848 1,145761 1,227597 
Absolute Error Mean: 0,437966

[ p ;  jungle26 ; breaker: 1,0 ] --> 0,2 0,5 0,76 1,37 1,93 2,24 2,72 2,93 3,2 3,51 3,78 4,08 4,57 4,9 5,19 5,3 5,92 6,1 6,37 6,76 7,09 7,24 7,7 7,8 8,24 8,5 
[ b ;  jungle26 ; breaker: 1,0 ] --> 0,2 0,4029869 0,577971 0,9349952 1,366284 1,593624 1,977435 2,178502 2,586727 2,817165 3,021518 3,24894 3,729048 3,933014 4,135198 4,468537 4,743509 5,020156 5,249716 5,424675 5,600419 5,754811 5,933936 6,11525 6,315875 6,494782 6,694935 
[ e ;  jungle26 ; breaker: 1,0 ] --> 0 0,09701315 0,182029 0,4350048 0,5637155 0,6463757 0,7425654 0,7514985 0,6132727 0,6928349 0,7584825 0,8310597 0,8409524 0,9669862 1,054802 0,8314633 1,176491 1,079844 1,120284 1,335325 1,489582 1,485189 1,766064 1,68475 1,924125 2,005218 
Absolute Error Mean: 0,9644203

[ p ;  jungle26 ; breaker: 1,0 ] --> 0,2 0,5 0,76 1,37 1,93 2,24 2,72 2,93 3,2 3,51 3,78 4,08 4,57 4,9 5,19 5,3 5,92 6,1 6,37 6,76 7,09 7,24 7,7 7,8 8,24 8,5 
[ b ;  jungle26 ; breaker: 1,0 ] --> 0,2 0,4065847 0,585785 1,021995 1,51124 1,715735 2,197156 2,399074 2,881977 3,109969 3,312756 3,644857 4,35881 4,513532 4,691439 5,147891 5,815874 5,992953 6,197319 6,402408 6,580807 6,784828 6,96576 7,143548 7,352368 7,658258 
[ e ;  jungle26 ; breaker: 1,0 ] --> 0 0,09341532 0,174215 0,3480053 0,4187598 0,5242648 0,5228441 0,5309258 0,318023 0,4000306 0,4672444 0,4351425 0,2111897 0,3864684 0,4985609 0,1521096 0,1041265 0,1070471 0,1726809 0,3575921 0,5091934 0,4551716 0,7342401 0,6564522 0,8876319 0,8417416 
Absolute Error Mean: 0,3964261

[ p ;  jungle26 ; breaker: 1,0 ] --> 0,2 0,5 0,76 1,37 1,93 2,24 2,72 2,93 3,2 3,51 3,78 4,08 4,57 4,9 5,19 5,3 5,92 6,1 6,37 6,76 7,09 7,24 7,7 7,8 8,24 8,5 
[ b ;  jungle26 ; breaker: 1,0 ] --> 0,2 3,448495 3,627477 4,01251 4,623358 4,802606 5,333745 5,560404 6,094804 6,324938 6,502605 6,704905 6,910089 7,138873 7,342075 7,546767 7,726081 7,932579 8,112436 8,294036 8,521742 8,701333 8,880952 9,060883 9,241773 9,423551 
[ e ;  jungle26 ; breaker: 1,0 ] --> 0 2,948495 2,867477 2,64251 2,693358 2,562606 2,613745 2,630404 2,894804 2,814938 2,722605 2,624905 2,340089 2,238873 2,152075 2,246767 1,806081 1,832579 1,742436 1,534036 1,431742 1,461333 1,180952 1,260882 1,001773 0,9235506 
Absolute Error Mean: 2,044962

[ p ;  jungle26 ; breaker: 1,0 ] --> 0,2 0,5 0,76 1,37 1,93 2,24 2,72 2,93 3,2 3,51 3,78 4,08 4,57 4,9 5,19 5,3 5,92 6,1 6,37 6,76 7,09 7,24 7,7 7,8 8,24 8,5 
[ b ;  jungle26 ; breaker: 1,0 ] --> 0,2 0,3837475 0,5330072 1,046767 1,61332 1,793338 2,181223 2,36043 2,85002 3,057959 3,288765 3,855962 4,138832 4,319038 4,868927 5,072821 5,225019 5,611024 5,89802 6,313859 6,518074 6,697654 6,879991 7,086462 7,267655 7,680596 
[ e ;  jungle26 ; breaker: 1,0 ] --> 0 0,1162525 0,2269928 0,3232332 0,3166802 0,4466623 0,5387766 0,5695705 0,3499796 0,4520409 0,4912348 0,2240384 0,4311681 0,5809617 0,3210735 0,2271791 0,6949811 0,488976 0,4719796 0,4461408 0,5719261 0,542346 0,8200088 0,7135386 0,9723449 0,8194041 
Absolute Error Mean: 0,4675958

[ p ;  jungle8 ; breaker: 1,0 ] --> 0,2 0,5 0,76 1,37 1,93 2,24 2,72 2,93 3,2 3,51 3,78 4,08 4,57 4,9 5,19 5,3 5,92 6,1 6,37 6,76 7,09 7,24 7,7 7,8 8,24 8,5 
[ s ;  jungle8 ; breaker: 1,0 ] --> 0,2 0,4537125 0,7327706 0,9822277 1,635135 1,864437 2,144083 2,425276 
[ e ;  jungle8 ; breaker: 1,0 ] --> 0 0,04628751 0,02722943 0,3877723 0,2948653 0,375563 0,5759175 0,5047243 
Absolute Error Mean: 4,171629

[ p ;  jungle8 ; breaker: 1,0 ] --> 0,2 0,5 0,76 1,37 1,93 2,24 2,72 2,93 
[ s ;  jungle8 ; breaker: 1,0 ] --> 0,2 0,4554339 0,7605249 1,01712 1,32493 1,775069 2,002204 2,207418 
[ e ;  jungle8 ; breaker: 1,0 ] --> 0 0,04456612 0,0005248785 0,3528802 0,6050704 0,4649305 0,7177956 0,7225819 
Absolute Error Mean: 0,3635437

[ p ;  jungle8 ; breaker: 1,0 ] --> 0,2 0,5 0,76 1,37 1,93 2,24 2,72 2,93 
[ s ;  jungle8 ; breaker: 1,0 ] --> 0,2 0,6601682 0,9661048 1,220165 1,523222 1,975411 2,249577 2,524775 2,776671 
[ e ;  jungle8 ; breaker: 1,0 ] --> 0 0,1601682 0,2061048 0,1498349 0,4067775 0,2645887 0,470423 0,4052248 
Absolute Error Mean: 0,2578902

[ p ;  jungle8 ; breaker: 1,0 ] --> 0,2 0,5 0,76 1,37 1,93 2,24 2,72 2,93 
[ s ;  jungle8 ; breaker: 1,0 ] --> 0,2 0,4543727 0,7597898 1,038034 1,719532 2,052268 2,38172 2,610364 3,240693 
[ e ;  jungle8 ; breaker: 1,0 ] --> 0 0,0456273 0,0002102256 0,3319656 0,2104678 0,1877325 0,33828 0,3196363 
Absolute Error Mean: 0,17924

[ p ;  jungle8 ; breaker: 1,0 ] --> 0,2 0,5 0,76 1,37 1,93 2,24 2,72 2,93 
[ s ;  jungle8 ; breaker: 1,0 ] --> 0,2 0,4847185 0,8943886 1,482706 2,12243 2,379957 2,713242 3,018952 
[ e ;  jungle8 ; breaker: 1,0 ] --> 0 0,0152815 0,1343886 0,1127056 0,1924297 0,1399567 0,006758451 0,08895206 
Absolute Error Mean: 0,08630907

[ p ;  jungle8 ; breaker: 1,0 ] --> 0,2 0,5 0,76 1,37 1,93 2,24 2,72 2,93 
[ s ;  jungle8 ; breaker: 1,0 ] --> 0,2 0,4268418 0,7059265 0,982602 1,643108 1,949225 2,281515 2,96721 
[ e ;  jungle8 ; breaker: 1,0 ] --> 0 0,0731582 0,05407345 0,387398 0,2868922 0,2907746 0,4384851 0,03721023 
Absolute Error Mean: 0,195999

[ p ;  jungle8 ; breaker: 1,0 ] --> 0,2 0,5 0,76 1,37 1,93 2,24 2,72 2,93 
[ s ;  jungle8 ; breaker: 1,0 ] --> 0,2 0,6296062 0,9332821 1,295396 1,901673 2,181502 2,411664 2,644684 
[ e ;  jungle8 ; breaker: 1,0 ] --> 0 0,1296062 0,1732821 0,07460368 0,02832723 0,05849767 0,308336 0,285316 
Absolute Error Mean: 0,1322461

[ p ;  jungle8 ; breaker: 1,0 ] --> 0,2 0,5 0,76 1,37 1,93 2,24 2,72 2,93 
[ s ;  jungle8 ; breaker: 1,0 ] --> 0,2 0,4318271 0,7377142 1,115721 1,750922 2,038413 2,270033 2,49979 
[ e ;  jungle8 ; breaker: 1,0 ] --> 0 0,06817287 0,02228576 0,2542785 0,1790777 0,201587 0,4499667 0,4302099 
Absolute Error Mean: 0,2006973

[ p ;  jungle8 ; breaker: 1,0 ] --> 0,2 0,5 0,76 1,37 1,93 2,24 2,72 2,93 
[ s ;  jungle8 ; breaker: 1,0 ] --> 0,2 0,4803323 0,7316899 1,03899 1,396068 1,831187 2,060347 2,440531 
[ e ;  jungle8 ; breaker: 1,0 ] --> 0 0,01966771 0,02831006 0,3310095 0,5339321 0,408813 0,6596532 0,4894688 
Absolute Error Mean: 0,3088568

[ p ;  jungle8 ; breaker: 1,0 ] --> 0,2 0,5 0,76 1,37 1,93 2,24 2,72 2,93 
[ s ;  jungle8 ; breaker: 1,0 ] --> 0,2 0,479565 0,7602602 1,043385 1,39839 1,991643 2,243306 2,599652 
[ e ;  jungle8 ; breaker: 1,0 ] --> 0 0,02043501 0,0002602339 0,3266147 0,5316097 0,2483568 0,4766939 0,330348 
Absolute Error Mean: 0,2417898

[ p ;  jungle26 ; breaker: 1,0 ] --> 0,2 0,5 0,76 1,37 1,93 2,24 2,72 2,93 
[ s ;  jungle26 ; breaker: 1,0 ] --> 0,2 0,4840641 0,7356194 1,037776 1,317933 1,744385 1,99694 2,202296 2,688353 3,019703 3,302697 3,557424 3,838267 4,170045 4,452951 4,758957 5,223169 5,503888 5,888358 6,224811 6,481087 6,762521 6,993871 7,454748 7,711853 7,947189 8,151617 
[ e ;  jungle26 ; breaker: 1,0 ] --> 0 0,01593593 0,02438062 0,3322239 0,6120671 0,4956148 0,7230601 0,727704 
Absolute Error Mean: 0,3663733

[ p ;  jungle26 ; breaker: 1,0 ] --> 0,2 0,5 0,76 1,37 1,93 2,24 2,72 2,93 3,2 3,51 3,78 4,08 4,57 4,9 5,19 5,3 5,92 6,1 6,37 6,76 7,09 7,24 7,7 7,8 8,24 8,5 
[ s ;  jungle26 ; breaker: 1,0 ] --> 0,2 0,4339223 0,794354 1,180274 1,743959 2,055103 2,364639 2,673701 3,159076 3,464708 3,771422 4,026373 4,332641 4,56253 4,871593 5,324505 5,552179 5,986785 6,293157 6,601724 6,883633 7,266494 7,90917 8,189165 8,491909 8,769379 9,025064 
[ e ;  jungle26 ; breaker: 1,0 ] --> 0 0,06607768 0,03435403 0,1897256 0,186041 0,1848974 0,3553607 0,2562993 0,04092407 0,04529166 0,0085783 0,05362654 0,2373595 0,3374701 0,3184075 0,02450466 0,3678212 0,1132145 0,07684326 0,1582766 0,2063675 0,02649403 0,2091699 0,3891649 0,2519093 0,2693787 
Absolute Error Mean: 0,1695215

[ p ;  jungle26 ; breaker: 1,0 ] --> 0,2 0,5 0,76 1,37 1,93 2,24 2,72 2,93 3,2 3,51 3,78 4,08 4,57 4,9 5,19 5,3 5,92 6,1 6,37 6,76 7,09 7,24 7,7 7,8 8,24 8,5 
[ s ;  jungle26 ; breaker: 1,0 ] --> 0,2 0,5354118 0,7905168 1,069961 1,347721 1,752596 2,032071 2,259819 2,66512 3,020013 3,319228 3,648422 3,950537 4,20641 4,51346 4,840781 5,349498 5,682013 5,983774 6,286929 6,568275 6,874003 7,107014 7,563035 7,840365 8,091923 
[ e ;  jungle26 ; breaker: 1,0 ] --> 0 0,03541183 0,0305168 0,3000386 0,5822794 0,4874045 0,6879287 0,6701813 0,5348797 0,4899874 0,4607716 0,4315774 0,6194627 0,6935902 0,6765399 0,4592195 0,5705018 0,4179869 0,3862257 0,4730716 0,5217247 0,3659968 0,5929856 0,2369657 0,3996348 0,4080772 
Absolute Error Mean: 0,4435754

[ p ;  jungle26 ; breaker: 1,0 ] --> 0,2 0,5 0,76 1,37 1,93 2,24 2,72 2,93 3,2 3,51 3,78 4,08 4,57 4,9 5,19 5,3 5,92 6,1 6,37 6,76 7,09 7,24 7,7 7,8 8,24 8,5 
[ s ;  jungle26 ; breaker: 1,0 ] --> 0,2 0,5309873 0,8101628 1,089627 1,36951 1,773908 2,050422 2,306687 2,733493 3,089074 3,419888 3,694289 3,994551 4,35653 4,76308 5,040827 5,47039 5,825322 6,179587 6,514666 6,923661 7,279742 7,745142 8,051124 8,304666 8,559813 
[ e ;  jungle26 ; breaker: 1,0 ] --> 0 0,03098726 0,05016279 0,2803735 0,5604904 0,4660922 0,6695776 0,6233134 0,4665067 0,4209259 0,3601124 0,3857112 0,575449 0,5434699 0,4269204 0,2591729 0,4496102 0,2746782 0,1904125 0,2453346 0,1663389 0,03974199 0,0451417 0,2511234 0,06466579 0,05981255 
Absolute Error Mean: 0,3040817

[ p ;  jungle26 ; breaker: 1,0 ] --> 0,2 0,5 0,76 1,37 1,93 2,24 2,72 2,93 3,2 3,51 3,78 4,08 4,57 4,9 5,19 5,3 5,92 6,1 6,37 6,76 7,09 7,24 7,7 7,8 8,24 8,5 
[ s ;  jungle26 ; breaker: 1,0 ] --> 0,2 0,6843587 0,9407175 1,271607 1,551799 1,98466 2,263892 2,494668 2,951899 3,258085 3,564739 3,845168 4,175195 4,48117 4,738358 5,094236 5,52819 5,989575 6,419734 6,725611 7,00815 7,31078 7,516131 7,924765 8,180074 8,433333 
[ e ;  jungle26 ; breaker: 1,0 ] --> 0 0,1843587 0,1807175 0,09839332 0,3782009 0,2553401 0,4561076 0,4353321 0,2481015 0,2519147 0,2152605 0,2348323 0,3948054 0,4188299 0,4516416 0,2057638 0,3918104 0,1104245 0,04973459 0,03438902 0,08185005 0,0707798 0,1838684 0,1247649 0,05992603 0,0666666 
Absolute Error Mean: 0,2147621

[ p ;  jungle26 ; breaker: 1,0 ] --> 0,2 0,5 0,76 1,37 1,93 2,24 2,72 2,93 3,2 3,51 3,78 4,08 4,57 4,9 5,19 5,3 5,92 6,1 6,37 6,76 7,09 7,24 7,7 7,8 8,24 8,5 
[ s ;  jungle26 ; breaker: 1,0 ] --> 0,2 0,531464 0,8616307 1,189624 1,753621 2,035157 2,366908 2,672648 3,132855 3,592503 3,871888 4,175911 4,460829 4,766275 5,147299 5,477097 5,955311 6,339961 6,723626 7,082928 7,417125 7,703909 8,190807 8,622623 9,081603 9,413482 
[ e ;  jungle26 ; breaker: 1,0 ] --> 0 0,03146404 0,1016307 0,1803761 0,1763794 0,2048426 0,353092 0,2573524 0,06714535 0,08250308 0,09188795 0,09591103 0,1091709 0,1337247 0,04270077 0,1770964 0,03531075 0,2399607 0,3536258 0,322928 0,3271251 0,4639091 0,4908075 0,8226233 0,8416033 0,9134817 
Absolute Error Mean: 0,2660251

[ p ;  jungle26 ; breaker: 1,0 ] --> 0,2 0,5 0,76 1,37 1,93 2,24 2,72 2,93 3,2 3,51 3,78 4,08 4,57 4,9 5,19 5,3 5,92 6,1 6,37 6,76 7,09 7,24 7,7 7,8 8,24 8,5 
[ s ;  jungle26 ; breaker: 1,0 ] --> 0,2 0,504178 0,8076791 1,148258 1,727004 2,015872 2,372027 2,703973 2,907938 3,213561 3,520239 3,774608 4,054301 4,335849 4,667483 4,973561 5,30949 5,69375 6,053228 6,387744 6,743808 7,024981 7,357926 7,667989 7,978327 8,364358 9,0791 9,795594 
[ e ;  jungle26 ; breaker: 1,0 ] --> 0 0,004177988 0,04767913 0,2217422 0,2029957 0,2241275 0,3479726 0,226027 0,2920616 0,2964389 0,2597606 0,3053923 0,5156994 0,5641513 0,5225172 0,3264389 0,6105099 0,4062495 0,316772 0,3722558 0,3461919 0,2150183 0,3420734 0,1320109 0,2616725 0,1356421 
Absolute Error Mean: 0,2882915

[ p ;  jungle26 ; breaker: 1,0 ] --> 0,2 0,5 0,76 1,37 1,93 2,24 2,72 2,93 3,2 3,51 3,78 4,08 4,57 4,9 5,19 5,3 5,92 6,1 6,37 6,76 7,09 7,24 7,7 7,8 8,24 8,5 
[ s ;  jungle26 ; breaker: 1,0 ] --> 0,2 0,5085859 0,8141803 1,147968 1,634864 1,916975 2,223068 2,502396 2,88363 3,187528 3,467369 3,747037 4,076707 4,33397 4,588584 4,995208 5,300078 5,608308 5,9161 6,223355 6,481266 6,736414 6,991206 7,275482 7,531008 7,785559 8,015697 
[ e ;  jungle26 ; breaker: 1,0 ] --> 0 0,00858593 0,05418026 0,2220321 0,2951356 0,3230255 0,4969318 0,4276037 0,3163702 0,3224716 0,3126311 0,3329628 0,4932928 0,5660305 0,6014161 0,3047924 0,6199222 0,4916921 0,4538999 0,5366454 0,6087346 0,5035858 0,7087941 0,524518 0,7089915 0,7144408 
Absolute Error Mean: 0,4211033

[ p ;  jungle26 ; breaker: 1,0 ] --> 0,2 0,5 0,76 1,37 1,93 2,24 2,72 2,93 3,2 3,51 3,78 4,08 4,57 4,9 5,19 5,3 5,92 6,1 6,37 6,76 7,09 7,24 7,7 7,8 8,24 8,5 
[ s ;  jungle26 ; breaker: 1,0 ] --> 0,2 0,5304883 0,8095163 1,085762 1,335695 1,766554 2,019933 2,27713 2,481174 2,789163 3,042365 3,323217 3,577617 3,881297 4,233294 4,533577 4,862103 5,139402 5,446077 5,75283 6,007653 6,311179 6,667959 6,973263 7,204284 7,507529 
[ e ;  jungle26 ; breaker: 1,0 ] --> 0 0,03048831 0,04951632 0,2842376 0,5943049 0,4734457 0,7000673 0,6528702 0,7188261 0,7208371 0,7376354 0,7567825 0,9923832 1,018703 0,956706 0,7664232 1,057898 0,960598 0,9239225 1,00717 1,082347 0,9288211 1,032041 0,8267374 1,035716 0,9924707 
Absolute Error Mean: 0,7423442

[ p ;  jungle26 ; breaker: 1,0 ] --> 0,2 0,5 0,76 1,37 1,93 2,24 2,72 2,93 3,2 3,51 3,78 4,08 4,57 4,9 5,19 5,3 5,92 6,1 6,37 6,76 7,09 7,24 7,7 7,8 8,24 8,5 
[ s ;  jungle26 ; breaker: 1,0 ] --> 0,2 0,5333018 0,7847821 1,061871 1,315468 1,693277 1,946797 2,175446 2,555455 2,835463 3,117773 3,395551 3,675766 4,033306 4,313243 4,621149 5,083222 5,361373 5,670455 5,951367 6,205739 6,51377 6,795574 7,12795 7,409825 7,691002 7,945021 
[ e ;  jungle26 ; breaker: 1,0 ] --> 0 0,03330183 0,02478206 0,3081287 0,6145324 0,5467228 0,7732031 0,754554 0,6445453 0,6745367 0,6622274 0,6844492 0,8942337 0,8666945 0,8767571 0,6788511 0,8367782 0,738627 0,6995449 0,8086329 0,8842611 0,7262301 0,9044256 0,6720505 0,8301749 0,8089976 
Absolute Error Mean: 0,651817

[ p ;  jungle8 ; breaker: 1,0 ] --> 0,2 0,5 0,76 1,37 1,93 2,24 2,72 2,93 3,2 3,51 3,78 4,08 4,57 4,9 5,19 5,3 5,92 6,1 6,37 6,76 7,09 7,24 7,7 7,8 8,24 8,5 
