b;0;6,848154;
b;0;0,1320672;0,305429;0,3805012;0,5668217;0,8977048;0,6735671;0,9979448;
b;0;0,1410487;0,2695718;0,3469681;0,3489209;0,6284611;0,3549268;0,8301709;
b;0;0,06007767;0,03151256;0,04039299;0,1903713;0,03439689;0,03287506;0,0317831;
b;
b;0;0,005116761;0,0206899;0,116558;0,2131822;0,04277372;0,2042203;0,07118988;
b;0;0,05654073;0,02884775;0,2228117;0,2000309;0,04140782;0,2391448;0,04170322;
b;0;0,04768822;0,02641946;0,0987345;0,07345569;0,1081846;0,1783383;0,1090052;
b;0;0,0468652;0,05463141;0,1075528;0,08336151;0,0824399;0,2314982;0,2229593;
b;0;0,04621738;0,02789342;0,1271213;0,08087218;0,0144825;0,1365769;0,1282284;
s;0;0,04301181;0,0247609;0,3560035;0,5382413;0,414901;0,6409597;0,5977175;
s;0;0,08254111;0,1285366;0,1747595;0,5071197;0,3629314;0,5905824;0,5723395;0,5895572;0,5721331;0,5626545;0,5860207;0,7156723;0,8159709;0,8260031;0,62885;
s;0;3,016269;3,008538;2,672642;2,414506;2,556664;2,355227;2,376066;2,488855;2,461182;2,46883;2,452406;2,268656;2,2962;2,339791;2,560954;
s;0;0,04721165;0,02995592;0,362422;0,2654355;0,2715247;0,4710352;0,3784864;0,2706387;0,1982236;0,1622386;0,1035156;0,3393731;0,4143181;0,4484315;0,2042556;
s;0;0,0215646;0,02286017;0,1317565;0,06275272;0,07148647;0,2759376;0,1556799;0,2241971;0,1042645;0,148083;0,1687374;0,3807316;0,4025559;0,2147179;0,03170156;
s;0;0,00866878;0,02711785;0,27913;0,1779168;0,1617813;0,3405504;0,2201717;0,2410882;0,2218561;0,2605333;0,3074734;0,4415674;0,3385153;0,3802304;0,2153997;
s;0;0,04031548;0,03368837;0,1701165;0,1280069;0,1607265;0,3091228;0,25982;0,07275677;0,03010964;0,06968307;0,1129632;0,2996387;0,3451734;0,1485996;0,07672071;
s;0;0,05580002;0,1268007;0,1739874;0,4813101;0,3098452;0,5351598;0,4905601;0,3788683;0,2322407;0,1925342;0,2124186;0,4231644;0,4719367;0,3795176;0,1570253;
s;0;0,02719796;0,09327114;0,03715265;0,1144327;0,08996868;0,2667823;0,2020662;0,01637912;0,0990212;0,08809304;0,163985;0,4029937;0,4785948;0,1661835;0,08359528;
s;0;0,1323264;0,1511488;0,2065187;0,3364936;0,2163105;0,4190431;0,4055307;0,1753235;0,2309222;0,2403188;0,2861786;0,4422617;0,4346147;0,1526771;0,2558789;
b;0;0,00685513;0,0006841421;0,3786671;0,8904508;0,8821511;0,8835223;0,9294102;0,8883531;1,042961;1,055029;1,142556;0,8848605;0,7870822;0,70117;1,129944;
b;0;0,04245448;0,1078051;0,03128874;0,03140795;0,0219202;0,04377007;0,04285049;0,1233685;0,04357886;0,02947259;0,324544;0,3990526;0,6072364;0,8528857;0,9233775;
b;0;0,07345545;0,01943684;0,03346491;0,2126924;0,05877185;0,2152843;0,03074646;0,01216936;0,04029465;0,2751167;0,2835774;0,1244493;0,4074569;0,3454537;0,7706661;
b;0;0,03473818;0,03032523;0,145512;0,1717154;0,252852;0,3249438;0,2818923;0,1453304;0,2013576;0,2674012;0,240407;0,07316542;0,1815944;0,7030525;1,070335;
b;0;0,0688332;0,09741813;0,2954775;0,3972988;0,4756458;0,5986333;0,5543895;0,3667228;0,3935957;0,2472847;0,09481144;0,1922245;0,04026222;0,04559803;0,3051467;
b;0;0,06563482;0,03574038;0,01186371;0,02206516;0,08259201;0,1723616;0,1502078;0,09877419;0,01832652;0,007993937;0,08433867;0,005241394;0,1284556;0,1872063;0,1930261;
b;0;0,0936473;0,1223544;0,2148929;0,4663954;0,2401778;0,5173278;0,3408775;0,3280208;0,02410841;0,1160355;0,5087905;0,224627;0,149076;0,4240565;0,5208549;
b;0;0,09564528;0,100749;0,2260326;0,5797596;0,4266995;0,6724434;0,5492086;0,5894313;0,7193141;0,7857871;0,6754138;0,6608984;0,4067659;0,5211377;0,2738008;
b;0;0,09717149;0,1288037;0,2560077;0,5907218;0,5419494;0,8185102;0,6192484;0,6592302;0,7640464;0,6802223;0,2859647;0,2649469;0,3620877;0,4738588;0,2257347;
b;
b;
b;0;0,005825996;0,02121925;0,2729867;0,5260739;0,3666067;0,6411819;0,4089036;0,4727302;0,5743327;0,6602075;0,6254289;0,6492636;0,7250967;0,5644841;0,4720249;0,8880701;0,8653736;0,881917;1,094466;1,223108;1,195785;1,474701;1,393703;1,628577;1,733339;
b;0;0,06795835;0,1233479;0,2783554;0,3026189;0,4066784;0,5046284;0,5102983;0,2444179;0,3464074;0,4142206;0,2013111;0,4618855;0,2544384;0,3128963;0,06783962;0,4869685;0,2342477;0,1682529;0,2952514;0,6295381;1,226669;0,9730644;1,233611;0,9992847;1,099154;
b;0;0,06924292;0,1743963;0,2673136;0,258464;0,3897766;0,4320087;0,4375131;0,2688305;0,3419678;0,4073012;0,551373;0,4682446;0,5919356;0,7013149;0,6300664;0,6824632;0,6826172;0,5199275;0,5770431;0,5483379;0,4689293;0,7267981;0,6437688;0,9059224;0,9854417;
b;0;0,09519696;0,1219999;0,2691652;0,3428931;0,4463056;0,5439982;0,5219638;0,4338224;0,5376742;0,5998671;0,7217243;0,8773894;1,003983;1,087518;1,021636;1,438434;1,439057;1,530638;1,74151;1,869113;1,839212;2,12102;2,043266;2,279494;2,386345;
b;0;0,04158661;0,0093261;0,1339152;0,07366133;0,201813;0,2658684;0,2942533;0,06764722;0,1714389;0,2552283;0,3725865;0,3419385;0,4661322;0,3939362;0,2700124;0,6809688;0,6070237;0,5415421;0,5685806;0,7166343;0,6857438;0,9673357;0,8865848;1,145761;1,227597;
b;0;0,09701315;0,182029;0,4350048;0,5637155;0,6463757;0,7425654;0,7514985;0,6132727;0,6928349;0,7584825;0,8310597;0,8409524;0,9669862;1,054802;0,8314633;1,176491;1,079844;1,120284;1,335325;1,489582;1,485189;1,766064;1,68475;1,924125;2,005218;
b;0;0,09341532;0,174215;0,3480053;0,4187598;0,5242648;0,5228441;0,5309258;0,318023;0,4000306;0,4672444;0,4351425;0,2111897;0,3864684;0,4985609;0,1521096;0,1041265;0,1070471;0,1726809;0,3575921;0,5091934;0,4551716;0,7342401;0,6564522;0,8876319;0,8417416;
b;0;2,948495;2,867477;2,64251;2,693358;2,562606;2,613745;2,630404;2,894804;2,814938;2,722605;2,624905;2,340089;2,238873;2,152075;2,246767;1,806081;1,832579;1,742436;1,534036;1,431742;1,461333;1,180952;1,260882;1,001773;0,9235506;
b;0;0,1162525;0,2269928;0,3232332;0,3166802;0,4466623;0,5387766;0,5695705;0,3499796;0,4520409;0,4912348;0,2240384;0,4311681;0,5809617;0,3210735;0,2271791;0,6949811;0,488976;0,4719796;0,4461408;0,5719261;0,542346;0,8200088;0,7135386;0,9723449;0,8194041;
s;0;0,04628751;0,02722943;0,3877723;0,2948653;0,375563;0,5759175;0,5047243;
s;0;0,04456612;0,0005248785;0,3528802;0,6050704;0,4649305;0,7177956;0,7225819;
s;0;0,1601682;0,2061048;0,1498349;0,4067775;0,2645887;0,470423;0,4052248;
s;0;0,0456273;0,0002102256;0,3319656;0,2104678;0,1877325;0,33828;0,3196363;
s;0;0,0152815;0,1343886;0,1127056;0,1924297;0,1399567;0,006758451;0,08895206;
s;0;0,0731582;0,05407345;0,387398;0,2868922;0,2907746;0,4384851;0,03721023;
s;0;0,1296062;0,1732821;0,07460368;0,02832723;0,05849767;0,308336;0,285316;
s;0;0,06817287;0,02228576;0,2542785;0,1790777;0,201587;0,4499667;0,4302099;
s;0;0,01966771;0,02831006;0,3310095;0,5339321;0,408813;0,6596532;0,4894688;
s;0;0,02043501;0,0002602339;0,3266147;0,5316097;0,2483568;0,4766939;0,330348;
s;0;0,01593593;0,02438062;0,3322239;0,6120671;0,4956148;0,7230601;0,727704;
s;0;0,06607768;0,03435403;0,1897256;0,186041;0,1848974;0,3553607;0,2562993;0,04092407;0,04529166;0,0085783;0,05362654;0,2373595;0,3374701;0,3184075;0,02450466;0,3678212;0,1132145;0,07684326;0,1582766;0,2063675;0,02649403;0,2091699;0,3891649;0,2519093;0,2693787;
s;0;0,03541183;0,0305168;0,3000386;0,5822794;0,4874045;0,6879287;0,6701813;0,5348797;0,4899874;0,4607716;0,4315774;0,6194627;0,6935902;0,6765399;0,4592195;0,5705018;0,4179869;0,3862257;0,4730716;0,5217247;0,3659968;0,5929856;0,2369657;0,3996348;0,4080772;
s;0;0,03098726;0,05016279;0,2803735;0,5604904;0,4660922;0,6695776;0,6233134;0,4665067;0,4209259;0,3601124;0,3857112;0,575449;0,5434699;0,4269204;0,2591729;0,4496102;0,2746782;0,1904125;0,2453346;0,1663389;0,03974199;0,0451417;0,2511234;0,06466579;0,05981255;
s;0;0,1843587;0,1807175;0,09839332;0,3782009;0,2553401;0,4561076;0,4353321;0,2481015;0,2519147;0,2152605;0,2348323;0,3948054;0,4188299;0,4516416;0,2057638;0,3918104;0,1104245;0,04973459;0,03438902;0,08185005;0,0707798;0,1838684;0,1247649;0,05992603;0,0666666;
s;0;0,03146404;0,1016307;0,1803761;0,1763794;0,2048426;0,353092;0,2573524;0,06714535;0,08250308;0,09188795;0,09591103;0,1091709;0,1337247;0,04270077;0,1770964;0,03531075;0,2399607;0,3536258;0,322928;0,3271251;0,4639091;0,4908075;0,8226233;0,8416033;0,9134817;
s;0;0,004177988;0,04767913;0,2217422;0,2029957;0,2241275;0,3479726;0,226027;0,2920616;0,2964389;0,2597606;0,3053923;0,5156994;0,5641513;0,5225172;0,3264389;0,6105099;0,4062495;0,316772;0,3722558;0,3461919;0,2150183;0,3420734;0,1320109;0,2616725;0,1356421;
s;0;0,00858593;0,05418026;0,2220321;0,2951356;0,3230255;0,4969318;0,4276037;0,3163702;0,3224716;0,3126311;0,3329628;0,4932928;0,5660305;0,6014161;0,3047924;0,6199222;0,4916921;0,4538999;0,5366454;0,6087346;0,5035858;0,7087941;0,524518;0,7089915;0,7144408;
s;0;0,03048831;0,04951632;0,2842376;0,5943049;0,4734457;0,7000673;0,6528702;0,7188261;0,7208371;0,7376354;0,7567825;0,9923832;1,018703;0,956706;0,7664232;1,057898;0,960598;0,9239225;1,00717;1,082347;0,9288211;1,032041;0,8267374;1,035716;0,9924707;
s;0;0,03330183;0,02478206;0,3081287;0,6145324;0,5467228;0,7732031;0,754554;0,6445453;0,6745367;0,6622274;0,6844492;0,8942337;0,8666945;0,8767571;0,6788511;0,8367782;0,738627;0,6995449;0,8086329;0,8842611;0,7262301;0,9044256;0,6720505;0,8301749;0,8089976;
