PAVEL

[ p ;  tableau9 ; breaker: 0,5 ] --> 0,2808107 0,6389261 1,035483 1,385526 2,391268 2,750395 2,994196 3,34523 3,636765 
[ b ;  tableau9 ; breaker: 0,5 ] --> 0,2808107 0,6746893 1,072076 1,489506 2,378717 2,762352 3,035488 3,44186 3,903188 
[ e ;  tableau9 ; breaker: 0,5 ] --> 0 0,0357632 0,0365926 0,1039798 0,01255035 0,01195693 0,04129195 0,09662962 0,2664235 
Absolute Error Mean: 0,06724311

[ p ;  tableau9 ; breaker: 0,5 ] --> 0,2808107 0,6389261 1,035483 1,385526 2,391268 2,750395 2,994196 3,34523 3,636765 
[ b ;  tableau9 ; breaker: 0,5 ] --> 0,2808107 0,7068099 1,047155 1,456693 2,233749 2,595953 2,815946 3,367174 3,868406 
[ e ;  tableau9 ; breaker: 0,5 ] --> 0 0,06788385 0,01167154 0,07116759 0,1575184 0,1544421 0,1782501 0,02194333 0,2316411 
Absolute Error Mean: 0,09939088

[ p ;  tableau9 ; breaker: 0,5 ] --> 0,2808107 0,6389261 1,035483 1,385526 2,391268 2,750395 2,994196 3,34523 3,636765 
[ b ;  tableau9 ; breaker: 0,5 ] --> 0,2808107 0,7114486 1,024216 1,434654 2,128934 2,451185 2,695146 2,865242 3,39007 3,974213 
[ e ;  tableau9 ; breaker: 0,5 ] --> 0 0,07252252 0,01126754 0,04912841 0,2623336 0,2992096 0,2990506 0,4799881 0,2466943 
Absolute Error Mean: 0,1911327

[ p ;  tableau9 ; breaker: 0,5 ] --> 0,2808107 0,6389261 1,035483 1,385526 2,391268 2,750395 2,994196 3,34523 3,636765 
[ b ;  tableau9 ; breaker: 0,5 ] --> 0,2808107 0,6289847 0,9197571 1,350504 2,045526 2,359235 2,612184 2,782608 3,326226 
[ e ;  tableau9 ; breaker: 0,5 ] --> 0 0,009941339 0,115726 0,03502142 0,3457422 0,3911595 0,3820126 0,5626228 0,3105385 
Absolute Error Mean: 0,239196

[ p ;  tableau9 ; breaker: 0,5 ] --> 0,2808107 0,6389261 1,035483 1,385526 2,391268 2,750395 2,994196 3,34523 3,636765 
[ b ;  tableau9 ; breaker: 0,5 ] --> 0,2808107 0,6585742 0,973617 1,487584 2,285241 2,644442 2,875608 3,072145 3,673515 
[ e ;  tableau9 ; breaker: 0,5 ] --> 0 0,01964808 0,06186616 0,1020584 0,1060269 0,1059525 0,1185882 0,2730849 0,03675056 
Absolute Error Mean: 0,09155285

[ p ;  tableau9 ; breaker: 0,5 ] --> 0,2808107 0,6389261 1,035483 1,385526 2,391268 2,750395 2,994196 3,34523 3,636765 
[ b ;  tableau9 ; breaker: 0,5 ] --> 0,2808107 0,6619167 0,9633396 1,363873 2,192176 2,566372 2,765625 2,966532 3,548147 
[ e ;  tableau9 ; breaker: 0,5 ] --> 0 0,02299058 0,07214355 0,02165246 0,1990914 0,1840222 0,2285719 0,3786981 0,08861732 
Absolute Error Mean: 0,1328653

[ p ;  tableau9 ; breaker: 0,5 ] --> 0,2808107 0,6389261 1,035483 1,385526 2,391268 2,750395 2,994196 3,34523 3,636765 
[ b ;  tableau9 ; breaker: 0,5 ] --> 0,2808107 0,6293626 0,9361808 1,331673 2,092414 2,431565 2,663677 3,250556 3,629179 
[ e ;  tableau9 ; breaker: 0,5 ] --> 0 0,009563446 0,09930229 0,05385303 0,2988534 0,31883 0,3305199 0,09467435 0,007585764 
Absolute Error Mean: 0,134798

[ p ;  tableau9 ; breaker: 0,5 ] --> 0,2808107 0,6389261 1,035483 1,385526 2,391268 2,750395 2,994196 3,34523 3,636765 
[ b ;  tableau9 ; breaker: 0,5 ] --> 0,2808107 0,6130058 0,9101542 1,272055 2,070291 2,406863 2,635249 2,81266 3,154903 3,810611 
[ e ;  tableau9 ; breaker: 0,5 ] --> 0 0,02592033 0,125329 0,1134708 0,3209772 0,3435311 0,3589473 0,5325704 0,4818616 
Absolute Error Mean: 0,2558453

[ p ;  tableau9 ; breaker: 0,5 ] --> 0,2808107 0,6389261 1,035483 1,385526 2,391268 2,750395 2,994196 3,34523 3,636765 
[ b ;  tableau9 ; breaker: 0,5 ] --> 0,2808107 0,7102026 1,06773 1,542318 2,400579 2,764649 3,004831 3,190492 3,566525 
[ e ;  tableau9 ; breaker: 0,5 ] --> 0 0,07127649 0,03224659 0,1567922 0,009311199 0,01425409 0,0106349 0,1547384 0,07024002 
Absolute Error Mean: 0,05772154

[ p ;  tableau9 ; breaker: 0,5 ] --> 0,2808107 0,6389261 1,035483 1,385526 2,391268 2,750395 2,994196 3,34523 3,636765 
[ b ;  tableau9 ; breaker: 0,5 ] --> 0,2808107 0,6672106 1,066795 1,541526 2,271917 2,570235 2,854004 3,020484 3,309133 3,763142 
[ e ;  tableau9 ; breaker: 0,5 ] --> 0 0,02828449 0,03131199 0,1560001 0,1193511 0,1801598 0,1401927 0,3247466 0,3276315 
Absolute Error Mean: 0,1452976

[ p ;  tableau9 ; breaker: 0,5 ] --> 0,2808107 0,6389261 1,035483 1,385526 2,391268 2,750395 2,994196 3,34523 3,636765 
[ b ;  tableau9 ; breaker: 0,5 ] --> 0,2808107 0,6540793 0,9393646 1,259637 2,008369 2,313057 2,528714 2,755764 3,064434 3,477539 
[ e ;  tableau9 ; breaker: 0,5 ] --> 0 0,01515323 0,09611857 0,1258893 0,3828986 0,4373376 0,4654827 0,5894659 0,572331 
Absolute Error Mean: 0,2982974

[ p ;  tableau9 ; breaker: 0,5 ] --> 0,2808107 0,6389261 1,035483 1,385526 2,391268 2,750395 2,994196 3,34523 3,636765 
[ b ;  tableau9 ; breaker: 0,5 ] --> 0,2808107 0,6230993 0,9352337 1,348841 2,169554 2,490152 2,770875 2,94914 3,362996 3,83668 
[ e ;  tableau9 ; breaker: 0,5 ] --> 0 0,01582676 0,1002495 0,03668463 0,2217143 0,2602425 0,2233214 0,3960907 0,2737691 
Absolute Error Mean: 0,1697665

[ p ;  tableau9 ; breaker: 0,5 ] --> 0,2808107 0,6389261 1,035483 1,385526 2,391268 2,750395 2,994196 3,34523 3,636765 
[ b ;  tableau9 ; breaker: 0,5 ] --> 0,2808107 0,6364345 0,9281932 1,216466 2,016024 2,378128 2,605931 2,789713 3,198165 3,687325 
[ e ;  tableau9 ; breaker: 0,5 ] --> 0 0,002491593 0,10729 0,16906 0,3752441 0,3722665 0,3882658 0,5555174 0,4385993 
Absolute Error Mean: 0,2676372

[ p ;  tableau9 ; breaker: 0,5 ] --> 0,2808107 0,6389261 1,035483 1,385526 2,391268 2,750395 2,994196 3,34523 3,636765 
[ b ;  tableau9 ; breaker: 0,5 ] --> 0,2808107 0,6064963 0,9195449 1,425323 2,230323 2,49919 2,785454 2,958886 3,166687 3,749712 
[ e ;  tableau9 ; breaker: 0,5 ] --> 0 0,03242981 0,1159382 0,03979671 0,1609449 0,2512047 0,2087429 0,3863447 0,4700782 
Absolute Error Mean: 0,1850533

[ p ;  tableau9 ; breaker: 0,5 ] --> 0,2808107 0,6389261 1,035483 1,385526 2,391268 2,750395 2,994196 3,34523 3,636765 
[ b ;  tableau9 ; breaker: 0,5 ] --> 0,2808107 0,6820742 1,005591 1,418455 2,157268 2,50445 2,727153 2,931729 3,321704 3,837703 
[ e ;  tableau9 ; breaker: 0,5 ] --> 0 0,04314816 0,02989185 0,03292918 0,2340002 0,245945 0,2670438 0,4135013 0,3150604 
Absolute Error Mean: 0,1757244

[ p ;  tableau9 ; breaker: 0,5 ] --> 0,2808107 0,6389261 1,035483 1,385526 2,391268 2,750395 2,994196 3,34523 3,636765 
[ b ;  tableau9 ; breaker: 0,5 ] --> 0,2808107 0,682707 0,9480388 1,352666 2,181618 2,462525 2,717694 2,898699 3,082665 3,661252 
[ e ;  tableau9 ; breaker: 0,5 ] --> 0 0,04378086 0,08744431 0,03286028 0,2096498 0,2878697 0,2765026 0,4465318 0,5540996 
Absolute Error Mean: 0,2154154

[ p ;  tableau9 ; breaker: 0,5 ] --> 0,2808107 0,6389261 1,035483 1,385526 2,391268 2,750395 2,994196 3,34523 3,636765 
[ b ;  tableau9 ; breaker: 0,5 ] --> 0,2808107 0,7086455 1,044485 1,496046 2,380954 2,698586 2,966934 3,153394 3,336602 3,765868 
[ e ;  tableau9 ; breaker: 0,5 ] --> 0 0,06971943 0,00900209 0,11052 0,01031423 0,05180836 0,02726197 0,1918366 0,3001623 
Absolute Error Mean: 0,085625

[ p ;  tableau9 ; breaker: 0,5 ] --> 0,2808107 0,6389261 1,035483 1,385526 2,391268 2,750395 2,994196 3,34523 3,636765 
[ b ;  tableau9 ; breaker: 0,5 ] --> 0,2808107 0,6086535 0,9133419 1,229613 2,049728 2,365916 2,6026 2,807355 3,235265 3,646743 
[ e ;  tableau9 ; breaker: 0,5 ] --> 0 0,0302726 0,1221412 0,155913 0,3415399 0,3844788 0,3915968 0,5378752 0,4015 
Absolute Error Mean: 0,262813

[ p ;  tableau9 ; breaker: 0,5 ] --> 0,2808107 0,6389261 1,035483 1,385526 2,391268 2,750395 2,994196 3,34523 3,636765 
[ b ;  tableau9 ; breaker: 0,5 ] --> 0,2808107 0,6582073 0,9685282 1,384397 2,196122 2,498487 2,758354 2,950702 3,358799 3,819449 
[ e ;  tableau9 ; breaker: 0,5 ] --> 0 0,01928121 0,06695491 0,001128674 0,1951454 0,2519081 0,2358422 0,3945284 0,2779653 
Absolute Error Mean: 0,160306

[ p ;  tableau9 ; breaker: 0,5 ] --> 0,2808107 0,6389261 1,035483 1,385526 2,391268 2,750395 2,994196 3,34523 3,636765 
[ b ;  tableau9 ; breaker: 0,5 ] --> 0,2808107 0,6088812 0,9087089 1,27216 1,981578 2,362241 2,567069 2,793496 3,228249 3,750788 
[ e ;  tableau9 ; breaker: 0,5 ] --> 0 0,03004485 0,1267743 0,1133657 0,4096897 0,3881536 0,4271276 0,5517347 0,4085159 
Absolute Error Mean: 0,2728229

[ p ;  tableau9 ; breaker: 0,5 ] --> 0,2808107 0,6389261 1,035483 1,385526 2,391268 2,750395 2,994196 3,34523 3,636765 
[ s ;  tableau9 ; breaker: 0,5 ] --> 0,2808107 1,086035 1,634984 2,040548 3,611427 4,057331 4,822613 5,175143 5,437468 23,10624 23,47068 23,812 24,02939 24,33881 24,52028 24,69958 24,99985 25,3119 25,80638 26,0123 
[ e ;  tableau9 ; breaker: 0,5 ] --> 0 0,4471088 0,599501 0,6550225 1,220159 1,306936 1,828417 1,829913 1,800703 
Absolute Error Mean: 1,076418

[ p ;  tableau9 ; breaker: 0,5 ] --> 0,2808107 0,6389261 1,035483 1,385526 2,391268 2,750395 2,994196 3,34523 3,636765 
[ s ;  tableau9 ; breaker: 0,5 ] --> 0,2808107 0,8926014 1,334396 1,662949 2,057066 2,640504 2,924579 3,248867 3,652339 
[ e ;  tableau9 ; breaker: 0,5 ] --> 0 0,2536753 0,2989128 0,277423 0,3342018 0,1098907 0,06961775 0,09636354 0,01557398 
Absolute Error Mean: 0,1617399

[ p ;  tableau9 ; breaker: 0,5 ] --> 0,2808107 0,6389261 1,035483 1,385526 2,391268 2,750395 2,994196 3,34523 3,636765 
[ s ;  tableau9 ; breaker: 0,5 ] --> 0,2808107 0,9189659 1,374336 1,757659 2,092513 2,615033 2,903623 3,428504 3,807514 
[ e ;  tableau9 ; breaker: 0,5 ] --> 0 0,2800398 0,3388528 0,372133 0,2987545 0,1353619 0,09057355 0,08327341 0,1707492 
Absolute Error Mean: 0,1966376

[ p ;  tableau9 ; breaker: 0,5 ] --> 0,2808107 0,6389261 1,035483 1,385526 2,391268 2,750395 2,994196 3,34523 3,636765 
[ s ;  tableau9 ; breaker: 0,5 ] --> 0,2808107 0,8859248 1,356426 1,759884 2,093572 2,734293 2,988697 3,316907 3,791201 
[ e ;  tableau9 ; breaker: 0,5 ] --> 0 0,2469987 0,3209434 0,3743581 0,2976959 0,0161016 0,005499363 0,02832365 0,1544366 
Absolute Error Mean: 0,1604841

[ p ;  tableau9 ; breaker: 0,5 ] --> 0,2808107 0,6389261 1,035483 1,385526 2,391268 2,750395 2,994196 3,34523 3,636765 
[ s ;  tableau9 ; breaker: 0,5 ] --> 0,2808107 0,8043736 1,273933 1,678468 2,307814 2,696456 3,121943 3,495258 3,889829 
[ e ;  tableau9 ; breaker: 0,5 ] --> 0 0,1654475 0,2384499 0,2929422 0,08345342 0,05393815 0,1277466 0,150028 0,2530646 
Absolute Error Mean: 0,1516745

[ p ;  tableau9 ; breaker: 0,5 ] --> 0,2808107 0,6389261 1,035483 1,385526 2,391268 2,750395 2,994196 3,34523 3,636765 
[ s ;  tableau9 ; breaker: 0,5 ] --> 0,2808107 0,8265659 1,306644 1,794688 2,494752 2,841747 3,33349 3,730182 4,148464 
[ e ;  tableau9 ; breaker: 0,5 ] --> 0 0,1876398 0,2711606 0,4091619 0,1034842 0,0913527 0,339294 0,3849516 0,511699 
Absolute Error Mean: 0,255416

[ p ;  tableau9 ; breaker: 0,5 ] --> 0,2808107 0,6389261 1,035483 1,385526 2,391268 2,750395 2,994196 3,34523 3,636765 
[ s ;  tableau9 ; breaker: 0,5 ] --> 0,2808107 0,7934352 1,248005 1,63888 2,301415 2,700079 3,103116 3,544536 4,530748 
[ e ;  tableau9 ; breaker: 0,5 ] --> 0 0,1545091 0,2125214 0,2533537 0,08985233 0,05031514 0,1089196 0,1993055 0,8939831 
Absolute Error Mean: 0,2180844

[ p ;  tableau9 ; breaker: 0,5 ] --> 0,2808107 0,6389261 1,035483 1,385526 2,391268 2,750395 2,994196 3,34523 3,636765 
[ s ;  tableau9 ; breaker: 0,5 ] --> 0,2808107 0,9126545 1,375678 1,793557 2,572855 2,933008 3,390964 3,86938 4,248441 
[ e ;  tableau9 ; breaker: 0,5 ] --> 0 0,2737284 0,3401952 0,4080312 0,181587 0,1826134 0,3967679 0,5241494 0,6116765 
Absolute Error Mean: 0,3243054

[ p ;  tableau9 ; breaker: 0,5 ] --> 0,2808107 0,6389261 1,035483 1,385526 2,391268 2,750395 2,994196 3,34523 3,636765 
[ s ;  tableau9 ; breaker: 0,5 ] --> 0,2808107 0,7899185 1,195601 1,541011 2,049092 2,56334 2,970272 3,3257 3,721032 
[ e ;  tableau9 ; breaker: 0,5 ] --> 0 0,1509924 0,1601179 0,1554849 0,3421762 0,1870546 0,02392411 0,0195303 0,0842669 
Absolute Error Mean: 0,1248386

[ p ;  tableau9 ; breaker: 0,5 ] --> 0,2808107 0,6389261 1,035483 1,385526 2,391268 2,750395 2,994196 3,34523 3,636765 
[ s ;  tableau9 ; breaker: 0,5 ] --> 0,2808107 0,8149306 1,240409 1,624392 2,285423 2,72433 3,127909 3,514031 3,912098 
[ e ;  tableau9 ; breaker: 0,5 ] --> 0 0,1760045 0,2049254 0,238866 0,1058452 0,0260644 0,1337123 0,1688008 0,2753334 
Absolute Error Mean: 0,147728

[ p ;  tableau9 ; breaker: 0,5 ] --> 0,2808107 0,6389261 1,035483 1,385526 2,391268 2,750395 2,994196 3,34523 3,636765 
[ s ;  tableau9 ; breaker: 0,5 ] --> 0,2808107 0,7881894 1,187833 1,658637 2,434464 2,886541 3,249824 3,664383 4,043758 
[ e ;  tableau9 ; breaker: 0,5 ] --> 0 0,1492633 0,1523495 0,2731111 0,04319644 0,1361463 0,2556272 0,3191528 0,4069936 
Absolute Error Mean: 0,1928712

[ p ;  tableau9 ; breaker: 0,5 ] --> 0,2808107 0,6389261 1,035483 1,385526 2,391268 2,750395 2,994196 3,34523 3,636765 
[ s ;  tableau9 ; breaker: 0,5 ] --> 0,2808107 0,7582372 1,15815 1,523412 1,978024 2,511122 2,777166 3,280938 3,601981 
[ e ;  tableau9 ; breaker: 0,5 ] --> 0 0,1193112 0,1226666 0,1378866 0,4132438 0,2392731 0,2170303 0,06429195 0,0347836 
Absolute Error Mean: 0,1498319

[ p ;  tableau9 ; breaker: 0,5 ] --> 0,2808107 0,6389261 1,035483 1,385526 2,391268 2,750395 2,994196 3,34523 3,636765 
[ s ;  tableau9 ; breaker: 0,5 ] --> 0,2808107 0,7936408 1,345295 1,718049 2,118827 2,615731 2,917145 3,378385 3,731004 
[ e ;  tableau9 ; breaker: 0,5 ] --> 0 0,1547147 0,3098117 0,3325236 0,2724404 0,1346633 0,07705188 0,03315449 0,09423876 
Absolute Error Mean: 0,156511

[ p ;  tableau9 ; breaker: 0,5 ] --> 0,2808107 0,6389261 1,035483 1,385526 2,391268 2,750395 2,994196 3,34523 3,636765 
[ s ;  tableau9 ; breaker: 0,5 ] --> 0,2808107 0,7798535 1,242628 1,661762 2,29445 2,73204 3,118549 3,579291 3,91269 
[ e ;  tableau9 ; breaker: 0,5 ] --> 0 0,1409274 0,207145 0,2762367 0,09681821 0,01835442 0,1243522 0,234061 0,2759252 
Absolute Error Mean: 0,1526467

[ p ;  tableau9 ; breaker: 0,5 ] --> 0,2808107 0,6389261 1,035483 1,385526 2,391268 2,750395 2,994196 3,34523 3,636765 
[ s ;  tableau9 ; breaker: 0,5 ] --> 0,2808107 0,7216335 1,31206 1,719006 2,489877 2,792713 3,064056 3,538434 3,864566 
[ e ;  tableau9 ; breaker: 0,5 ] --> 0 0,08270741 0,2765765 0,3334805 0,09860969 0,04231834 0,06985998 0,1932032 0,2278013 
Absolute Error Mean: 0,147173

[ p ;  tableau9 ; breaker: 0,5 ] --> 0,2808107 0,6389261 1,035483 1,385526 2,391268 2,750395 2,994196 3,34523 3,636765 
[ s ;  tableau9 ; breaker: 0,5 ] --> 0,2808107 0,7963071 1,0572 1,419092 1,76297 2,33308 2,545644 3,052181 3,369577 
[ e ;  tableau9 ; breaker: 0,5 ] --> 0 0,157381 0,02171731 0,03356576 0,6282979 0,4173143 0,4485528 0,2930489 0,2671876 
Absolute Error Mean: 0,2518962

[ p ;  tableau9 ; breaker: 0,5 ] --> 0,2808107 0,6389261 1,035483 1,385526 2,391268 2,750395 2,994196 3,34523 3,636765 
[ s ;  tableau9 ; breaker: 0,5 ] --> 0,2808107 0,7686249 1,260167 1,780394 2,407028 2,802167 3,103386 3,605261 3,939885 
[ e ;  tableau9 ; breaker: 0,5 ] --> 0 0,1296988 0,2246844 0,3948681 0,01575994 0,05177236 0,1091897 0,2600307 0,3031201 
Absolute Error Mean: 0,1654583

[ p ;  tableau9 ; breaker: 0,5 ] --> 0,2808107 0,6389261 1,035483 1,385526 2,391268 2,750395 2,994196 3,34523 3,636765 
[ s ;  tableau9 ; breaker: 0,5 ] --> 0,2808107 0,6600883 0,9086245 1,297237 1,663548 2,169142 2,411055 2,850823 3,202194 
[ e ;  tableau9 ; breaker: 0,5 ] --> 0 0,02116221 0,1268586 0,08828855 0,7277194 0,5812526 0,5831413 0,4944074 0,4345703 
Absolute Error Mean: 0,3397112

[ p ;  tableau9 ; breaker: 0,5 ] --> 0,2808107 0,6389261 1,035483 1,385526 2,391268 2,750395 2,994196 3,34523 3,636765 
[ s ;  tableau9 ; breaker: 0,5 ] --> 0,2808107 0,7096519 1,134551 1,43487 1,789575 2,315534 2,57567 3,070263 3,398552 
[ e ;  tableau9 ; breaker: 0,5 ] --> 0 0,07072586 0,09906745 0,04934394 0,6016926 0,4348609 0,4185266 0,2749672 0,2382128 
Absolute Error Mean: 0,2430442

[ p ;  tableau9 ; breaker: 0,5 ] --> 0,2808107 0,6389261 1,035483 1,385526 2,391268 2,750395 2,994196 3,34523 3,636765 
[ s ;  tableau9 ; breaker: 0,5 ] --> 0,2808107 0,6546971 1,05661 1,331093 1,682062 2,204816 2,472192 2,966226 3,303461 
[ e ;  tableau9 ; breaker: 0,5 ] --> 0 0,01577103 0,02112699 0,05443251 0,7092056 0,5455785 0,5220048 0,3790045 0,3333035 
Absolute Error Mean: 0,2867142


