
NEW RESULT

[ p ;  jungle26 ; breaker: 1,0 ] --> 0,2 0,5 0,76 1,37 1,93 2,24 2,72 2,93 3,2 3,51 3,78 4,08 4,57 4,9 5,19 5,3 5,92 6,1 6,37 6,76 7,09 7,24 7,7 7,8 8,24 8,5 
[ b ;  jungle26 ; breaker: 1,0 ] --> 0,2 0,4560603 0,7199724 1,257761 1,779651 2,155141 2,426247 2,683851 3,182005 3,403424 3,707836 3,957375 4,233681 4,506327 4,762369 4,962741 5,129611 5,600791 5,895517 6,189299 6,499588 6,816484 7,138258 7,509178 7,770288 8,106307 8,501653 
[ e ;  jungle26 ; breaker: 1,0 ] --> 0 0,04393971 0,04002762 0,1122389 0,1503491 0,08485937 0,2937531 0,2461495 0,01799488 0,1065762 0,07216382 0,1226249 0,3363194 0,3936734 0,4276314 0,3372588 0,7903891 0,4992089 0,474483 0,5707011 0,5904117 0,4235158 0,5617414 0,2908225 0,4697123 0,393693 
Absolute Error Mean: 0,3019323

[ p ;  jungle26 ; breaker: 1,0 ] --> 0,2 0,5 0,76 1,37 1,93 2,24 2,72 2,93 3,2 3,51 3,78 4,08 4,57 4,9 5,19 5,3 5,92 6,1 6,37 6,76 7,09 7,24 7,7 7,8 8,24 8,5 
[ s ;  jungle26 ; breaker: 1,0 ] --> 0,2 0,4631701 0,7830544 1,344889 1,918187 2,217947 2,476857 2,734952 3,131941 3,3272 3,643734 3,91573 4,229718 4,45605 4,680017 4,845473 5,250124 5,504644 5,822455 6,088388 6,334101 6,611469 6,863163 7,103015 7,380807 
[ e ;  jungle26 ; breaker: 1,0 ] --> 0 0,03682986 0,02305442 0,02511072 0,01181281 0,02205348 0,2431426 0,1950483 0,06805921 0,1828001 0,1362665 0,1642704 0,340282 0,4439502 0,5099826 0,4545269 0,6698761 0,595356 0,5475445 0,6716118 0,7558994 0,6285305 0,8368368 0,6969852 0,8591928 
Absolute Error Mean: 0,6776547

[ p ;  jungle26 ; breaker: 1,0 ] --> 0,2 0,5 0,76 1,37 1,93 2,24 2,72 2,93 3,2 3,51 3,78 4,08 4,57 4,9 5,19 5,3 5,92 6,1 6,37 6,76 7,09 7,24 7,7 7,8 8,24 8,5 
[ b ;  jungle26 ; breaker: 1,0 ] --> 0,2 0,4624597 0,7425439 1,282876 1,842733 2,179139 2,451714 2,712141 3,071839 3,378045 3,678661 3,937248 4,191005 4,445396 4,680601 4,9028 5,027465 5,49552 5,826154 6,10681 6,39578 6,66975 6,944113 7,267261 7,548064 7,775605 8,13724 8,220676 
[ e ;  jungle26 ; breaker: 1,0 ] --> 0 0,03754026 0,01745611 0,08712423 0,0872674 0,06086063 0,2682858 0,217859 0,128161 0,1319551 0,1013386 0,1427517 0,3789949 0,4546037 0,5093994 0,3972001 0,8925352 0,6044798 0,5438457 0,6531901 0,6942205 0,57025 0,7558866 0,5327392 0,6919355 0,7243948 
Absolute Error Mean: 0,3724721

[ p ;  jungle26 ; breaker: 1,0 ] --> 0,2 0,5 0,76 1,37 1,93 2,24 2,72 2,93 3,2 3,51 3,78 4,08 4,57 4,9 5,19 5,3 5,92 6,1 6,37 6,76 7,09 7,24 7,7 7,8 8,24 8,5 
[ s ;  jungle26 ; breaker: 1,0 ] --> 0,2 0,5058084 0,8803865 1,46198 2,026167 2,362041 2,663409 2,861253 3,254828 3,490108 3,806149 4,098486 4,395503 4,664594 4,863618 5,008942 5,397514 5,647025 5,93646 6,205207 6,453811 6,742298 7,010792 7,262702 7,516808 
[ e ;  jungle26 ; breaker: 1,0 ] --> 0 0,005808413 0,1203865 0,09198046 0,09616673 0,1220405 0,05659056 0,06874657 0,05482817 0,01989222 0,02614903 0,0184865 0,1744971 0,2354064 0,3263817 0,2910585 0,5224857 0,4529748 0,4335399 0,5547929 0,6361895 0,4977016 0,6892076 0,5372977 0,7231917 
Absolute Error Mean: 0,5867615

[ p ;  jungle26 ; breaker: 1,0 ] --> 0,2 0,5 0,76 1,37 1,93 2,24 2,72 2,93 3,2 3,51 3,78 4,08 4,57 4,9 5,19 5,3 5,92 6,1 6,37 6,76 7,09 7,24 7,7 7,8 8,24 8,5 
[ b ;  jungle26 ; breaker: 1,0 ] --> 0,2 0,4860651 0,7831801 1,340411 2,022383 2,363499 2,604586 2,854411 2,992353 3,443305 3,695724 3,973981 4,28546 4,572196 4,883729 5,170069 5,415426 5,75979 6,191123 6,534792 6,834795 7,115231 7,397894 7,673228 8,073999 8,35298 8,731951 
[ e ;  jungle26 ; breaker: 1,0 ] --> 0 0,01393494 0,02318013 0,02958858 0,09238279 0,1234989 0,1154139 0,07558942 0,2076471 0,06669521 0,08427548 0,1060185 0,2845397 0,3278041 0,3062706 0,1299314 0,5045743 0,3402095 0,1788764 0,2252078 0,2552056 0,1247687 0,3021059 0,1267719 0,1660004 0,1470203 
Absolute Error Mean: 0,1675966

[ p ;  jungle26 ; breaker: 1,0 ] --> 0,2 0,5 0,76 1,37 1,93 2,24 2,72 2,93 3,2 3,51 3,78 4,08 4,57 4,9 5,19 5,3 5,92 6,1 6,37 6,76 7,09 7,24 7,7 7,8 8,24 8,5 
[ s ;  jungle26 ; breaker: 1,0 ] --> 0,2 0,5402192 0,9519026 1,606643 2,200994 2,575595 2,898706 3,083018 3,459493 3,735653 4,047618 4,352787 4,663274 4,921346 5,107723 5,234554 5,683914 5,950036 6,211697 6,517526 6,765483 7,072842 7,349461 7,591234 7,856459 
[ e ;  jungle26 ; breaker: 1,0 ] --> 0 0,04021925 0,1919026 0,2366431 0,2709941 0,3355947 0,1787059 0,1530175 0,2594926 0,2256532 0,2676179 0,2727871 0,09327412 0,02134609 0,08227682 0,0654459 0,2360864 0,1499639 0,1583028 0,2424746 0,3245173 0,1671576 0,3505387 0,208766 0,3835406 
Absolute Error Mean: 0,5160123

[ p ;  jungle26 ; breaker: 1,0 ] --> 0,2 0,5 0,76 1,37 1,93 2,24 2,72 2,93 3,2 3,51 3,78 4,08 4,57 4,9 5,19 5,3 5,92 6,1 6,37 6,76 7,09 7,24 7,7 7,8 8,24 8,5 
[ b ;  jungle26 ; breaker: 1,0 ] --> 0,2 0,5224758 0,8479358 1,478039 2,159051 2,501462 2,816768 3,028442 3,165989 3,621293 3,902057 4,233898 4,53196 5,307777 5,627864 5,842243 6,369193 6,552817 6,796162 7,111957 7,409748 7,741519 8,127812 8,465576 8,830389 9,214306 
[ e ;  jungle26 ; breaker: 1,0 ] --> 0 0,02247578 0,08793581 0,1080389 0,2290508 0,2614617 0,09676814 0,09844184 0,03401089 0,1112928 0,122057 0,1538982 0,03804064 0,4077773 0,4378638 0,542243 0,449193 0,452817 0,4261618 0,3519568 0,3197479 0,5015192 0,4278126 0,665576 0,5903893 0,7143059 
Absolute Error Mean: 0,2942629

[ p ;  jungle26 ; breaker: 1,0 ] --> 0,2 0,5 0,76 1,37 1,93 2,24 2,72 2,93 3,2 3,51 3,78 4,08 4,57 4,9 5,19 5,3 5,92 6,1 6,37 6,76 7,09 7,24 7,7 7,8 8,24 8,5 
[ s ;  jungle26 ; breaker: 1,0 ] --> 0,2 0,486807 0,8362122 1,384466 1,889588 2,160712 2,445514 2,621153 2,766616 3,08767 3,383404 3,678671 4,006943 4,270611 4,44228 4,581736 4,985241 5,252541 5,511087 5,811144 6,041844 6,349476 6,599836 6,868567 7,101968 
[ e ;  jungle26 ; breaker: 1,0 ] --> 0 0,01319304 0,07621217 0,0144664 0,04041219 0,07928777 0,2744858 0,308847 0,4333842 0,4223297 0,3965964 0,401329 0,5630569 0,6293893 0,7477198 0,7182641 0,9347587 0,8474588 0,8589125 0,9488564 1,048156 0,8905239 1,100163 0,9314332 1,138032 
Absolute Error Mean: 0,8583565

[ p ;  jungle26 ; breaker: 1,0 ] --> 0,2 0,5 0,76 1,37 1,93 2,24 2,72 2,93 3,2 3,51 3,78 4,08 4,57 4,9 5,19 5,3 5,92 6,1 6,37 6,76 7,09 7,24 7,7 7,8 8,24 8,5 
[ b ;  jungle26 ; breaker: 1,0 ] --> 0,2 0,4780211 0,7671998 1,371026 1,926737 2,208553 2,472067 2,701127 2,83517 3,225073 3,542501 3,830477 4,111552 4,373095 4,638601 4,888558 5,101696 5,252305 5,740598 6,042652 6,375526 6,662401 6,900698 7,192779 7,604407 7,900497 8,244412 8,60389 
[ e ;  jungle26 ; breaker: 1,0 ] --> 0 0,02197888 0,007199764 0,001025915 0,003263116 0,0314467 0,2479327 0,2288728 0,3648305 0,2849271 0,2374988 0,2495232 0,4584479 0,5269055 0,5513988 0,4114418 0,8183036 0,8476949 0,6294017 0,7173481 0,7144737 0,5775986 0,7993021 0,6072211 0,6355925 0,599503 
Absolute Error Mean: 0,406659

[ p ;  jungle26 ; breaker: 1,0 ] --> 0,2 0,5 0,76 1,37 1,93 2,24 2,72 2,93 3,2 3,51 3,78 4,08 4,57 4,9 5,19 5,3 5,92 6,1 6,37 6,76 7,09 7,24 7,7 7,8 8,24 8,5 
[ s ;  jungle26 ; breaker: 1,0 ] --> 0,2 0,4785096 0,8220767 1,336034 1,867981 2,203471 2,476422 2,666805 3,030722 3,271983 3,569454 3,843631 4,129375 4,437233 4,576848 4,698722 5,080945 5,324587 5,596581 5,868587 6,118464 6,4183 6,686341 6,937379 7,18464 
[ e ;  jungle26 ; breaker: 1,0 ] --> 0 0,02149037 0,06207669 0,03396571 0,06201923 0,03652906 0,2435777 0,2631953 0,1692779 0,2380168 0,2105463 0,2363694 0,4406247 0,4627671 0,613152 0,6012778 0,8390546 0,775413 0,7734194 0,8914127 0,9715357 0,8216996 1,013659 0,8626213 1,055359 
Absolute Error Mean: 0,7768869

[ p ;  jungle26 ; breaker: 1,0 ] --> 0,2 0,5 0,76 1,37 1,93 2,24 2,72 2,93 3,2 3,51 3,78 4,08 4,57 4,9 5,19 5,3 5,92 6,1 6,37 6,76 7,09 7,24 7,7 7,8 8,24 8,5 
[ b ;  jungle26 ; breaker: 1,0 ] --> 0,2 0,4535404 0,720914 1,191226 1,716732 2,052224 2,333197 2,535865 2,711753 3,129411 3,450697 3,743387 4,002799 4,245553 4,493566 4,716858 4,958252 5,073629 5,561645 5,866938 6,162199 6,495282 6,756524 7,093564 7,435553 7,725254 8,184878 9,32015 
[ e ;  jungle26 ; breaker: 1,0 ] --> 0 0,04645956 0,03908598 0,1787741 0,2132678 0,1877756 0,3868029 0,394135 0,4882469 0,3805892 0,329303 0,3366134 0,5672011 0,6544471 0,696434 0,5831423 0,9617476 1,026371 0,8083553 0,8930626 0,9278011 0,7447176 0,9434757 0,7064366 0,8044472 0,7747464 
Absolute Error Mean: 0,5412861

[ p ;  jungle26 ; breaker: 1,0 ] --> 0,2 0,5 0,76 1,37 1,93 2,24 2,72 2,93 3,2 3,51 3,78 4,08 4,57 4,9 5,19 5,3 5,92 6,1 6,37 6,76 7,09 7,24 7,7 7,8 8,24 8,5 
[ s ;  jungle26 ; breaker: 1,0 ] --> 0,2 0,5272677 0,8791592 1,457855 2,004111 2,299427 2,592566 2,776564 3,125873 3,403365 3,676996 3,946457 4,238698 4,479468 4,662062 4,796645 5,183969 5,417992 5,68589 5,934273 6,184001 6,534261 6,761002 7,034098 7,290804 
[ e ;  jungle26 ; breaker: 1,0 ] --> 0 0,02726769 0,1191592 0,08785498 0,07411134 0,05942655 0,127434 0,1534364 0,07412672 0,1066353 0,1030035 0,1335428 0,3313022 0,4205317 0,5279384 0,5033555 0,7360306 0,6820083 0,6841097 0,825727 0,9059987 0,705739 0,9389982 0,7659025 0,9491954 
Absolute Error Mean: 0,713186

[ p ;  jungle26 ; breaker: 1,0 ] --> 0,2 0,5 0,76 1,37 1,93 2,24 2,72 2,93 3,2 3,51 3,78 4,08 4,57 4,9 5,19 5,3 5,92 6,1 6,37 6,76 7,09 7,24 7,7 7,8 8,24 8,5 
[ b ;  jungle26 ; breaker: 1,0 ] --> 0,2 0,4474784 0,717669 1,109798 1,660421 2,003103 2,262648 2,472985 2,587154 3,036221 3,331368 3,644444 3,911462 4,18601 4,46406 4,764348 4,941038 5,041265 5,48985 5,734579 5,997345 6,242449 6,500362 6,744293 6,979627 7,309328 7,562187 8,020939 
[ e ;  jungle26 ; breaker: 1,0 ] --> 0 0,05252165 0,04233104 0,2602019 0,2695786 0,2368968 0,4573524 0,4570148 0,6128464 0,4737787 0,448632 0,4355555 0,6585379 0,7139902 0,7259402 0,5356522 0,9789624 1,058735 0,8801498 1,025422 1,092655 0,9975505 1,199638 1,055707 1,260373 1,190672 
Absolute Error Mean: 0,6584883

[ p ;  jungle26 ; breaker: 1,0 ] --> 0,2 0,5 0,76 1,37 1,93 2,24 2,72 2,93 3,2 3,51 3,78 4,08 4,57 4,9 5,19 5,3 5,92 6,1 6,37 6,76 7,09 7,24 7,7 7,8 8,24 8,5 
[ s ;  jungle26 ; breaker: 1,0 ] --> 0,2 0,5234576 0,8832393 1,412719 1,959932 2,266673 2,532567 2,761599 3,141312 3,366082 3,698525 3,989887 4,331046 4,56913 4,739072 4,877453 5,290275 5,491895 5,812059 6,082169 6,347984 6,634744 6,928305 7,14955 7,423061 
[ e ;  jungle26 ; breaker: 1,0 ] --> 0 0,02345765 0,1232393 0,04271853 0,0299319 0,02667308 0,1874332 0,1684008 0,0586884 0,1439183 0,08147478 0,09011245 0,2389545 0,3308702 0,4509282 0,4225469 0,629725 0,6081052 0,557941 0,6778312 0,7420163 0,6052556 0,7716951 0,6504502 0,8169389 
Absolute Error Mean: 0,6530503

[ p ;  jungle26 ; breaker: 1,0 ] --> 0,2 0,5 0,76 1,37 1,93 2,24 2,72 2,93 3,2 3,51 3,78 4,08 4,57 4,9 5,19 5,3 5,92 6,1 6,37 6,76 7,09 7,24 7,7 7,8 8,24 8,5 
[ b ;  jungle26 ; breaker: 1,0 ] --> 0,2 0,4776998 0,7504645 1,217192 1,758507 2,138711 2,388706 2,605614 2,745367 3,193091 3,467358 3,757657 4,035937 4,300101 4,568449 4,80596 5,036175 5,136391 5,683291 5,81621 5,974788 6,354202 6,680538 6,960752 7,398955 7,683697 8,02048 8,342505 
[ e ;  jungle26 ; breaker: 1,0 ] --> 0 0,02230015 0,009535491 0,1528076 0,1714926 0,101289 0,3312938 0,3243864 0,454633 0,3169091 0,3126416 0,3223426 0,5340633 0,5998993 0,6215506 0,49404 0,8838253 0,9636087 0,6867089 0,94379 1,115212 0,8857975 1,019462 0,8392477 0,8410449 0,8163033 
Absolute Error Mean: 0,5293917

[ p ;  jungle26 ; breaker: 1,0 ] --> 0,2 0,5 0,76 1,37 1,93 2,24 2,72 2,93 3,2 3,51 3,78 4,08 4,57 4,9 5,19 5,3 5,92 6,1 6,37 6,76 7,09 7,24 7,7 7,8 8,24 8,5 
[ s ;  jungle26 ; breaker: 1,0 ] --> 0,2 0,4363464 0,7777326 1,303791 1,82133 2,163324 2,40331 2,590553 2,964621 3,212374 3,496518 3,770565 4,061514 4,323032 4,470003 4,595964 4,975829 5,26808 5,510666 5,753555 5,998306 6,326411 6,555209 6,846611 7,070436 
[ e ;  jungle26 ; breaker: 1,0 ] --> 0 0,06365359 0,01773262 0,0662092 0,1086704 0,07667565 0,3166897 0,3394475 0,2353787 0,2976255 0,2834818 0,3094349 0,5084858 0,5769677 0,7199974 0,7040362 0,944171 0,8319201 0,859334 1,006445 1,091694 0,913589 1,144791 0,9533892 1,169564 
Absolute Error Mean: 0,8476686

[ p ;  jungle26 ; breaker: 1,0 ] --> 0,2 0,5 0,76 1,37 1,93 2,24 2,72 2,93 3,2 3,51 3,78 4,08 4,57 4,9 5,19 5,3 5,92 6,1 6,37 6,76 7,09 7,24 7,7 7,8 8,24 8,5 
[ b ;  jungle26 ; breaker: 1,0 ] --> 0,2 0,4787566 0,7602428 1,289051 1,813728 2,116721 2,387811 2,584384 2,704837 3,127969 3,425876 3,73755 4,028615 4,28916 4,549248 4,76153 5,025166 5,139812 5,62247 5,891517 6,165345 6,462918 6,720446 7,169119 7,599576 7,981261 8,341866 8,662882 
[ e ;  jungle26 ; breaker: 1,0 ] --> 0 0,02124336 0,0002427697 0,08094883 0,1162719 0,1232793 0,3321888 0,3456161 0,495163 0,3820307 0,3541243 0,3424504 0,5413857 0,6108398 0,6407523 0,5384698 0,8948345 0,9601879 0,74753 0,8684835 0,9246554 0,7770815 0,9795542 0,6308813 0,6404238 0,5187392 
Absolute Error Mean: 0,4948992

[ p ;  jungle26 ; breaker: 1,0 ] --> 0,2 0,5 0,76 1,37 1,93 2,24 2,72 2,93 3,2 3,51 3,78 4,08 4,57 4,9 5,19 5,3 5,92 6,1 6,37 6,76 7,09 7,24 7,7 7,8 8,24 8,5 
[ s ;  jungle26 ; breaker: 1,0 ] --> 0,2 0,5200687 0,8384292 1,378712 1,905555 2,30619 2,559758 2,755044 2,888542 3,219225 3,514778 3,817632 4,118056 4,412594 4,555911 4,662512 5,050301 5,157207 5,517469 5,722491 6,000489 6,310403 6,585326 6,842747 7,097969 
[ e ;  jungle26 ; breaker: 1,0 ] --> 0 0,02006871 0,07842916 0,008712173 0,02444458 0,06619048 0,1602421 0,1749566 0,3114579 0,2907753 0,2652218 0,2623677 0,4519439 0,4874058 0,6340895 0,6374879 0,8696995 0,9427924 0,852531 1,037509 1,089511 0,9295964 1,114674 0,957253 1,142031 
Absolute Error Mean: 0,8195919

[ p ;  jungle26 ; breaker: 1,0 ] --> 0,2 0,5 0,76 1,37 1,93 2,24 2,72 2,93 3,2 3,51 3,78 4,08 4,57 4,9 5,19 5,3 5,92 6,1 6,37 6,76 7,09 7,24 7,7 7,8 8,24 8,5 
