b;0;0,2086924;0,153574;0,08066487;
b;0;0,02132457;0,002289534;0,0009515285;
s;0;0,0166643;0,1311893;0,1337361;
s;0;0,06567025;0,08579671;0,06517768;
b;0;0,0779168;0,1983626;0,1743568;
b;0;0,01772529;0,05783325;0,08955562;0,1646237;0,1354942;0,03640056;0,289789;
b;0;0,01802748;0,02252603;0,0489496;0,0454042;0,1242166;0,07064009;0,1019905;
b;0;0,02287823;0,02670169;0,1496854;0,1310983;0,2151828;0,1116455;0,617867;
b;0;0,09434348;0,07215577;0,07120574;0,006208181;0,07388735;0,09500003;0,3262482;
b;0;0,04346219;0,02230352;0,1210328;0,04007065;0,1213007;0,06161642;0,09203196;
b;0;0,04280776;0,04380453;0,09283292;0,1154355;0,1699648;0,009442568;0,0626049;
b;0;0,02364907;0,004318595;0,0284431;0,004334927;0,1120949;0,0261786;0,15079;
b;0;0,03873938;0,01383823;0,05741394;0,05380821;0,1321418;0,05585337;0,02990198;
b;0;0,07260993;0,02466261;0,1776378;0,1732129;0,2246301;0,06003737;0,01339602;
s;0;0,005248666;0,1500692;0,1695321;0,1654102;0,2375185;0,09215331;0,250587;
s;0;0,03301668;0,05158454;0,08389425;0,1371936;0,05771732;0,1661019;0,2679975;0,6124153;0,6605389;0,6716645;0,7272868;0,511375;0,4579725;0,4741488;0,6123476;
s;0;0,04668459;0,02596951;0,03078973;0,03011918;0,06050444;0,1299744;0,1386106;0,1236997;0,2203751;0,3341663;0,3665504;0,2314172;0,1822114;0,2762961;0,3676085;
s;0;0,1092765;0,1846741;0,0839076;0,08890188;0,1872444;0,1671908;0,4692073;0,837857;0,857929;0,9194734;0,8757019;0,6900167;0,7617631;0,9006362;0,943325;
s;0;0,02702814;0,07157028;0,02058446;0,04591167;0,04375052;0,1300168;0,014956;0,2459741;0,4221835;0,4355824;0,4421659;0,2609224;0,4096956;0,4518919;0,5713954;
s;0;0,03663313;0,08056295;0,07844877;0,07871592;0,02426815;0,1770101;0,1058569;0,1613879;0,2115629;0,2457168;0,3472323;0,187963;0,269011;0,4152589;0,484304;
s;0;0,04476246;0,02030379;0,02379179;0,03190923;0,02247834;0,06982899;0,07614899;0,1905963;0,1601508;0,1959033;0,127243;0,07545662;0,09958839;0,07985115;0,1436043;
s;0;0,08550835;0,1307437;0,05780554;0,1180965;0,06467581;0,1105816;0,06051731;0,1597769;0,2092233;0,247143;0,2799678;0,0703845;0,049016;0,1625128;0,2313728;
s;0;0,03125268;0,07705402;0,03759277;0,01187849;0,01720238;0,1913445;0,06686115;0,1552336;0,205627;0,2178547;0,1750498;0,02711344;0,0312953;0,1536469;0,2746854;
s;0;0,03224403;0,08030856;0,04386318;0,01511526;0,005439281;0,06446338;0,0414319;0,1729858;0,3741453;0,4580057;0,5155511;0,4359732;0,5406055;0,7336845;0,910284;
b;0;0,008300722;0,02731055;0,07356024;0,349728;0,1758392;0,09248781;0,02084613;0,03211808;0,1706073;0,2851303;0,4732513;0,1879635;0,1121578;0,234107;0,5322127;
b;0;0,005000174;0,2508894;0,1217433;0,1825917;0,1843457;0,3823302;0,157557;0,04757905;0,02581525;0,3326261;0,3390226;0,1589189;0,1865349;0,1791601;0,3783569;
b;0;0,00899899;0,05444068;0,09409952;0,1120619;0,1383374;0,3068345;0,1566317;0,01218152;0,2180164;0,2060301;0,1379919;0,1195884;0,1928377;0,03205729;0,3343182;
b;0;0,008349419;0,02812076;0,04166925;0,01378357;0,01034188;0,1573625;0,1674051;0,4873538;0,4345684;0,4238904;0,4062366;0,4507475;0,7864323;1,011513;1,337164;
b;0;0,04111201;0,02198422;0,2188693;0,08379388;0,086061;0,04160523;0,07162738;0,09577107;0,1236105;0,1102099;0,09225178;0,08594179;0,0463419;0,1175876;0,3172698;
b;0;0,04554674;0,02675658;0,2063582;0,2112894;0,2688757;0,5714288;0,2178528;0,2576613;0,3600609;0,1466029;0,190001;0,4243717;0,2658424;0,3023815;0,15522;
b;0;0,003223121;0,02378923;0,2802973;0,3255252;0,2442691;0,3796716;0,4302275;0,4164186;0,5902107;0,7820699;0,7383499;0,4034905;0,5341496;0,6754169;0,9470267;
b;0;0,1444213;0,1190749;0,221006;0,1251456;0,1531959;0,3038447;0,008607149;0,02471662;0,02889895;0,1816397;0,06088209;0,2786036;0,09819746;0,1355095;0,111939;
b;0;0,1209355;0,002387166;0,1434355;0,01389027;0,03854632;0,1589551;0,09195781;0,2393079;0,2062216;0,08679485;0,2989917;0,1914992;0,1962681;0,2401814;0,616519;
b;0;0,04986572;0,08125633;0,1528771;0,09618604;0,1730561;0,2183154;0,1952851;0,2370675;0,008189917;0,07961583;0,2145095;0,07227373;0,2493863;0,357861;0,03379774;
b;0;0,07475799;0,05253059;0,2090764;0,1302038;0,08122921;0,3810787;0,07979655;0,008309603;0,1554241;0,2675622;0,3269835;0,1955667;0,2988935;0,5899796;0,7074833;
b;0;0,0723722;0,1488551;0,2269007;0,1721313;0,2246158;0,4446468;0,09050226;0,02635741;0,3094447;0,2229645;0,3074322;0,2002597;0,3364964;0,2492051;0,2933702;0,1732917;0,1624346;0,6327887;0,8096991;0,990696;1,123973;1,022799;1,30435;1,428433;1,629801;
b;0;0,04393035;0,04881018;0,179383;0,05682182;0,01279616;0,08439565;0,1380742;0,1254144;0,1507525;0,3375719;0,2925334;0,238451;0,1132321;0,1308045;0,276885;0,2428098;0,1899228;0,2507706;0,1410999;0,0938139;0,2259684;0,05243444;0,2091923;0,02507782;0,1068068;
b;0;0,04498798;0,07943314;0,1380372;0,1664351;0,1611943;0,09095335;0,03393388;0,3245416;0,3947968;0,4831393;0,5944161;0,4627357;0,5403666;0,7137866;0,7342048;0,6297517;0,7578721;0,8176703;1,173139;1,225832;1,30621;1,381637;1,564113;1,509498;1,609033;
b;0;0,08701366;0,1621691;0,1122143;0,2389191;0,285522;0,1946137;0,1592853;0,01989317;0,3241544;0,4875453;0,5693054;0,4653206;0,5207152;0,5623479;0,9158196;0,4516439;0,7540193;0,8385816;0,7053771;0,6777687;0,8340788;0,6753159;0,9296799;0,7937174;0,9952259;
b;0;0,005693018;0,02822804;0,1212854;0,03954995;0,06518459;0,1579788;0,2113674;0,03602862;0,03464055;0,1727815;0,311182;0,1323056;0,1354985;0,05347013;0,3287883;0,1366773;0,249156;0,3437204;0,3684988;0,403163;0,6946974;0,6398888;0,9504538;0,8160381;0,9700737;
b;0;0,00734669;0,03326756;0,06641817;0,07248175;0,06888986;0,03164887;0,02354693;0,1716499;0,1669371;0,2077847;0,2114301;0,05366945;0,1087856;0,2779703;0,2964191;0,1876292;0,3979115;0,4907556;0,3845849;0,491704;0,6988921;0,5978146;0,6510315;0,5942755;0,7453585;
b;0;0,00723815;0,1072897;0,08652747;0,1175386;0,01355124;0,1603196;0,08954978;0,1552367;0,06912303;0,1848049;0,1678572;0,01603746;0,1665196;0,05653572;0,1251664;0,3362942;0,1559205;0,1932797;0,14398;0,06316471;0,1235857;0,1254621;0,2041845;0,05665016;0,008749008;
b;0;0,01027346;0,05727929;0,009603262;0,08039176;0,1041803;0,3258607;0,2822659;0,4257085;0,21995;0,1264248;0,03886843;0,219636;0,1634903;0,0920682;0,2345915;0,2095571;0,5217652;0,686451;0,6749883;0,7041259;0,9650888;0,8945093;1,126454;1,070496;1,168622;
b;0;0,004994214;0,02230811;0,108031;0,2586546;0,2935498;0,6198506;0,4523239;0,5199523;0,3710213;0,1849194;0,2591863;0,5734253;0,6494589;0,4817343;0,3378053;0,7025447;0,655201;0,6215205;0,7813573;0,885417;0,8063936;0,9111714;0,6800089;0,8656588;0,7726059;
s;0;0,005660117;0,002692521;0,03008425;0,03519964;0,01546216;0,03940892;0,07283425;
s;0;0,006394029;0,1015036;0,09968722;0,1209966;0,1398427;0,007014751;0,01289344;
s;0;0,006382704;0,1056711;0,03749895;0,01117647;0,01939273;0,245266;0,1526372;
s;0;0,03013581;0,001027644;0,0459882;0,01940584;0,0234704;0,2513819;0,1535764;
s;0;0,02815759;0,09574264;0,05034244;0,03080177;0,05397296;0,01986146;0,07542944;
s;0;0,005392134;0,05201918;0,03139091;0,005454183;0,0504961;0,1232917;0,153219;
s;0;0,04605687;0,02314949;0,2470398;0,1973059;0,1822939;0,2281132;0,2833371;
s;0;0,004428923;0,04893255;0,004078627;0,02182579;0,02776551;0,1809134;0,1874514;
s;0;0,04581702;0,05574006;0,1355914;0,1914521;0,2195795;0,3933029;0,1218433;
s;0;0,04646042;0,00378561;0,06968427;0,09499824;0,1248918;0,3236284;0,3273616;
s;0;0,005926907;0,02600074;0,04713655;0,09588516;0,07114244;0,0945282;0,1768732;
s;0;1,088208;6,285726;6,108889;5,931962;6,031333;6,060257;6,003508;6,214705;6,283674;6,292115;6,248;6,011128;6,010407;6,181628;6,250761;6,164931;6,442705;6,552792;6,463117;6,483961;6,692352;6,53726;6,76754;6,606946;6,60315;
s;0;0,006052911;0,003922939;0,06987202;0,1234002;0,07732654;0,07343507;0,1552925;0,08386111;0,1019242;0,112355;0,1218581;0,06589031;0,1428933;0,09968853;0,01883698;0,01366282;0,2371802;0,3559093;0,3217945;0,2977638;0,4291101;0,275104;0,428091;0,2973433;0,2912312;
s;0;0,004826546;0,001072943;0,09577656;0,1447462;0,1489887;0,09883428;0,1809435;0,03256989;0,1546867;0,189429;0,1699543;0,03888178;0,1134872;0,1216464;0,1009731;0,007015228;0,1715803;0,1821165;0,05009317;0,05275774;0,1801915;0,02544689;0,2338057;0,04738903;0,06727028;
s;0;0,01462427;0,1888794;0,03515995;0,2677876;0,2976012;0,4672334;0,4972115;0,3061934;0,3093188;0,3242528;0,3654087;0,5249605;0,5942707;0,5781579;0,434742;0,5152054;0,3913555;0,3298421;0,360538;0,3043652;0,2255621;0,3551831;0,1769223;0,3360968;0,3421535;
s;0;0,07524049;0,143259;0,159317;0,1778201;0,1928051;0,009367943;0,06296182;0,3047891;0,4262812;0,4094942;0,4168372;0,1838923;0,1336327;0,151289;0,3170252;0,1963181;0,4242392;0,4346828;0,3241067;0,2212243;0,3304448;0,1248183;0,2812595;0,09427929;0,06541252;
s;0;0,01869491;0,002636552;0,1476915;0,1957896;0,1715481;0,3993444;0,3572159;0,1692302;0,07251453;0,08970952;0,1061316;0,3417058;0,4123831;0,4200997;0,2494378;0,355732;0,1266031;0,08458757;0,1929874;0,2424002;0,1394582;0,3194079;0,1369553;0,2933588;0,2979317;
s;0;0,005606234;0,0005338192;0,3522657;0,2565415;0,2126839;0,2423668;0,3014836;0,1392453;0,04283953;0,02981448;0,04898214;0,2354555;0,2889347;0,2769513;0,05623722;0,1489248;0,04859352;0,1357055;0,08223677;0,03499317;0,164959;0,01361418;0,1672645;0,035285;0,02911377;
s;0;0,02621514;0,1217152;0,1241592;0,04549015;0,1494229;0,07730055;0,0202682;0,2355418;0,3033919;0,3133047;0,3201661;0,1129823;0,1120052;0,2307949;0,3034334;0,1959224;0,4457321;0,6098957;0,5788493;0,6077561;0,7114034;0,509161;0,7419643;0,556283;0,5747833;
s;0;0,0298593;0,05100542;0,03130937;0,009280086;0,02834511;0,02292466;0,07853198;0,1103737;0,1305678;0,1659803;0,1479278;0,06072235;0,08476686;0,01365566;0,1601634;0,1309729;0,2851348;0,3466787;0,2385664;0,2153773;0,3729219;0,2219214;0,4307718;0,2467022;0,2667284;
b;
b;
s;
s;
b;
b;
b;
b;
b;
b;
b;
b;
b;
b;
s;
s;
s;
s;
s;
s;
s;
s;
s;
s;
b;0;0,08005884;0,193752;0,6558057;1,026451;1,129078;
b;
b;
b;
b;
b;
b;
b;
b;
b;
b;
b;0;0,1348242;0,2297188;0,6859908;1,0818;1,243541;1,576;1,6336;1,747481;1,9163;2,055145;2,188925;2,533184;2,742551;2,885068;2,865169;
b;
b;
b;
b;
b;
b;
b;
b;
s;
s;
s;0;0,1094892;0,1933337;0,6283187;1,000759;1,114311;
s;
s;
s;
s;
s;
s;
s;
s;
s;
s;
b;0;0,2056782;
b;
s;0;0,0244081;
s;
b;
b;0;0,00962317;0,03406256;0,4602258;
b;
b;
b;
b;
b;
b;
b;
b;
b;0;0,01744586;0,01107675;0,1601278;
b;0;0,03385109;0,03872663;0,0353502;
s;0;0,3132732;0,5629594;0,610304;
s;0;0,07706073;0,01359707;0,0968014;
b;0;0,1432668;0,07901436;0,4225426;
b;
b;
b;
b;
b;
b;
b;
b;
b;
s;
b;
b;
s;
s;
b;
b;
b;
b;
b;
b;
b;
b;
b;
b;
s;
s;0;0,00214538;0,08522362;0,003161073;0,04579389;0,02253819;0,201983;0,2452934;
s;
s;
s;
s;
s;
s;
s;
s;
b;
b;
b;0;0,3004067;0,2067792;0,03000081;
s;0;0,0590094;0,08878917;0,8969008;0,6128825;0,6689737;0,7670238;11,56501;
b;0;0,1366631;0,1115743;0,2236624;0,5849255;0,6944515;0,9314982;0,8935635;3,276472;3,351209;3,632802;4,067912;4,218626;4,406624;4,6316;4,870943;
s;0;0,08664674;0,1757432;0,239763;0,234135;0,3931506;0,2989249;0,3004246;0,4584408;0,5308588;0,6457894;0,7675829;0,7102642;0,7285838;0,7404151;0,8863964;
b;0;0,03932822;0,1197718;0,1417689;0,1400179;0,2996235;0,2430894;0,3331366;0,5742786;0,7322624;0,9766023;1,229848;1,205246;1,385705;1,519608;1,836363;
s;0;0,04302692;0,08016247;0,1889961;0,2283288;0,340565;0,2876401;0,3315418;0,4532757;0,5235121;0,6388137;0,72156;0,6638384;0,68363;0,7486277;0,8569536;
b;0;0,0486573;0,09250832;0,04567623;0,04502738;0,1674008;0,301013;0,3505259;0,6948862;0,7706015;0,8497236;0,8479404;0,7399774;0,7520566;0,8435106;0,9990191;
s;0;0,03630596;0,07331502;0,01470554;0,09277117;0,1644642;0,1125991;0,0749445;0,2022843;0,2465193;0,323539;0,3730183;0,3232102;0,297605;0,3491616;0,4499292;
b;0;0,0002991855;0,1243506;0,0569433;0,1423281;0,1087055;0,2467659;0,1977651;0,08120275;0,1304674;0,1001527;0,1427677;0,3729134;0,4357963;0,3777652;0,05297375;
s;0;0,004732847;0,05411834;0,09503114;0,1412896;0,2232761;0,1307075;0,1408;0,3931875;0,4682693;0,5553834;0,6871629;0,5425258;0,6033955;0,6715641;0,7360539;
