
NEW RESULT

[ p ;  jungle4 ; breaker: 1,0 ] --> 0,2 0,5 0,76 1,37 
[ b ;  jungle4 ; breaker: 1,0 ] --> 0,2 0,7086924 0,913574 1,450665 
[ e ;  jungle4 ; breaker: 1,0 ] --> 0 0,2086924 0,153574 0,08066487 
Absolute Error Mean: 0,1107328

[ p ;  jungle4 ; breaker: 1,0 ] --> 0,2 0,5 0,76 1,37 
[ b ;  jungle4 ; breaker: 1,0 ] --> 0,2 0,4786754 0,7622895 1,369048 
[ e ;  jungle4 ; breaker: 1,0 ] --> 0 0,02132457 0,002289534 0,0009515285 
Absolute Error Mean: 0,006141409

[ p ;  jungle4 ; breaker: 1,0 ] --> 0,2 0,5 0,76 1,37 
[ s ;  jungle4 ; breaker: 1,0 ] --> 0,2 0,4833357 0,8911893 1,503736 
[ e ;  jungle4 ; breaker: 1,0 ] --> 0 0,0166643 0,1311893 0,1337361 
Absolute Error Mean: 0,07039743

[ p ;  jungle4 ; breaker: 1,0 ] --> 0,2 0,5 0,76 1,37 
[ s ;  jungle4 ; breaker: 1,0 ] --> 0,2 0,5656703 0,8457967 1,435178 
[ e ;  jungle4 ; breaker: 1,0 ] --> 0 0,06567025 0,08579671 0,06517768 
Absolute Error Mean: 0,05416116

[ p ;  jungle8 ; breaker: 1,0 ] --> 0,2 0,5 0,76 1,37 
[ b ;  jungle8 ; breaker: 1,0 ] --> 0,2 0,5779168 0,9583626 1,544357 2,082879 2,316065 2,801688 3,210116 
[ e ;  jungle8 ; breaker: 1,0 ] --> 0 0,0779168 0,1983626 0,1743568 
Absolute Error Mean: 0,1126591

[ p ;  jungle8 ; breaker: 1,0 ] --> 0,2 0,5 0,76 1,37 1,93 2,24 2,72 2,93 
[ b ;  jungle8 ; breaker: 1,0 ] --> 0,2 0,4822747 0,8178332 1,459556 1,765376 2,375494 2,683599 3,219789 
[ e ;  jungle8 ; breaker: 1,0 ] --> 0 0,01772529 0,05783325 0,08955562 0,1646237 0,1354942 0,03640056 0,289789 
Absolute Error Mean: 0,09892771

[ p ;  jungle8 ; breaker: 1,0 ] --> 0,2 0,5 0,76 1,37 1,93 2,24 2,72 2,93 
[ b ;  jungle8 ; breaker: 1,0 ] --> 0,2 0,4819725 0,737474 1,32105 1,884596 2,115783 2,64936 2,82801 
[ e ;  jungle8 ; breaker: 1,0 ] --> 0 0,01802748 0,02252603 0,0489496 0,0454042 0,1242166 0,07064009 0,1019905 
Absolute Error Mean: 0,0539693

[ p ;  jungle8 ; breaker: 1,0 ] --> 0,2 0,5 0,76 1,37 1,93 2,24 2,72 2,93 
[ b ;  jungle8 ; breaker: 1,0 ] --> 0,2 0,4771218 0,7332983 1,220315 1,798902 2,024817 2,608355 3,547867 
[ e ;  jungle8 ; breaker: 1,0 ] --> 0 0,02287823 0,02670169 0,1496854 0,1310983 0,2151828 0,1116455 0,617867 
Absolute Error Mean: 0,1593823

[ p ;  jungle8 ; breaker: 1,0 ] --> 0,2 0,5 0,76 1,37 1,93 2,24 2,72 2,93 
[ b ;  jungle8 ; breaker: 1,0 ] --> 0,2 0,4056565 0,6878442 1,298794 1,936208 2,166113 2,625 3,256248 
[ e ;  jungle8 ; breaker: 1,0 ] --> 0 0,09434348 0,07215577 0,07120574 0,006208181 0,07388735 0,09500003 0,3262482 
Absolute Error Mean: 0,09238109

[ p ;  jungle8 ; breaker: 1,0 ] --> 0,2 0,5 0,76 1,37 1,93 2,24 2,72 2,93 
[ b ;  jungle8 ; breaker: 1,0 ] --> 0,2 0,4565378 0,7376965 1,248967 1,889929 2,118699 2,658384 2,837968 
[ e ;  jungle8 ; breaker: 1,0 ] --> 0 0,04346219 0,02230352 0,1210328 0,04007065 0,1213007 0,06161642 0,09203196 
Absolute Error Mean: 0,06272729

[ p ;  jungle8 ; breaker: 1,0 ] --> 0,2 0,5 0,76 1,37 1,93 2,24 2,72 2,93 
[ b ;  jungle8 ; breaker: 1,0 ] --> 0,2 0,4571922 0,7161955 1,277167 1,814564 2,070035 2,710557 2,992605 
[ e ;  jungle8 ; breaker: 1,0 ] --> 0 0,04280776 0,04380453 0,09283292 0,1154355 0,1699648 0,009442568 0,0626049 
Absolute Error Mean: 0,06711162

[ p ;  jungle8 ; breaker: 1,0 ] --> 0,2 0,5 0,76 1,37 1,93 2,24 2,72 2,93 
[ b ;  jungle8 ; breaker: 1,0 ] --> 0,2 0,4763509 0,7556814 1,341557 1,925665 2,127905 2,693821 3,08079 
[ e ;  jungle8 ; breaker: 1,0 ] --> 0 0,02364907 0,004318595 0,0284431 0,004334927 0,1120949 0,0261786 0,15079 
Absolute Error Mean: 0,04372614

[ p ;  jungle8 ; breaker: 1,0 ] --> 0,2 0,5 0,76 1,37 1,93 2,24 2,72 2,93 
[ b ;  jungle8 ; breaker: 1,0 ] --> 0,2 0,4612606 0,7461618 1,312586 1,876192 2,107858 2,664147 2,900098 
[ e ;  jungle8 ; breaker: 1,0 ] --> 0 0,03873938 0,01383823 0,05741394 0,05380821 0,1321418 0,05585337 0,02990198 
Absolute Error Mean: 0,04771212

[ p ;  jungle8 ; breaker: 1,0 ] --> 0,2 0,5 0,76 1,37 1,93 2,24 2,72 2,93 
[ b ;  jungle8 ; breaker: 1,0 ] --> 0,2 0,4273901 0,7353374 1,192362 1,756787 2,01537 2,659963 2,916604 
[ e ;  jungle8 ; breaker: 1,0 ] --> 0 0,07260993 0,02466261 0,1776378 0,1732129 0,2246301 0,06003737 0,01339602 
Absolute Error Mean: 0,09327334

[ p ;  jungle16 ; breaker: 1,0 ] --> 0,2 0,5 0,76 1,37 1,93 2,24 2,72 2,93 
[ s ;  jungle16 ; breaker: 1,0 ] --> 0,2 0,5052487 0,9100692 1,539532 2,09541 2,477519 2,812153 3,180587 3,740141 4,048434 4,326902 4,58237 4,889333 5,275313 5,684341 6,093043 
[ e ;  jungle16 ; breaker: 1,0 ] --> 0 0,005248666 0,1500692 0,1695321 0,1654102 0,2375185 0,09215331 0,250587 
Absolute Error Mean: 0,1338149

[ p ;  jungle16 ; breaker: 1,0 ] --> 0,2 0,5 0,76 1,37 1,93 2,24 2,72 2,93 3,2 3,51 3,78 4,08 4,57 4,9 5,19 5,3 
[ s ;  jungle16 ; breaker: 1,0 ] --> 0,2 0,5330167 0,8115845 1,453894 2,067194 2,297717 2,553898 3,197998 3,812415 4,170539 4,451664 4,807287 5,081375 5,357973 5,664149 5,912348 6,089579 7,406215 7,739883 8,367656 8,979634 9,287291 9,617628 9,898365 10,43181 10,83876 11,17359 11,55603 11,88258 12,20645 12,48832 12,76815 
[ e ;  jungle16 ; breaker: 1,0 ] --> 0 0,03301668 0,05158454 0,08389425 0,1371936 0,05771732 0,1661019 0,2679975 0,6124153 0,6605389 0,6716645 0,7272868 0,511375 0,4579725 0,4741488 0,6123476 
Absolute Error Mean: 0,3453285

[ p ;  jungle16 ; breaker: 1,0 ] --> 0,2 0,5 0,76 1,37 1,93 2,24 2,72 2,93 3,2 3,51 3,78 4,08 4,57 4,9 5,19 5,3 
[ s ;  jungle16 ; breaker: 1,0 ] --> 0,2 0,4533154 0,7340305 1,33921 1,899881 2,179496 2,590026 2,791389 3,3237 3,730375 4,114166 4,44655 4,801417 5,082211 5,466296 5,667609 
[ e ;  jungle16 ; breaker: 1,0 ] --> 0 0,04668459 0,02596951 0,03078973 0,03011918 0,06050444 0,1299744 0,1386106 0,1236997 0,2203751 0,3341663 0,3665504 0,2314172 0,1822114 0,2762961 0,3676085 
Absolute Error Mean: 0,1603111

[ p ;  jungle16 ; breaker: 1,0 ] --> 0,2 0,5 0,76 1,37 1,93 2,24 2,72 2,93 3,2 3,51 3,78 4,08 4,57 4,9 5,19 5,3 
[ s ;  jungle16 ; breaker: 1,0 ] --> 0,2 0,6092765 0,9446741 1,453908 2,018902 2,427244 2,887191 3,399207 4,037857 4,367929 4,699473 4,955702 5,260017 5,661763 6,090636 6,243325 
[ e ;  jungle16 ; breaker: 1,0 ] --> 0 0,1092765 0,1846741 0,0839076 0,08890188 0,1872444 0,1671908 0,4692073 0,837857 0,857929 0,9194734 0,8757019 0,6900167 0,7617631 0,9006362 0,943325 
Absolute Error Mean: 0,504819

[ p ;  jungle16 ; breaker: 1,0 ] --> 0,2 0,5 0,76 1,37 1,93 2,24 2,72 2,93 3,2 3,51 3,78 4,08 4,57 4,9 5,19 5,3 
[ s ;  jungle16 ; breaker: 1,0 ] --> 0,2 0,5270281 0,8315703 1,390584 1,975912 2,283751 2,589983 2,944956 3,445974 3,932184 4,215582 4,522166 4,830923 5,309696 5,641892 5,871396 6,000859 
[ e ;  jungle16 ; breaker: 1,0 ] --> 0 0,02702814 0,07157028 0,02058446 0,04591167 0,04375052 0,1300168 0,014956 0,2459741 0,4221835 0,4355824 0,4421659 0,2609224 0,4096956 0,4518919 0,5713954 
Absolute Error Mean: 0,2246018

[ p ;  jungle16 ; breaker: 1,0 ] --> 0,2 0,5 0,76 1,37 1,93 2,24 2,72 2,93 3,2 3,51 3,78 4,08 4,57 4,9 5,19 5,3 
[ s ;  jungle16 ; breaker: 1,0 ] --> 0,2 0,5366331 0,8405629 1,448449 2,008716 2,264268 2,54299 2,824143 3,361388 3,721563 4,025717 4,427232 4,757963 5,169011 5,605259 5,784304 
[ e ;  jungle16 ; breaker: 1,0 ] --> 0 0,03663313 0,08056295 0,07844877 0,07871592 0,02426815 0,1770101 0,1058569 0,1613879 0,2115629 0,2457168 0,3472323 0,187963 0,269011 0,4152589 0,484304 
Absolute Error Mean: 0,1814958

[ p ;  jungle16 ; breaker: 1,0 ] --> 0,2 0,5 0,76 1,37 1,93 2,24 2,72 2,93 3,2 3,51 3,78 4,08 4,57 4,9 5,19 5,3 
[ s ;  jungle16 ; breaker: 1,0 ] --> 0,2 0,4552375 0,7396962 1,346208 1,961909 2,217522 2,650171 2,853851 3,390596 3,670151 3,975903 4,207243 4,494544 4,800412 5,110149 5,443604 
[ e ;  jungle16 ; breaker: 1,0 ] --> 0 0,04476246 0,02030379 0,02379179 0,03190923 0,02247834 0,06982899 0,07614899 0,1905963 0,1601508 0,1959033 0,127243 0,07545662 0,09958839 0,07985115 0,1436043 
Absolute Error Mean: 0,08510109

[ p ;  jungle16 ; breaker: 1,0 ] --> 0,2 0,5 0,76 1,37 1,93 2,24 2,72 2,93 3,2 3,51 3,78 4,08 4,57 4,9 5,19 5,3 
[ s ;  jungle16 ; breaker: 1,0 ] --> 0,2 0,5855083 0,8907437 1,427806 2,048096 2,304676 2,609418 2,869483 3,359777 3,719223 4,027143 4,359968 4,640385 4,949016 5,352513 5,531373 
[ e ;  jungle16 ; breaker: 1,0 ] --> 0 0,08550835 0,1307437 0,05780554 0,1180965 0,06467581 0,1105816 0,06051731 0,1597769 0,2092233 0,247143 0,2799678 0,0703845 0,049016 0,1625128 0,2313728 
Absolute Error Mean: 0,1273329

[ p ;  jungle16 ; breaker: 1,0 ] --> 0,2 0,5 0,76 1,37 1,93 2,24 2,72 2,93 3,2 3,51 3,78 4,08 4,57 4,9 5,19 5,3 
[ s ;  jungle16 ; breaker: 1,0 ] --> 0,2 0,5312527 0,837054 1,407593 1,918121 2,222798 2,528656 2,863139 3,355234 3,715627 3,997855 4,25505 4,542887 4,931295 5,343647 5,574686 
[ e ;  jungle16 ; breaker: 1,0 ] --> 0 0,03125268 0,07705402 0,03759277 0,01187849 0,01720238 0,1913445 0,06686115 0,1552336 0,205627 0,2178547 0,1750498 0,02711344 0,0312953 0,1536469 0,2746854 
Absolute Error Mean: 0,1046058

[ p ;  jungle16 ; breaker: 1,0 ] --> 0,2 0,5 0,76 1,37 1,93 2,24 2,72 2,93 3,2 3,51 3,78 4,08 4,57 4,9 5,19 5,3 
[ s ;  jungle16 ; breaker: 1,0 ] --> 0,2 0,532244 0,8403085 1,326137 1,914885 2,245439 2,655537 2,888568 3,372986 3,884145 4,238006 4,595551 5,005973 5,440606 5,923685 6,210284 
[ e ;  jungle16 ; breaker: 1,0 ] --> 0 0,03224403 0,08030856 0,04386318 0,01511526 0,005439281 0,06446338 0,0414319 0,1729858 0,3741453 0,4580057 0,5155511 0,4359732 0,5406055 0,7336845 0,910284 
Absolute Error Mean: 0,2765063

[ p ;  jungle16 ; breaker: 1,0 ] --> 0,2 0,5 0,76 1,37 1,93 2,24 2,72 2,93 3,2 3,51 3,78 4,08 4,57 4,9 5,19 5,3 
[ b ;  jungle16 ; breaker: 1,0 ] --> 0,2 0,5083007 0,7873105 1,29644 1,580272 2,064161 2,627512 2,909154 3,167882 3,680607 4,06513 4,553251 4,757964 5,012158 5,424107 5,832213 
[ e ;  jungle16 ; breaker: 1,0 ] --> 0 0,008300722 0,02731055 0,07356024 0,349728 0,1758392 0,09248781 0,02084613 0,03211808 0,1706073 0,2851303 0,4732513 0,1879635 0,1121578 0,234107 0,5322127 
Absolute Error Mean: 0,1734763

[ p ;  jungle16 ; breaker: 1,0 ] --> 0,2 0,5 0,76 1,37 1,93 2,24 2,72 2,93 3,2 3,51 3,78 4,08 4,57 4,9 5,19 5,3 
[ b ;  jungle16 ; breaker: 1,0 ] --> 0,2 0,5050002 1,010889 1,491743 1,747408 2,055654 2,33767 2,772443 3,152421 3,484185 4,112626 4,419023 4,728919 5,086535 5,36916 5,678357 
[ e ;  jungle16 ; breaker: 1,0 ] --> 0 0,005000174 0,2508894 0,1217433 0,1825917 0,1843457 0,3823302 0,157557 0,04757905 0,02581525 0,3326261 0,3390226 0,1589189 0,1865349 0,1791601 0,3783569 
Absolute Error Mean: 0,1832795

[ p ;  jungle16 ; breaker: 1,0 ] --> 0,2 0,5 0,76 1,37 1,93 2,24 2,72 2,93 3,2 3,51 3,78 4,08 4,57 4,9 5,19 5,3 
[ b ;  jungle16 ; breaker: 1,0 ] --> 0,2 0,508999 0,8144407 1,2759 1,817938 2,101663 2,413166 2,773368 3,212182 3,728016 3,98603 4,217992 4,450412 4,707162 5,222057 5,634318 
[ e ;  jungle16 ; breaker: 1,0 ] --> 0 0,00899899 0,05444068 0,09409952 0,1120619 0,1383374 0,3068345 0,1566317 0,01218152 0,2180164 0,2060301 0,1379919 0,1195884 0,1928377 0,03205729 0,3343182 
Absolute Error Mean: 0,1327766

[ p ;  jungle16 ; breaker: 1,0 ] --> 0,2 0,5 0,76 1,37 1,93 2,24 2,72 2,93 3,2 3,51 3,78 4,08 4,57 4,9 5,19 5,3 
[ b ;  jungle16 ; breaker: 1,0 ] --> 0,2 0,5083494 0,7881207 1,328331 1,943784 2,250342 2,562638 3,097405 3,687354 3,944568 4,20389 4,486237 5,020748 5,686432 6,201513 6,637164 
[ e ;  jungle16 ; breaker: 1,0 ] --> 0 0,008349419 0,02812076 0,04166925 0,01378357 0,01034188 0,1573625 0,1674051 0,4873538 0,4345684 0,4238904 0,4062366 0,4507475 0,7864323 1,011513 1,337164 
Absolute Error Mean: 0,3603086

[ p ;  jungle16 ; breaker: 1,0 ] --> 0,2 0,5 0,76 1,37 1,93 2,24 2,72 2,93 3,2 3,51 3,78 4,08 4,57 4,9 5,19 5,3 
[ b ;  jungle16 ; breaker: 1,0 ] --> 0,2 0,458888 0,7380158 1,151131 1,846206 2,153939 2,678395 2,858373 3,295771 3,63361 3,89021 4,172252 4,484058 4,946342 5,307588 5,61727 
[ e ;  jungle16 ; breaker: 1,0 ] --> 0 0,04111201 0,02198422 0,2188693 0,08379388 0,086061 0,04160523 0,07162738 0,09577107 0,1236105 0,1102099 0,09225178 0,08594179 0,0463419 0,1175876 0,3172698 
Absolute Error Mean: 0,09712733

[ p ;  jungle16 ; breaker: 1,0 ] --> 0,2 0,5 0,76 1,37 1,93 2,24 2,72 2,93 3,2 3,51 3,78 4,08 4,57 4,9 5,19 5,3 
[ b ;  jungle16 ; breaker: 1,0 ] --> 0,2 0,4544533 0,7332434 1,163642 1,718711 1,971124 2,148571 2,712147 2,942339 3,149939 3,633397 3,889999 4,145628 4,634158 4,887619 5,14478 
[ e ;  jungle16 ; breaker: 1,0 ] --> 0 0,04554674 0,02675658 0,2063582 0,2112894 0,2688757 0,5714288 0,2178528 0,2576613 0,3600609 0,1466029 0,190001 0,4243717 0,2658424 0,3023815 0,15522 
Absolute Error Mean: 0,2281406

[ p ;  jungle16 ; breaker: 1,0 ] --> 0,2 0,5 0,76 1,37 1,93 2,24 2,72 2,93 3,2 3,51 3,78 4,08 4,57 4,9 5,19 5,3 
[ b ;  jungle16 ; breaker: 1,0 ] --> 0,2 0,5032231 0,7837892 1,650297 2,255525 2,484269 3,099672 3,360228 3,616419 4,100211 4,56207 4,81835 4,973491 5,43415 5,865417 6,247027 
[ e ;  jungle16 ; breaker: 1,0 ] --> 0 0,003223121 0,02378923 0,2802973 0,3255252 0,2442691 0,3796716 0,4302275 0,4164186 0,5902107 0,7820699 0,7383499 0,4034905 0,5341496 0,6754169 0,9470267 
Absolute Error Mean: 0,4233835

[ p ;  jungle16 ; breaker: 1,0 ] --> 0,2 0,5 0,76 1,37 1,93 2,24 2,72 2,93 3,2 3,51 3,78 4,08 4,57 4,9 5,19 5,3 
[ b ;  jungle16 ; breaker: 1,0 ] --> 0,2 0,3555787 0,6409251 1,148994 1,804854 2,086804 2,416155 2,921393 3,224717 3,481101 3,96164 4,140882 4,291397 4,801803 5,054491 5,411939 
[ e ;  jungle16 ; breaker: 1,0 ] --> 0 0,1444213 0,1190749 0,221006 0,1251456 0,1531959 0,3038447 0,008607149 0,02471662 0,02889895 0,1816397 0,06088209 0,2786036 0,09819746 0,1355095 0,111939 
Absolute Error Mean: 0,1247301

[ p ;  jungle16 ; breaker: 1,0 ] --> 0,2 0,5 0,76 1,37 1,93 2,24 2,72 2,93 3,2 3,51 3,78 4,08 4,57 4,9 5,19 5,3 
[ b ;  jungle16 ; breaker: 1,0 ] --> 0,2 0,3790645 0,7623872 1,226565 1,94389 2,201454 2,561045 3,021958 3,439308 3,716222 3,866795 4,378992 4,761499 5,096268 5,430182 5,916519 
[ e ;  jungle16 ; breaker: 1,0 ] --> 0 0,1209355 0,002387166 0,1434355 0,01389027 0,03854632 0,1589551 0,09195781 0,2393079 0,2062216 0,08679485 0,2989917 0,1914992 0,1962681 0,2401814 0,616519 
Absolute Error Mean: 0,1653682

[ p ;  jungle16 ; breaker: 1,0 ] --> 0,2 0,5 0,76 1,37 1,93 2,24 2,72 2,93 3,2 3,51 3,78 4,08 4,57 4,9 5,19 5,3 
[ b ;  jungle16 ; breaker: 1,0 ] --> 0,2 0,4501343 0,6787437 1,217123 1,833814 2,066944 2,501685 2,734715 2,962933 3,50181 3,859616 4,294509 4,497726 4,650614 4,832139 5,266202 
[ e ;  jungle16 ; breaker: 1,0 ] --> 0 0,04986572 0,08125633 0,1528771 0,09618604 0,1730561 0,2183154 0,1952851 0,2370675 0,008189917 0,07961583 0,2145095 0,07227373 0,2493863 0,357861 0,03379774 
Absolute Error Mean: 0,1387215

[ p ;  jungle26 ; breaker: 1,0 ] --> 0,2 0,5 0,76 1,37 1,93 2,24 2,72 2,93 3,2 3,51 3,78 4,08 4,57 4,9 5,19 5,3 
[ b ;  jungle26 ; breaker: 1,0 ] --> 0,2 0,425242 0,7074694 1,160924 1,799796 2,158771 2,338921 2,850204 3,20831 3,665424 4,047562 4,406983 4,765567 5,198894 5,77998 6,007483 6,362607 6,817898 7,431184 7,943819 8,29664 8,785801 9,167089 9,344452 9,890045 11,01131 
[ e ;  jungle26 ; breaker: 1,0 ] --> 0 0,07475799 0,05253059 0,2090764 0,1302038 0,08122921 0,3810787 0,07979655 0,008309603 0,1554241 0,2675622 0,3269835 0,1955667 0,2988935 0,5899796 0,7074833 
Absolute Error Mean: 0,2224297

[ p ;  jungle26 ; breaker: 1,0 ] --> 0,2 0,5 0,76 1,37 1,93 2,24 2,72 2,93 3,2 3,51 3,78 4,08 4,57 4,9 5,19 5,3 5,92 6,1 6,37 6,76 7,09 7,24 7,7 7,8 8,24 8,5 
[ b ;  jungle26 ; breaker: 1,0 ] --> 0,2 0,4276278 0,6111448 1,143099 1,757869 2,015384 2,275353 2,839498 3,226357 3,819445 4,002964 4,387432 4,77026 5,236496 5,439205 5,59337 5,746708 6,262434 7,002789 7,569699 8,080696 8,363973 8,722798 9,10435 9,668433 10,1298 
[ e ;  jungle26 ; breaker: 1,0 ] --> 0 0,0723722 0,1488551 0,2269007 0,1721313 0,2246158 0,4446468 0,09050226 0,02635741 0,3094447 0,2229645 0,3074322 0,2002597 0,3364964 0,2492051 0,2933702 0,1732917 0,1624346 0,6327887 0,8096991 0,990696 1,123973 1,022799 1,30435 1,428433 1,629801 
Absolute Error Mean: 0,4847623

[ p ;  jungle26 ; breaker: 1,0 ] --> 0,2 0,5 0,76 1,37 1,93 2,24 2,72 2,93 3,2 3,51 3,78 4,08 4,57 4,9 5,19 5,3 5,92 6,1 6,37 6,76 7,09 7,24 7,7 7,8 8,24 8,5 
[ b ;  jungle26 ; breaker: 1,0 ] --> 0,2 0,4560696 0,7111898 1,190617 1,873178 2,227204 2,635604 2,791926 3,325414 3,660753 4,117572 4,372533 4,808451 5,013232 5,320805 5,576885 6,16281 6,289923 6,62077 6,9011 7,183814 7,465968 7,647565 8,009192 8,265078 8,393193 
[ e ;  jungle26 ; breaker: 1,0 ] --> 0 0,04393035 0,04881018 0,179383 0,05682182 0,01279616 0,08439565 0,1380742 0,1254144 0,1507525 0,3375719 0,2925334 0,238451 0,1132321 0,1308045 0,276885 0,2428098 0,1899228 0,2507706 0,1410999 0,0938139 0,2259684 0,05243444 0,2091923 0,02507782 0,1068068 
Absolute Error Mean: 0,1449136

[ p ;  jungle26 ; breaker: 1,0 ] --> 0,2 0,5 0,76 1,37 1,93 2,24 2,72 2,93 3,2 3,51 3,78 4,08 4,57 4,9 5,19 5,3 5,92 6,1 6,37 6,76 7,09 7,24 7,7 7,8 8,24 8,5 
[ b ;  jungle26 ; breaker: 1,0 ] --> 0,2 0,455012 0,8394331 1,508037 2,096435 2,401194 2,810953 2,963934 3,524542 3,904797 4,263139 4,674416 5,032736 5,440367 5,903787 6,034205 6,549752 6,857872 7,18767 7,933139 8,315832 8,546209 9,081636 9,364113 9,749497 10,10903 
[ e ;  jungle26 ; breaker: 1,0 ] --> 0 0,04498798 0,07943314 0,1380372 0,1664351 0,1611943 0,09095335 0,03393388 0,3245416 0,3947968 0,4831393 0,5944161 0,4627357 0,5403666 0,7137866 0,7342048 0,6297517 0,7578721 0,8176703 1,173139 1,225832 1,30621 1,381637 1,564113 1,509498 1,609033 
Absolute Error Mean: 0,6514507

[ p ;  jungle26 ; breaker: 1,0 ] --> 0,2 0,5 0,76 1,37 1,93 2,24 2,72 2,93 3,2 3,51 3,78 4,08 4,57 4,9 5,19 5,3 5,92 6,1 6,37 6,76 7,09 7,24 7,7 7,8 8,24 8,5 
[ b ;  jungle26 ; breaker: 1,0 ] --> 0,2 0,5870137 0,9221691 1,482214 2,168919 2,525522 2,914614 3,089285 3,219893 3,834154 4,267545 4,649305 5,035321 5,420715 5,752348 6,21582 6,371644 6,854019 7,208581 7,465377 7,767769 8,074079 8,375316 8,72968 9,033717 9,495226 
[ e ;  jungle26 ; breaker: 1,0 ] --> 0 0,08701366 0,1621691 0,1122143 0,2389191 0,285522 0,1946137 0,1592853 0,01989317 0,3241544 0,4875453 0,5693054 0,4653206 0,5207152 0,5623479 0,9158196 0,4516439 0,7540193 0,8385816 0,7053771 0,6777687 0,8340788 0,6753159 0,9296799 0,7937174 0,9952259 
Absolute Error Mean: 0,4907787

[ p ;  jungle26 ; breaker: 1,0 ] --> 0,2 0,5 0,76 1,37 1,93 2,24 2,72 2,93 3,2 3,51 3,78 4,08 4,57 4,9 5,19 5,3 5,92 6,1 6,37 6,76 7,09 7,24 7,7 7,8 8,24 8,5 
[ b ;  jungle26 ; breaker: 1,0 ] --> 0,2 0,505693 0,788228 1,248715 1,89045 2,174815 2,562021 2,718633 3,236029 3,544641 3,952781 4,391182 4,702306 5,035499 5,24347 5,628788 5,783323 6,349156 6,71372 7,128499 7,493163 7,934697 8,339889 8,750454 9,056038 9,470074 
[ e ;  jungle26 ; breaker: 1,0 ] --> 0 0,005693018 0,02822804 0,1212854 0,03954995 0,06518459 0,1579788 0,2113674 0,03602862 0,03464055 0,1727815 0,311182 0,1323056 0,1354985 0,05347013 0,3287883 0,1366773 0,249156 0,3437204 0,3684988 0,403163 0,6946974 0,6398888 0,9504538 0,8160381 0,9700737 
Absolute Error Mean: 0,2848596

[ p ;  jungle26 ; breaker: 1,0 ] --> 0,2 0,5 0,76 1,37 1,93 2,24 2,72 2,93 3,2 3,51 3,78 4,08 4,57 4,9 5,19 5,3 5,92 6,1 6,37 6,76 7,09 7,24 7,7 7,8 8,24 8,5 
[ b ;  jungle26 ; breaker: 1,0 ] --> 0,2 0,5073467 0,7932675 1,436418 2,002482 2,30889 2,751649 2,906453 3,37165 3,676937 3,987785 4,29143 4,62367 5,008786 5,46797 5,596419 6,107629 6,497911 6,860755 7,144585 7,581704 7,938892 8,297814 8,451032 8,834275 9,245358 
[ e ;  jungle26 ; breaker: 1,0 ] --> 0 0,00734669 0,03326756 0,06641817 0,07248175 0,06888986 0,03164887 0,02354693 0,1716499 0,1669371 0,2077847 0,2114301 0,05366945 0,1087856 0,2779703 0,2964191 0,1876292 0,3979115 0,4907556 0,3845849 0,491704 0,6988921 0,5978146 0,6510315 0,5942755 0,7453585 
Absolute Error Mean: 0,2707001

[ p ;  jungle26 ; breaker: 1,0 ] --> 0,2 0,5 0,76 1,37 1,93 2,24 2,72 2,93 3,2 3,51 3,78 4,08 4,57 4,9 5,19 5,3 5,92 6,1 6,37 6,76 7,09 7,24 7,7 7,8 8,24 8,5 
[ b ;  jungle26 ; breaker: 1,0 ] --> 0,2 0,5072381 0,8672897 1,456527 2,047539 2,253551 2,55968 2,84045 3,044763 3,579123 3,964805 4,247857 4,553963 4,73348 5,246536 5,425167 5,583706 5,944079 6,17672 6,61602 7,026835 7,363585 7,825462 8,004185 8,18335 8,491251 
[ e ;  jungle26 ; breaker: 1,0 ] --> 0 0,00723815 0,1072897 0,08652747 0,1175386 0,01355124 0,1603196 0,08954978 0,1552367 0,06912303 0,1848049 0,1678572 0,01603746 0,1665196 0,05653572 0,1251664 0,3362942 0,1559205 0,1932797 0,14398 0,06316471 0,1235857 0,1254621 0,2041845 0,05665016 0,008749008 
Absolute Error Mean: 0,1128679

[ p ;  jungle26 ; breaker: 1,0 ] --> 0,2 0,5 0,76 1,37 1,93 2,24 2,72 2,93 3,2 3,51 3,78 4,08 4,57 4,9 5,19 5,3 5,92 6,1 6,37 6,76 7,09 7,24 7,7 7,8 8,24 8,5 
[ b ;  jungle26 ; breaker: 1,0 ] --> 0,2 0,5102735 0,8172793 1,360397 1,849608 2,13582 2,394139 2,647734 2,774292 3,29005 3,653575 4,041131 4,350364 4,73651 5,097932 5,534592 5,710443 6,621765 7,056451 7,434988 7,794126 8,205089 8,594509 8,926455 9,310495 9,668622 10,13089 11,20612 
[ e ;  jungle26 ; breaker: 1,0 ] --> 0 0,01027346 0,05727929 0,009603262 0,08039176 0,1041803 0,3258607 0,2822659 0,4257085 0,21995 0,1264248 0,03886843 0,219636 0,1634903 0,0920682 0,2345915 0,2095571 0,5217652 0,686451 0,6749883 0,7041259 0,9650888 0,8945093 1,126454 1,070496 1,168622 
Absolute Error Mean: 0,4004865

[ p ;  jungle26 ; breaker: 1,0 ] --> 0,2 0,5 0,76 1,37 1,93 2,24 2,72 2,93 3,2 3,51 3,78 4,08 4,57 4,9 5,19 5,3 5,92 6,1 6,37 6,76 7,09 7,24 7,7 7,8 8,24 8,5 
[ b ;  jungle26 ; breaker: 1,0 ] --> 0,2 0,5049942 0,7823081 1,261969 1,671345 1,94645 2,100149 2,477676 2,680048 3,138979 3,595081 3,820814 3,996575 4,250541 4,708266 4,962195 5,217455 5,444799 5,748479 5,978643 6,204583 6,433606 6,788828 7,119991 7,374341 7,727394 
[ e ;  jungle26 ; breaker: 1,0 ] --> 0 0,004994214 0,02230811 0,108031 0,2586546 0,2935498 0,6198506 0,4523239 0,5199523 0,3710213 0,1849194 0,2591863 0,5734253 0,6494589 0,4817343 0,3378053 0,7025447 0,655201 0,6215205 0,7813573 0,885417 0,8063936 0,9111714 0,6800089 0,8656588 0,7726059 
Absolute Error Mean: 0,4930421

[ p ;  jungle8 ; breaker: 1,0 ] --> 0,2 0,5 0,76 1,37 1,93 2,24 2,72 2,93 3,2 3,51 3,78 4,08 4,57 4,9 5,19 5,3 5,92 6,1 6,37 6,76 7,09 7,24 7,7 7,8 8,24 8,5 
[ s ;  jungle8 ; breaker: 1,0 ] --> 0,2 0,5056601 0,7573075 1,339916 1,8948 2,224538 2,680591 2,857166 
[ e ;  jungle8 ; breaker: 1,0 ] --> 0 0,005660117 0,002692521 0,03008425 0,03519964 0,01546216 0,03940892 0,07283425 
Absolute Error Mean: 4,094282

[ p ;  jungle8 ; breaker: 1,0 ] --> 0,2 0,5 0,76 1,37 1,93 2,24 2,72 2,93 
[ s ;  jungle8 ; breaker: 1,0 ] --> 0,2 0,506394 0,8615035 1,469687 2,050997 2,379843 2,712985 2,917107 
[ e ;  jungle8 ; breaker: 1,0 ] --> 0 0,006394029 0,1015036 0,09968722 0,1209966 0,1398427 0,007014751 0,01289344 
Absolute Error Mean: 0,06104154

[ p ;  jungle8 ; breaker: 1,0 ] --> 0,2 0,5 0,76 1,37 1,93 2,24 2,72 2,93 
[ s ;  jungle8 ; breaker: 1,0 ] --> 0,2 0,5063827 0,8656711 1,407499 1,941176 2,220607 2,474734 2,777363 
[ e ;  jungle8 ; breaker: 1,0 ] --> 0 0,006382704 0,1056711 0,03749895 0,01117647 0,01939273 0,245266 0,1526372 
Absolute Error Mean: 0,07225315

[ p ;  jungle8 ; breaker: 1,0 ] --> 0,2 0,5 0,76 1,37 1,93 2,24 2,72 2,93 
[ s ;  jungle8 ; breaker: 1,0 ] --> 0,2 0,5301358 0,7589723 1,324012 1,910594 2,21653 2,468618 2,776424 
[ e ;  jungle8 ; breaker: 1,0 ] --> 0 0,03013581 0,001027644 0,0459882 0,01940584 0,0234704 0,2513819 0,1535764 
Absolute Error Mean: 0,06562327

[ p ;  jungle8 ; breaker: 1,0 ] --> 0,2 0,5 0,76 1,37 1,93 2,24 2,72 2,93 
[ s ;  jungle8 ; breaker: 1,0 ] --> 0,2 0,5281576 0,8557426 1,420342 1,960802 2,293973 2,700139 2,854571 
[ e ;  jungle8 ; breaker: 1,0 ] --> 0 0,02815759 0,09574264 0,05034244 0,03080177 0,05397296 0,01986146 0,07542944 
Absolute Error Mean: 0,04428854

[ p ;  jungle8 ; breaker: 1,0 ] --> 0,2 0,5 0,76 1,37 1,93 2,24 2,72 2,93 
[ s ;  jungle8 ; breaker: 1,0 ] --> 0,2 0,5053921 0,8120192 1,401391 1,935454 2,290496 2,596708 2,776781 
[ e ;  jungle8 ; breaker: 1,0 ] --> 0 0,005392134 0,05201918 0,03139091 0,005454183 0,0504961 0,1232917 0,153219 
Absolute Error Mean: 0,0526579

[ p ;  jungle8 ; breaker: 1,0 ] --> 0,2 0,5 0,76 1,37 1,93 2,24 2,72 2,93 
[ s ;  jungle8 ; breaker: 1,0 ] --> 0,2 0,4539431 0,7368505 1,12296 1,732694 2,057706 2,491887 2,646663 
[ e ;  jungle8 ; breaker: 1,0 ] --> 0 0,04605687 0,02314949 0,2470398 0,1973059 0,1822939 0,2281132 0,2833371 
Absolute Error Mean: 0,150912

[ p ;  jungle8 ; breaker: 1,0 ] --> 0,2 0,5 0,76 1,37 1,93 2,24 2,72 2,93 
[ s ;  jungle8 ; breaker: 1,0 ] --> 0,2 0,5044289 0,8089325 1,374079 1,908174 2,212234 2,539087 2,742549 
[ e ;  jungle8 ; breaker: 1,0 ] --> 0 0,004428923 0,04893255 0,004078627 0,02182579 0,02776551 0,1809134 0,1874514 
Absolute Error Mean: 0,05942453

[ p ;  jungle8 ; breaker: 1,0 ] --> 0,2 0,5 0,76 1,37 1,93 2,24 2,72 2,93 
[ s ;  jungle8 ; breaker: 1,0 ] --> 0,2 0,454183 0,7042599 1,234409 1,738548 2,020421 2,326697 2,808157 
[ e ;  jungle8 ; breaker: 1,0 ] --> 0 0,04581702 0,05574006 0,1355914 0,1914521 0,2195795 0,3933029 0,1218433 
Absolute Error Mean: 0,1454158

[ p ;  jungle8 ; breaker: 1,0 ] --> 0,2 0,5 0,76 1,37 1,93 2,24 2,72 2,93 
[ s ;  jungle8 ; breaker: 1,0 ] --> 0,2 0,4535396 0,7637856 1,300316 1,835002 2,115108 2,396372 2,602638 
[ e ;  jungle8 ; breaker: 1,0 ] --> 0 0,04646042 0,00378561 0,06968427 0,09499824 0,1248918 0,3236284 0,3273616 
Absolute Error Mean: 0,1238513

[ p ;  jungle26 ; breaker: 1,0 ] --> 0,2 0,5 0,76 1,37 1,93 2,24 2,72 2,93 
[ s ;  jungle26 ; breaker: 1,0 ] --> 0,2 0,5059269 0,7860007 1,322863 1,834115 2,168858 2,625472 2,753127 3,261114 3,596798 3,927484 4,18472 4,490327 4,79196 5,223422 5,376193 6,040277 6,449552 6,828507 7,228498 7,557544 7,860624 8,091367 8,348358 8,654813 8,938856 9,219761 
[ e ;  jungle26 ; breaker: 1,0 ] --> 0 0,005926907 0,02600074 0,04713655 0,09588516 0,07114244 0,0945282 0,1768732 
Absolute Error Mean: 0,06468665

[ p ;  jungle26 ; breaker: 1,0 ] --> 0,2 0,5 0,76 1,37 1,93 2,24 2,72 2,93 3,2 3,51 3,78 4,08 4,57 4,9 5,19 5,3 5,92 6,1 6,37 6,76 7,09 7,24 7,7 7,8 8,24 8,5 
[ s ;  jungle26 ; breaker: 1,0 ] --> 0,2 1,588208 7,045726 7,478889 7,861961 8,271333 8,780257 8,933508 9,414705 9,793674 10,07211 10,328 10,58113 10,91041 11,37163 11,55076 12,08493 12,5427 12,92279 13,22312 13,57396 13,93235 14,23726 14,56754 14,84695 15,10315 15,38237 
[ e ;  jungle26 ; breaker: 1,0 ] --> 0 1,088208 6,285726 6,108889 5,931962 6,031333 6,060257 6,003508 6,214705 6,283674 6,292115 6,248 6,011128 6,010407 6,181628 6,250761 6,164931 6,442705 6,552792 6,463117 6,483961 6,692352 6,53726 6,76754 6,606946 6,60315 
Absolute Error Mean: 5,858348

[ p ;  jungle26 ; breaker: 1,0 ] --> 0,2 0,5 0,76 1,37 1,93 2,24 2,72 2,93 3,2 3,51 3,78 4,08 4,57 4,9 5,19 5,3 5,92 6,1 6,37 6,76 7,09 7,24 7,7 7,8 8,24 8,5 
[ s ;  jungle26 ; breaker: 1,0 ] --> 0,2 0,5060529 0,7639229 1,300128 1,8066 2,162673 2,646565 2,774708 3,283861 3,611924 3,892355 4,201858 4,50411 4,757107 5,090312 5,318837 5,906337 6,33718 6,725909 7,081795 7,387764 7,66911 7,975104 8,228091 8,537343 8,791231 9,05179 
[ e ;  jungle26 ; breaker: 1,0 ] --> 0 0,006052911 0,003922939 0,06987202 0,1234002 0,07732654 0,07343507 0,1552925 0,08386111 0,1019242 0,112355 0,1218581 0,06589031 0,1428933 0,09968853 0,01883698 0,01366282 0,2371802 0,3559093 0,3217945 0,2977638 0,4291101 0,275104 0,428091 0,2973433 0,2912312 
Absolute Error Mean: 0,1616846

[ p ;  jungle26 ; breaker: 1,0 ] --> 0,2 0,5 0,76 1,37 1,93 2,24 2,72 2,93 3,2 3,51 3,78 4,08 4,57 4,9 5,19 5,3 5,92 6,1 6,37 6,76 7,09 7,24 7,7 7,8 8,24 8,5 
[ s ;  jungle26 ; breaker: 1,0 ] --> 0,2 0,5048265 0,758927 1,274223 1,785254 2,091011 2,621166 2,749057 3,23257 3,664687 3,969429 4,249954 4,531118 4,786513 5,068354 5,400973 5,912985 6,27158 6,552116 6,810093 7,142758 7,420191 7,725447 8,033806 8,287389 8,56727 8,873503 
[ e ;  jungle26 ; breaker: 1,0 ] --> 0 0,004826546 0,001072943 0,09577656 0,1447462 0,1489887 0,09883428 0,1809435 0,03256989 0,1546867 0,189429 0,1699543 0,03888178 0,1134872 0,1216464 0,1009731 0,007015228 0,1715803 0,1821165 0,05009317 0,05275774 0,1801915 0,02544689 0,2338057 0,04738903 0,06727028 
Absolute Error Mean: 0,1005571

[ p ;  jungle26 ; breaker: 1,0 ] --> 0,2 0,5 0,76 1,37 1,93 2,24 2,72 2,93 3,2 3,51 3,78 4,08 4,57 4,9 5,19 5,3 5,92 6,1 6,37 6,76 7,09 7,24 7,7 7,8 8,24 8,5 
[ s ;  jungle26 ; breaker: 1,0 ] --> 0,2 0,4853757 0,9488794 1,40516 1,662212 1,942399 2,252767 2,432789 2,893807 3,200681 3,455747 3,714591 4,04504 4,305729 4,611842 4,865258 5,404795 5,708644 6,040158 6,399462 6,785635 7,014438 7,344817 7,623078 7,903903 8,157846 8,43596 
[ e ;  jungle26 ; breaker: 1,0 ] --> 0 0,01462427 0,1888794 0,03515995 0,2677876 0,2976012 0,4672334 0,4972115 0,3061934 0,3093188 0,3242528 0,3654087 0,5249605 0,5942707 0,5781579 0,434742 0,5152054 0,3913555 0,3298421 0,360538 0,3043652 0,2255621 0,3551831 0,1769223 0,3360968 0,3421535 
Absolute Error Mean: 0,3285779

[ p ;  jungle26 ; breaker: 1,0 ] --> 0,2 0,5 0,76 1,37 1,93 2,24 2,72 2,93 3,2 3,51 3,78 4,08 4,57 4,9 5,19 5,3 5,92 6,1 6,37 6,76 7,09 7,24 7,7 7,8 8,24 8,5 
[ s ;  jungle26 ; breaker: 1,0 ] --> 0,2 0,5752405 0,903259 1,529317 2,10782 2,432805 2,710632 2,992962 3,504789 3,936281 4,189494 4,496837 4,753892 5,033633 5,341289 5,617025 6,116318 6,524239 6,804683 7,084107 7,311224 7,570445 7,824818 8,08126 8,334279 8,565413 8,81948 
[ e ;  jungle26 ; breaker: 1,0 ] --> 0 0,07524049 0,143259 0,159317 0,1778201 0,1928051 0,009367943 0,06296182 0,3047891 0,4262812 0,4094942 0,4168372 0,1838923 0,1336327 0,151289 0,3170252 0,1963181 0,4242392 0,4346828 0,3241067 0,2212243 0,3304448 0,1248183 0,2812595 0,09427929 0,06541252 
Absolute Error Mean: 0,217723

[ p ;  jungle26 ; breaker: 1,0 ] --> 0,2 0,5 0,76 1,37 1,93 2,24 2,72 2,93 3,2 3,51 3,78 4,08 4,57 4,9 5,19 5,3 5,92 6,1 6,37 6,76 7,09 7,24 7,7 7,8 8,24 8,5 
[ s ;  jungle26 ; breaker: 1,0 ] --> 0,2 0,4813051 0,7626365 1,222309 1,73421 2,068452 2,320656 2,572784 3,03077 3,437485 3,69029 3,973868 4,228294 4,487617 4,7699 5,050562 5,564268 5,973397 6,285412 6,567013 6,8476 7,100542 7,380592 7,663045 7,946641 8,202068 8,479603 
[ e ;  jungle26 ; breaker: 1,0 ] --> 0 0,01869491 0,002636552 0,1476915 0,1957896 0,1715481 0,3993444 0,3572159 0,1692302 0,07251453 0,08970952 0,1061316 0,3417058 0,4123831 0,4200997 0,2494378 0,355732 0,1266031 0,08458757 0,1929874 0,2424002 0,1394582 0,3194079 0,1369553 0,2933588 0,2979317 
Absolute Error Mean: 0,2055214

[ p ;  jungle26 ; breaker: 1,0 ] --> 0,2 0,5 0,76 1,37 1,93 2,24 2,72 2,93 3,2 3,51 3,78 4,08 4,57 4,9 5,19 5,3 5,92 6,1 6,37 6,76 7,09 7,24 7,7 7,8 8,24 8,5 
[ s ;  jungle26 ; breaker: 1,0 ] --> 0,2 0,5056062 0,7605338 1,017734 1,673458 2,027316 2,477633 2,628516 3,060755 3,46716 3,750185 4,031018 4,334545 4,611065 4,913049 5,243763 5,771075 6,148593 6,505705 6,842237 7,124993 7,404959 7,686386 7,967265 8,275285 8,529114 8,832036 
[ e ;  jungle26 ; breaker: 1,0 ] --> 0 0,005606234 0,0005338192 0,3522657 0,2565415 0,2126839 0,2423668 0,3014836 0,1392453 0,04283953 0,02981448 0,04898214 0,2354555 0,2889347 0,2769513 0,05623722 0,1489248 0,04859352 0,1357055 0,08223677 0,03499317 0,164959 0,01361418 0,1672645 0,035285 0,02911377 
Absolute Error Mean: 0,1288705

[ p ;  jungle26 ; breaker: 1,0 ] --> 0,2 0,5 0,76 1,37 1,93 2,24 2,72 2,93 3,2 3,51 3,78 4,08 4,57 4,9 5,19 5,3 5,92 6,1 6,37 6,76 7,09 7,24 7,7 7,8 8,24 8,5 
[ s ;  jungle26 ; breaker: 1,0 ] --> 0,2 0,5262151 0,8817152 1,494159 1,97549 2,389423 2,797301 2,950268 3,435542 3,813392 4,093305 4,400166 4,682982 5,012005 5,420795 5,603434 6,115922 6,545732 6,979896 7,33885 7,697756 7,951403 8,209161 8,541965 8,796283 9,074783 9,302962 
[ e ;  jungle26 ; breaker: 1,0 ] --> 0 0,02621514 0,1217152 0,1241592 0,04549015 0,1494229 0,07730055 0,0202682 0,2355418 0,3033919 0,3133047 0,3201661 0,1129823 0,1120052 0,2307949 0,3034334 0,1959224 0,4457321 0,6098957 0,5788493 0,6077561 0,7114034 0,509161 0,7419643 0,556283 0,5747833 
Absolute Error Mean: 0,308767

[ p ;  jungle26 ; breaker: 1,0 ] --> 0,2 0,5 0,76 1,37 1,93 2,24 2,72 2,93 3,2 3,51 3,78 4,08 4,57 4,9 5,19 5,3 5,92 6,1 6,37 6,76 7,09 7,24 7,7 7,8 8,24 8,5 
[ s ;  jungle26 ; breaker: 1,0 ] --> 0,2 0,5298593 0,8110054 1,401309 1,93928 2,268345 2,697075 2,851468 3,310374 3,640568 3,94598 4,227928 4,509278 4,815233 5,203656 5,460164 6,050973 6,385135 6,716679 6,998567 7,305377 7,612922 7,921921 8,230772 8,486702 8,766728 9,050225 
[ e ;  jungle26 ; breaker: 1,0 ] --> 0 0,0298593 0,05100542 0,03130937 0,009280086 0,02834511 0,02292466 0,07853198 0,1103737 0,1305678 0,1659803 0,1479278 0,06072235 0,08476686 0,01365566 0,1601634 0,1309729 0,2851348 0,3466787 0,2385664 0,2153773 0,3729219 0,2219214 0,4307718 0,2467022 0,2667284 
Absolute Error Mean: 0,1492765

[ p ;  jungle4 ; breaker: 1,0 ] --> 0,2 0,5 0,76 1,37 1,93 2,24 2,72 2,93 3,2 3,51 3,78 4,08 4,57 4,9 5,19 5,3 5,92 6,1 6,37 6,76 7,09 7,24 7,7 7,8 8,24 8,5 

NEW RESULT

[ p ;  jungle4 ; breaker: 1,0 ] --> 0,2 0,5 0,76 1,37 

NEW RESULT

[ p ;  jungle4 ; breaker: 1,0 ] --> 0,2 0,5 0,76 1,37 
[ b ;  jungle4 ; breaker: 1,0 ] --> 
[ e ;  jungle4 ; breaker: 1,0 ] --> 
Absolute Error Mean: 0,7075

[ p ;  jungle4 ; breaker: 1,0 ] --> 0,2 0,5 0,76 1,37 
[ b ;  jungle4 ; breaker: 1,0 ] --> 
[ e ;  jungle4 ; breaker: 1,0 ] --> 
Absolute Error Mean: 0,7075

[ p ;  jungle4 ; breaker: 1,0 ] --> 0,2 0,5 0,76 1,37 
[ s ;  jungle4 ; breaker: 1,0 ] --> 
[ e ;  jungle4 ; breaker: 1,0 ] --> 
Absolute Error Mean: 0,7075

[ p ;  jungle4 ; breaker: 1,0 ] --> 0,2 0,5 0,76 1,37 
[ s ;  jungle4 ; breaker: 1,0 ] --> 
[ e ;  jungle4 ; breaker: 1,0 ] --> 
Absolute Error Mean: 0,7075

[ p ;  jungle8 ; breaker: 1,0 ] --> 0,2 0,5 0,76 1,37 
[ b ;  jungle8 ; breaker: 1,0 ] --> 
[ e ;  jungle8 ; breaker: 1,0 ] --> 
Absolute Error Mean: 0,7075

[ p ;  jungle8 ; breaker: 1,0 ] --> 0,2 0,5 0,76 1,37 1,93 2,24 2,72 2,93 
[ b ;  jungle8 ; breaker: 1,0 ] --> 
[ e ;  jungle8 ; breaker: 1,0 ] --> 
Absolute Error Mean: 1,58125

[ p ;  jungle8 ; breaker: 1,0 ] --> 0,2 0,5 0,76 1,37 1,93 2,24 2,72 2,93 
[ b ;  jungle8 ; breaker: 1,0 ] --> 
[ e ;  jungle8 ; breaker: 1,0 ] --> 
Absolute Error Mean: 1,58125

[ p ;  jungle8 ; breaker: 1,0 ] --> 0,2 0,5 0,76 1,37 1,93 2,24 2,72 2,93 
[ b ;  jungle8 ; breaker: 1,0 ] --> 
[ e ;  jungle8 ; breaker: 1,0 ] --> 
Absolute Error Mean: 1,58125

[ p ;  jungle8 ; breaker: 1,0 ] --> 0,2 0,5 0,76 1,37 1,93 2,24 2,72 2,93 
[ b ;  jungle8 ; breaker: 1,0 ] --> 
[ e ;  jungle8 ; breaker: 1,0 ] --> 
Absolute Error Mean: 1,58125

[ p ;  jungle8 ; breaker: 1,0 ] --> 0,2 0,5 0,76 1,37 1,93 2,24 2,72 2,93 
[ b ;  jungle8 ; breaker: 1,0 ] --> 
[ e ;  jungle8 ; breaker: 1,0 ] --> 
Absolute Error Mean: 1,58125

[ p ;  jungle8 ; breaker: 1,0 ] --> 0,2 0,5 0,76 1,37 1,93 2,24 2,72 2,93 
[ b ;  jungle8 ; breaker: 1,0 ] --> 
[ e ;  jungle8 ; breaker: 1,0 ] --> 
Absolute Error Mean: 1,58125

[ p ;  jungle8 ; breaker: 1,0 ] --> 0,2 0,5 0,76 1,37 1,93 2,24 2,72 2,93 
[ b ;  jungle8 ; breaker: 1,0 ] --> 
[ e ;  jungle8 ; breaker: 1,0 ] --> 
Absolute Error Mean: 1,58125

[ p ;  jungle8 ; breaker: 1,0 ] --> 0,2 0,5 0,76 1,37 1,93 2,24 2,72 2,93 
[ b ;  jungle8 ; breaker: 1,0 ] --> 
[ e ;  jungle8 ; breaker: 1,0 ] --> 
Absolute Error Mean: 1,58125

[ p ;  jungle8 ; breaker: 1,0 ] --> 0,2 0,5 0,76 1,37 1,93 2,24 2,72 2,93 
[ b ;  jungle8 ; breaker: 1,0 ] --> 
[ e ;  jungle8 ; breaker: 1,0 ] --> 
Absolute Error Mean: 1,58125

[ p ;  jungle16 ; breaker: 1,0 ] --> 0,2 0,5 0,76 1,37 1,93 2,24 2,72 2,93 
[ s ;  jungle16 ; breaker: 1,0 ] --> 
[ e ;  jungle16 ; breaker: 1,0 ] --> 
Absolute Error Mean: 1,58125

[ p ;  jungle16 ; breaker: 1,0 ] --> 0,2 0,5 0,76 1,37 1,93 2,24 2,72 2,93 3,2 3,51 3,78 4,08 4,57 4,9 5,19 5,3 
[ s ;  jungle16 ; breaker: 1,0 ] --> 
[ e ;  jungle16 ; breaker: 1,0 ] --> 
Absolute Error Mean: 2,94875

[ p ;  jungle16 ; breaker: 1,0 ] --> 0,2 0,5 0,76 1,37 1,93 2,24 2,72 2,93 3,2 3,51 3,78 4,08 4,57 4,9 5,19 5,3 
[ s ;  jungle16 ; breaker: 1,0 ] --> 
[ e ;  jungle16 ; breaker: 1,0 ] --> 
Absolute Error Mean: 2,94875

[ p ;  jungle16 ; breaker: 1,0 ] --> 0,2 0,5 0,76 1,37 1,93 2,24 2,72 2,93 3,2 3,51 3,78 4,08 4,57 4,9 5,19 5,3 
[ s ;  jungle16 ; breaker: 1,0 ] --> 
[ e ;  jungle16 ; breaker: 1,0 ] --> 
Absolute Error Mean: 2,94875

[ p ;  jungle16 ; breaker: 1,0 ] --> 0,2 0,5 0,76 1,37 1,93 2,24 2,72 2,93 3,2 3,51 3,78 4,08 4,57 4,9 5,19 5,3 
[ s ;  jungle16 ; breaker: 1,0 ] --> 
[ e ;  jungle16 ; breaker: 1,0 ] --> 
Absolute Error Mean: 2,94875

[ p ;  jungle16 ; breaker: 1,0 ] --> 0,2 0,5 0,76 1,37 1,93 2,24 2,72 2,93 3,2 3,51 3,78 4,08 4,57 4,9 5,19 5,3 
[ s ;  jungle16 ; breaker: 1,0 ] --> 
[ e ;  jungle16 ; breaker: 1,0 ] --> 
Absolute Error Mean: 2,94875

[ p ;  jungle16 ; breaker: 1,0 ] --> 0,2 0,5 0,76 1,37 1,93 2,24 2,72 2,93 3,2 3,51 3,78 4,08 4,57 4,9 5,19 5,3 
[ s ;  jungle16 ; breaker: 1,0 ] --> 
[ e ;  jungle16 ; breaker: 1,0 ] --> 
Absolute Error Mean: 2,94875

[ p ;  jungle16 ; breaker: 1,0 ] --> 0,2 0,5 0,76 1,37 1,93 2,24 2,72 2,93 3,2 3,51 3,78 4,08 4,57 4,9 5,19 5,3 
[ s ;  jungle16 ; breaker: 1,0 ] --> 
[ e ;  jungle16 ; breaker: 1,0 ] --> 
Absolute Error Mean: 2,94875

[ p ;  jungle16 ; breaker: 1,0 ] --> 0,2 0,5 0,76 1,37 1,93 2,24 2,72 2,93 3,2 3,51 3,78 4,08 4,57 4,9 5,19 5,3 
[ s ;  jungle16 ; breaker: 1,0 ] --> 
[ e ;  jungle16 ; breaker: 1,0 ] --> 
Absolute Error Mean: 2,94875

[ p ;  jungle16 ; breaker: 1,0 ] --> 0,2 0,5 0,76 1,37 1,93 2,24 2,72 2,93 3,2 3,51 3,78 4,08 4,57 4,9 5,19 5,3 
[ s ;  jungle16 ; breaker: 1,0 ] --> 
[ e ;  jungle16 ; breaker: 1,0 ] --> 
Absolute Error Mean: 2,94875

[ p ;  jungle16 ; breaker: 1,0 ] --> 0,2 0,5 0,76 1,37 1,93 2,24 2,72 2,93 3,2 3,51 3,78 4,08 4,57 4,9 5,19 5,3 
[ b ;  jungle16 ; breaker: 1,0 ] --> 0,2 0,4199412 0,566248 0,7141943 0,903549 1,110922 
[ e ;  jungle16 ; breaker: 1,0 ] --> 0 0,08005884 0,193752 0,6558057 1,026451 1,129078 
Absolute Error Mean: 2,704072

[ p ;  jungle16 ; breaker: 1,0 ] --> 0,2 0,5 0,76 1,37 1,93 2,24 2,72 2,93 3,2 3,51 3,78 4,08 4,57 4,9 5,19 5,3 
[ b ;  jungle16 ; breaker: 1,0 ] --> 
[ e ;  jungle16 ; breaker: 1,0 ] --> 
Absolute Error Mean: 2,94875

[ p ;  jungle16 ; breaker: 1,0 ] --> 0,2 0,5 0,76 1,37 1,93 2,24 2,72 2,93 3,2 3,51 3,78 4,08 4,57 4,9 5,19 5,3 
[ b ;  jungle16 ; breaker: 1,0 ] --> 
[ e ;  jungle16 ; breaker: 1,0 ] --> 
Absolute Error Mean: 2,94875

[ p ;  jungle16 ; breaker: 1,0 ] --> 0,2 0,5 0,76 1,37 1,93 2,24 2,72 2,93 3,2 3,51 3,78 4,08 4,57 4,9 5,19 5,3 
[ b ;  jungle16 ; breaker: 1,0 ] --> 
[ e ;  jungle16 ; breaker: 1,0 ] --> 
Absolute Error Mean: 2,94875

[ p ;  jungle16 ; breaker: 1,0 ] --> 0,2 0,5 0,76 1,37 1,93 2,24 2,72 2,93 3,2 3,51 3,78 4,08 4,57 4,9 5,19 5,3 
[ b ;  jungle16 ; breaker: 1,0 ] --> 
[ e ;  jungle16 ; breaker: 1,0 ] --> 
Absolute Error Mean: 2,94875

[ p ;  jungle16 ; breaker: 1,0 ] --> 0,2 0,5 0,76 1,37 1,93 2,24 2,72 2,93 3,2 3,51 3,78 4,08 4,57 4,9 5,19 5,3 
[ b ;  jungle16 ; breaker: 1,0 ] --> 
[ e ;  jungle16 ; breaker: 1,0 ] --> 
Absolute Error Mean: 2,94875

[ p ;  jungle16 ; breaker: 1,0 ] --> 0,2 0,5 0,76 1,37 1,93 2,24 2,72 2,93 3,2 3,51 3,78 4,08 4,57 4,9 5,19 5,3 
[ b ;  jungle16 ; breaker: 1,0 ] --> 
[ e ;  jungle16 ; breaker: 1,0 ] --> 
Absolute Error Mean: 2,94875

[ p ;  jungle16 ; breaker: 1,0 ] --> 0,2 0,5 0,76 1,37 1,93 2,24 2,72 2,93 3,2 3,51 3,78 4,08 4,57 4,9 5,19 5,3 
[ b ;  jungle16 ; breaker: 1,0 ] --> 
[ e ;  jungle16 ; breaker: 1,0 ] --> 
Absolute Error Mean: 2,94875

[ p ;  jungle16 ; breaker: 1,0 ] --> 0,2 0,5 0,76 1,37 1,93 2,24 2,72 2,93 3,2 3,51 3,78 4,08 4,57 4,9 5,19 5,3 
[ b ;  jungle16 ; breaker: 1,0 ] --> 
[ e ;  jungle16 ; breaker: 1,0 ] --> 
Absolute Error Mean: 2,94875

[ p ;  jungle16 ; breaker: 1,0 ] --> 0,2 0,5 0,76 1,37 1,93 2,24 2,72 2,93 3,2 3,51 3,78 4,08 4,57 4,9 5,19 5,3 
[ b ;  jungle16 ; breaker: 1,0 ] --> 
[ e ;  jungle16 ; breaker: 1,0 ] --> 
Absolute Error Mean: 2,94875

[ p ;  jungle26 ; breaker: 1,0 ] --> 0,2 0,5 0,76 1,37 1,93 2,24 2,72 2,93 3,2 3,51 3,78 4,08 4,57 4,9 5,19 5,3 
[ b ;  jungle26 ; breaker: 1,0 ] --> 
[ e ;  jungle26 ; breaker: 1,0 ] --> 
Absolute Error Mean: 2,94875

[ p ;  jungle26 ; breaker: 1,0 ] --> 0,2 0,5 0,76 1,37 1,93 2,24 2,72 2,93 3,2 3,51 3,78 4,08 4,57 4,9 5,19 5,3 
[ b ;  jungle26 ; breaker: 1,0 ] --> 0,2 0,3651758 0,5302812 0,6840092 0,8481995 0,9964585 1,144 1,2964 1,452519 1,5937 1,724855 1,891075 2,036817 2,157449 2,304932 2,434831 2,59756 2,762198 2,910862 3,097594 3,339169 
[ e ;  jungle26 ; breaker: 1,0 ] --> 0 0,1348242 0,2297188 0,6859908 1,0818 1,243541 1,576 1,6336 1,747481 1,9163 2,055145 2,188925 2,533184 2,742551 2,885068 2,865169 
Absolute Error Mean: 1,594956

[ p ;  jungle26 ; breaker: 1,0 ] --> 0,2 0,5 0,76 1,37 1,93 2,24 2,72 2,93 3,2 3,51 3,78 4,08 4,57 4,9 5,19 5,3 5,92 6,1 6,37 6,76 7,09 7,24 7,7 7,8 8,24 8,5 
[ b ;  jungle26 ; breaker: 1,0 ] --> 
[ e ;  jungle26 ; breaker: 1,0 ] --> 
Absolute Error Mean: 4,573077

[ p ;  jungle26 ; breaker: 1,0 ] --> 0,2 0,5 0,76 1,37 1,93 2,24 2,72 2,93 3,2 3,51 3,78 4,08 4,57 4,9 5,19 5,3 5,92 6,1 6,37 6,76 7,09 7,24 7,7 7,8 8,24 8,5 
[ b ;  jungle26 ; breaker: 1,0 ] --> 
[ e ;  jungle26 ; breaker: 1,0 ] --> 
Absolute Error Mean: 4,573077

[ p ;  jungle26 ; breaker: 1,0 ] --> 0,2 0,5 0,76 1,37 1,93 2,24 2,72 2,93 3,2 3,51 3,78 4,08 4,57 4,9 5,19 5,3 5,92 6,1 6,37 6,76 7,09 7,24 7,7 7,8 8,24 8,5 
[ b ;  jungle26 ; breaker: 1,0 ] --> 
[ e ;  jungle26 ; breaker: 1,0 ] --> 
Absolute Error Mean: 4,573077

[ p ;  jungle26 ; breaker: 1,0 ] --> 0,2 0,5 0,76 1,37 1,93 2,24 2,72 2,93 3,2 3,51 3,78 4,08 4,57 4,9 5,19 5,3 5,92 6,1 6,37 6,76 7,09 7,24 7,7 7,8 8,24 8,5 
[ b ;  jungle26 ; breaker: 1,0 ] --> 
[ e ;  jungle26 ; breaker: 1,0 ] --> 
Absolute Error Mean: 4,573077

[ p ;  jungle26 ; breaker: 1,0 ] --> 0,2 0,5 0,76 1,37 1,93 2,24 2,72 2,93 3,2 3,51 3,78 4,08 4,57 4,9 5,19 5,3 5,92 6,1 6,37 6,76 7,09 7,24 7,7 7,8 8,24 8,5 
[ b ;  jungle26 ; breaker: 1,0 ] --> 
[ e ;  jungle26 ; breaker: 1,0 ] --> 
Absolute Error Mean: 4,573077

[ p ;  jungle26 ; breaker: 1,0 ] --> 0,2 0,5 0,76 1,37 1,93 2,24 2,72 2,93 3,2 3,51 3,78 4,08 4,57 4,9 5,19 5,3 5,92 6,1 6,37 6,76 7,09 7,24 7,7 7,8 8,24 8,5 
[ b ;  jungle26 ; breaker: 1,0 ] --> 
[ e ;  jungle26 ; breaker: 1,0 ] --> 
Absolute Error Mean: 4,573077

[ p ;  jungle26 ; breaker: 1,0 ] --> 0,2 0,5 0,76 1,37 1,93 2,24 2,72 2,93 3,2 3,51 3,78 4,08 4,57 4,9 5,19 5,3 5,92 6,1 6,37 6,76 7,09 7,24 7,7 7,8 8,24 8,5 
[ b ;  jungle26 ; breaker: 1,0 ] --> 
[ e ;  jungle26 ; breaker: 1,0 ] --> 
Absolute Error Mean: 4,573077

[ p ;  jungle26 ; breaker: 1,0 ] --> 0,2 0,5 0,76 1,37 1,93 2,24 2,72 2,93 3,2 3,51 3,78 4,08 4,57 4,9 5,19 5,3 5,92 6,1 6,37 6,76 7,09 7,24 7,7 7,8 8,24 8,5 
[ b ;  jungle26 ; breaker: 1,0 ] --> 
[ e ;  jungle26 ; breaker: 1,0 ] --> 
Absolute Error Mean: 4,573077

[ p ;  jungle8 ; breaker: 1,0 ] --> 0,2 0,5 0,76 1,37 1,93 2,24 2,72 2,93 3,2 3,51 3,78 4,08 4,57 4,9 5,19 5,3 5,92 6,1 6,37 6,76 7,09 7,24 7,7 7,8 8,24 8,5 
[ s ;  jungle8 ; breaker: 1,0 ] --> 
[ e ;  jungle8 ; breaker: 1,0 ] --> 
Absolute Error Mean: 4,573077

[ p ;  jungle8 ; breaker: 1,0 ] --> 0,2 0,5 0,76 1,37 1,93 2,24 2,72 2,93 3,2 3,51 3,78 4,08 4,57 4,9 5,19 5,3 5,92 6,1 6,37 6,76 7,09 7,24 7,7 7,8 8,24 8,5 
[ s ;  jungle8 ; breaker: 1,0 ] --> 
[ e ;  jungle8 ; breaker: 1,0 ] --> 
Absolute Error Mean: 4,573077

[ p ;  jungle8 ; breaker: 1,0 ] --> 0,2 0,5 0,76 1,37 1,93 2,24 2,72 2,93 
[ s ;  jungle8 ; breaker: 1,0 ] --> 0,2 0,3905108 0,5666662 0,7416813 0,9292413 1,125689 
[ e ;  jungle8 ; breaker: 1,0 ] --> 0 0,1094892 0,1933337 0,6283187 1,000759 1,114311 
Absolute Error Mean: 1,087026

[ p ;  jungle8 ; breaker: 1,0 ] --> 0,2 0,5 0,76 1,37 1,93 2,24 2,72 2,93 
[ s ;  jungle8 ; breaker: 1,0 ] --> 
[ e ;  jungle8 ; breaker: 1,0 ] --> 
Absolute Error Mean: 1,58125

[ p ;  jungle8 ; breaker: 1,0 ] --> 0,2 0,5 0,76 1,37 1,93 2,24 2,72 2,93 
[ s ;  jungle8 ; breaker: 1,0 ] --> 
[ e ;  jungle8 ; breaker: 1,0 ] --> 
Absolute Error Mean: 1,58125

[ p ;  jungle8 ; breaker: 1,0 ] --> 0,2 0,5 0,76 1,37 1,93 2,24 2,72 2,93 
[ s ;  jungle8 ; breaker: 1,0 ] --> 
[ e ;  jungle8 ; breaker: 1,0 ] --> 
Absolute Error Mean: 1,58125

[ p ;  jungle8 ; breaker: 1,0 ] --> 0,2 0,5 0,76 1,37 1,93 2,24 2,72 2,93 
[ s ;  jungle8 ; breaker: 1,0 ] --> 
[ e ;  jungle8 ; breaker: 1,0 ] --> 
Absolute Error Mean: 1,58125

[ p ;  jungle8 ; breaker: 1,0 ] --> 0,2 0,5 0,76 1,37 1,93 2,24 2,72 2,93 
[ s ;  jungle8 ; breaker: 1,0 ] --> 
[ e ;  jungle8 ; breaker: 1,0 ] --> 
Absolute Error Mean: 1,58125

[ p ;  jungle8 ; breaker: 1,0 ] --> 0,2 0,5 0,76 1,37 1,93 2,24 2,72 2,93 
[ s ;  jungle8 ; breaker: 1,0 ] --> 
[ e ;  jungle8 ; breaker: 1,0 ] --> 
Absolute Error Mean: 1,58125

[ p ;  jungle8 ; breaker: 1,0 ] --> 0,2 0,5 0,76 1,37 1,93 2,24 2,72 2,93 
[ s ;  jungle8 ; breaker: 1,0 ] --> 
[ e ;  jungle8 ; breaker: 1,0 ] --> 
Absolute Error Mean: 1,58125

[ p ;  jungle26 ; breaker: 1,0 ] --> 0,2 0,5 0,76 1,37 1,93 2,24 2,72 2,93 
[ s ;  jungle26 ; breaker: 1,0 ] --> 
[ e ;  jungle26 ; breaker: 1,0 ] --> 
Absolute Error Mean: 1,58125

[ p ;  jungle26 ; breaker: 1,0 ] --> 0,2 0,5 0,76 1,37 1,93 2,24 2,72 2,93 
[ s ;  jungle26 ; breaker: 1,0 ] --> 
[ e ;  jungle26 ; breaker: 1,0 ] --> 
Absolute Error Mean: 1,58125

[ p ;  jungle26 ; breaker: 1,0 ] --> 0,2 0,5 0,76 1,37 1,93 2,24 2,72 2,93 
[ s ;  jungle26 ; breaker: 1,0 ] --> 
[ e ;  jungle26 ; breaker: 1,0 ] --> 
Absolute Error Mean: 1,58125

[ p ;  jungle26 ; breaker: 1,0 ] --> 0,2 0,5 0,76 1,37 1,93 2,24 2,72 2,93 3,2 3,51 3,78 4,08 4,57 4,9 5,19 5,3 5,92 6,1 6,37 6,76 7,09 7,24 7,7 7,8 8,24 8,5 

NEW RESULT

[ p ;  jungle4 ; breaker: 1,0 ] --> 0,2 0,5 0,76 1,37 
[ b ;  jungle4 ; breaker: 1,0 ] --> 0,2 0,7056782 
[ e ;  jungle4 ; breaker: 1,0 ] --> 0 0,2056782 
Absolute Error Mean: 0,5839195

[ p ;  jungle4 ; breaker: 1,0 ] --> 0,2 0,5 0,76 1,37 
[ b ;  jungle4 ; breaker: 1,0 ] --> 
[ e ;  jungle4 ; breaker: 1,0 ] --> 
Absolute Error Mean: 0,7075

[ p ;  jungle4 ; breaker: 1,0 ] --> 0,2 0,5 0,76 1,37 
[ s ;  jungle4 ; breaker: 1,0 ] --> 0,2 0,5244081 
[ e ;  jungle4 ; breaker: 1,0 ] --> 0 0,0244081 
Absolute Error Mean: 0,538602

[ p ;  jungle4 ; breaker: 1,0 ] --> 0,2 0,5 0,76 1,37 
[ s ;  jungle4 ; breaker: 1,0 ] --> 
[ e ;  jungle4 ; breaker: 1,0 ] --> 
Absolute Error Mean: 0,7075

[ p ;  jungle8 ; breaker: 1,0 ] --> 0,2 0,5 0,76 1,37 
[ b ;  jungle8 ; breaker: 1,0 ] --> 
[ e ;  jungle8 ; breaker: 1,0 ] --> 
Absolute Error Mean: 0,7075

[ p ;  jungle8 ; breaker: 1,0 ] --> 0,2 0,5 0,76 1,37 
[ b ;  jungle8 ; breaker: 1,0 ] --> 0,2 0,5096232 0,7259374 0,9097742 1,071294 1,272974 1,498887 
[ e ;  jungle8 ; breaker: 1,0 ] --> 0 0,00962317 0,03406256 0,4602258 
Absolute Error Mean: 0,1259779

[ p ;  jungle8 ; breaker: 1,0 ] --> 0,2 0,5 0,76 1,37 1,93 2,24 2,72 2,93 
[ b ;  jungle8 ; breaker: 1,0 ] --> 
[ e ;  jungle8 ; breaker: 1,0 ] --> 
Absolute Error Mean: 1,58125

[ p ;  jungle8 ; breaker: 1,0 ] --> 0,2 0,5 0,76 1,37 1,93 2,24 2,72 2,93 
[ b ;  jungle8 ; breaker: 1,0 ] --> 
[ e ;  jungle8 ; breaker: 1,0 ] --> 
Absolute Error Mean: 1,58125

[ p ;  jungle8 ; breaker: 1,0 ] --> 0,2 0,5 0,76 1,37 1,93 2,24 2,72 2,93 
[ b ;  jungle8 ; breaker: 1,0 ] --> 
[ e ;  jungle8 ; breaker: 1,0 ] --> 
Absolute Error Mean: 1,58125

[ p ;  jungle8 ; breaker: 1,0 ] --> 0,2 0,5 0,76 1,37 1,93 2,24 2,72 2,93 
[ b ;  jungle8 ; breaker: 1,0 ] --> 
[ e ;  jungle8 ; breaker: 1,0 ] --> 
Absolute Error Mean: 1,58125

[ p ;  jungle8 ; breaker: 1,0 ] --> 0,2 0,5 0,76 1,37 1,93 2,24 2,72 2,93 
[ b ;  jungle8 ; breaker: 1,0 ] --> 
[ e ;  jungle8 ; breaker: 1,0 ] --> 
Absolute Error Mean: 1,58125

[ p ;  jungle8 ; breaker: 1,0 ] --> 0,2 0,5 0,76 1,37 1,93 2,24 2,72 2,93 
[ b ;  jungle8 ; breaker: 1,0 ] --> 
[ e ;  jungle8 ; breaker: 1,0 ] --> 
Absolute Error Mean: 1,58125

[ p ;  jungle8 ; breaker: 1,0 ] --> 0,2 0,5 0,76 1,37 1,93 2,24 2,72 2,93 
[ b ;  jungle8 ; breaker: 1,0 ] --> 
[ e ;  jungle8 ; breaker: 1,0 ] --> 
Absolute Error Mean: 1,58125

[ p ;  jungle8 ; breaker: 1,0 ] --> 0,2 0,5 0,76 1,37 1,93 2,24 2,72 2,93 
[ b ;  jungle8 ; breaker: 1,0 ] --> 
[ e ;  jungle8 ; breaker: 1,0 ] --> 
Absolute Error Mean: 1,58125

[ p ;  jungle16 ; breaker: 1,0 ] --> 0,2 0,5 0,76 1,37 1,93 2,24 2,72 2,93 

NEW RESULT

[ p ;  jungle4 ; breaker: 1,0 ] --> 0,2 0,5 0,76 1,37 
[ b ;  jungle4 ; breaker: 1,0 ] --> 0,2 0,4825541 0,7489232 1,209872 
[ e ;  jungle4 ; breaker: 1,0 ] --> 0 0,01744586 0,01107675 0,1601278 
Absolute Error Mean: 0,04716259

[ p ;  jungle4 ; breaker: 1,0 ] --> 0,2 0,5 0,76 1,37 
[ b ;  jungle4 ; breaker: 1,0 ] --> 0,2 0,4661489 0,7212734 1,33465 
[ e ;  jungle4 ; breaker: 1,0 ] --> 0 0,03385109 0,03872663 0,0353502 
Absolute Error Mean: 0,02698198

[ p ;  jungle4 ; breaker: 1,0 ] --> 0,2 0,5 0,76 1,37 
[ s ;  jungle4 ; breaker: 1,0 ] --> 0,2 0,8132732 1,322959 1,980304 
[ e ;  jungle4 ; breaker: 1,0 ] --> 0 0,3132732 0,5629594 0,610304 
Absolute Error Mean: 0,3716342

[ p ;  jungle4 ; breaker: 1,0 ] --> 0,2 0,5 0,76 1,37 
[ s ;  jungle4 ; breaker: 1,0 ] --> 0,2 0,4229393 0,7464029 1,273199 
[ e ;  jungle4 ; breaker: 1,0 ] --> 0 0,07706073 0,01359707 0,0968014 
Absolute Error Mean: 0,0468648

[ p ;  jungle8 ; breaker: 1,0 ] --> 0,2 0,5 0,76 1,37 
[ b ;  jungle8 ; breaker: 1,0 ] --> 0,2 0,3567332 0,6809856 0,9474574 1,416754 1,73024 1,989843 2,335849 
[ e ;  jungle8 ; breaker: 1,0 ] --> 0 0,1432668 0,07901436 0,4225426 
Absolute Error Mean: 0,1612059

[ p ;  jungle8 ; breaker: 1,0 ] --> 0,2 0,5 0,76 1,37 1,93 2,24 2,72 2,93 
[ b ;  jungle8 ; breaker: 1,0 ] --> 
[ e ;  jungle8 ; breaker: 1,0 ] --> 
Absolute Error Mean: 1,58125

[ p ;  jungle8 ; breaker: 1,0 ] --> 0,2 0,5 0,76 1,37 1,93 2,24 2,72 2,93 
[ b ;  jungle8 ; breaker: 1,0 ] --> 
[ e ;  jungle8 ; breaker: 1,0 ] --> 
Absolute Error Mean: 1,58125

[ p ;  jungle8 ; breaker: 1,0 ] --> 0,2 0,5 0,76 1,37 1,93 2,24 2,72 2,93 
[ b ;  jungle8 ; breaker: 1,0 ] --> 
[ e ;  jungle8 ; breaker: 1,0 ] --> 
Absolute Error Mean: 1,58125

[ p ;  jungle8 ; breaker: 1,0 ] --> 0,2 0,5 0,76 1,37 1,93 2,24 2,72 2,93 
[ b ;  jungle8 ; breaker: 1,0 ] --> 
[ e ;  jungle8 ; breaker: 1,0 ] --> 
Absolute Error Mean: 1,58125

[ p ;  jungle8 ; breaker: 1,0 ] --> 0,2 0,5 0,76 1,37 1,93 2,24 2,72 2,93 
[ b ;  jungle8 ; breaker: 1,0 ] --> 
[ e ;  jungle8 ; breaker: 1,0 ] --> 
Absolute Error Mean: 1,58125

[ p ;  jungle8 ; breaker: 1,0 ] --> 0,2 0,5 0,76 1,37 1,93 2,24 2,72 2,93 
[ b ;  jungle8 ; breaker: 1,0 ] --> 
[ e ;  jungle8 ; breaker: 1,0 ] --> 
Absolute Error Mean: 1,58125

[ p ;  jungle8 ; breaker: 1,0 ] --> 0,2 0,5 0,76 1,37 1,93 2,24 2,72 2,93 
[ b ;  jungle8 ; breaker: 1,0 ] --> 
[ e ;  jungle8 ; breaker: 1,0 ] --> 
Absolute Error Mean: 1,58125

[ p ;  jungle8 ; breaker: 1,0 ] --> 0,2 0,5 0,76 1,37 1,93 2,24 2,72 2,93 
[ b ;  jungle8 ; breaker: 1,0 ] --> 
[ e ;  jungle8 ; breaker: 1,0 ] --> 
Absolute Error Mean: 1,58125

[ p ;  jungle8 ; breaker: 1,0 ] --> 0,2 0,5 0,76 1,37 1,93 2,24 2,72 2,93 
[ b ;  jungle8 ; breaker: 1,0 ] --> 
[ e ;  jungle8 ; breaker: 1,0 ] --> 
Absolute Error Mean: 1,58125

[ p ;  jungle16 ; breaker: 1,0 ] --> 0,2 0,5 0,76 1,37 1,93 2,24 2,72 2,93 
[ s ;  jungle16 ; breaker: 1,0 ] --> 
[ e ;  jungle16 ; breaker: 1,0 ] --> 
Absolute Error Mean: 1,58125

[ p ;  jungle16 ; breaker: 1,0 ] --> 0,2 0,5 0,76 1,37 1,93 2,24 2,72 2,93 

NEW RESULT

[ p ;  jungle4 ; breaker: 1,0 ] --> 0,2 0,5 0,76 1,37 
[ b ;  jungle4 ; breaker: 1,0 ] --> 
[ e ;  jungle4 ; breaker: 1,0 ] --> 
Absolute Error Mean: 0,7075

[ p ;  jungle4 ; breaker: 1,0 ] --> 0,2 0,5 0,76 1,37 
[ b ;  jungle4 ; breaker: 1,0 ] --> 
[ e ;  jungle4 ; breaker: 1,0 ] --> 
Absolute Error Mean: 0,7075

[ p ;  jungle4 ; breaker: 1,0 ] --> 0,2 0,5 0,76 1,37 
[ s ;  jungle4 ; breaker: 1,0 ] --> 
[ e ;  jungle4 ; breaker: 1,0 ] --> 
Absolute Error Mean: 0,7075

[ p ;  jungle4 ; breaker: 1,0 ] --> 0,2 0,5 0,76 1,37 
[ s ;  jungle4 ; breaker: 1,0 ] --> 
[ e ;  jungle4 ; breaker: 1,0 ] --> 
Absolute Error Mean: 0,7075

[ p ;  jungle8 ; breaker: 1,0 ] --> 0,2 0,5 0,76 1,37 
[ b ;  jungle8 ; breaker: 1,0 ] --> 
[ e ;  jungle8 ; breaker: 1,0 ] --> 
Absolute Error Mean: 0,7075

[ p ;  jungle8 ; breaker: 1,0 ] --> 0,2 0,5 0,76 1,37 
[ b ;  jungle8 ; breaker: 1,0 ] --> 
[ e ;  jungle8 ; breaker: 1,0 ] --> 
Absolute Error Mean: 0,7075

[ p ;  jungle8 ; breaker: 1,0 ] --> 0,2 0,5 0,76 1,37 
[ b ;  jungle8 ; breaker: 1,0 ] --> 
[ e ;  jungle8 ; breaker: 1,0 ] --> 
Absolute Error Mean: 0,7075

[ p ;  jungle8 ; breaker: 1,0 ] --> 0,2 0,5 0,76 1,37 
[ b ;  jungle8 ; breaker: 1,0 ] --> 
[ e ;  jungle8 ; breaker: 1,0 ] --> 
Absolute Error Mean: 0,7075

[ p ;  jungle8 ; breaker: 1,0 ] --> 0,2 0,5 0,76 1,37 
[ b ;  jungle8 ; breaker: 1,0 ] --> 
[ e ;  jungle8 ; breaker: 1,0 ] --> 
Absolute Error Mean: 0,7075

[ p ;  jungle8 ; breaker: 1,0 ] --> 0,2 0,5 0,76 1,37 
[ b ;  jungle8 ; breaker: 1,0 ] --> 
[ e ;  jungle8 ; breaker: 1,0 ] --> 
Absolute Error Mean: 0,7075

[ p ;  jungle8 ; breaker: 1,0 ] --> 0,2 0,5 0,76 1,37 1,93 2,24 2,72 2,93 
[ b ;  jungle8 ; breaker: 1,0 ] --> 
[ e ;  jungle8 ; breaker: 1,0 ] --> 
Absolute Error Mean: 1,58125

[ p ;  jungle8 ; breaker: 1,0 ] --> 0,2 0,5 0,76 1,37 1,93 2,24 2,72 2,93 
[ b ;  jungle8 ; breaker: 1,0 ] --> 
[ e ;  jungle8 ; breaker: 1,0 ] --> 
Absolute Error Mean: 1,58125

[ p ;  jungle8 ; breaker: 1,0 ] --> 0,2 0,5 0,76 1,37 1,93 2,24 2,72 2,93 
[ b ;  jungle8 ; breaker: 1,0 ] --> 
[ e ;  jungle8 ; breaker: 1,0 ] --> 
Absolute Error Mean: 1,58125

[ p ;  jungle8 ; breaker: 1,0 ] --> 0,2 0,5 0,76 1,37 1,93 2,24 2,72 2,93 
[ b ;  jungle8 ; breaker: 1,0 ] --> 
[ e ;  jungle8 ; breaker: 1,0 ] --> 
Absolute Error Mean: 1,58125

[ p ;  jungle16 ; breaker: 1,0 ] --> 0,2 0,5 0,76 1,37 1,93 2,24 2,72 2,93 
[ s ;  jungle16 ; breaker: 1,0 ] --> 
[ e ;  jungle16 ; breaker: 1,0 ] --> 
Absolute Error Mean: 1,58125

[ p ;  jungle16 ; breaker: 1,0 ] --> 0,2 0,5 0,76 1,37 1,93 2,24 2,72 2,93 
[ s ;  jungle16 ; breaker: 1,0 ] --> 0,2 0,4978546 0,8452236 1,373161 1,884206 2,262538 2,518017 2,684707 3,055103 3,292924 3,614566 3,923487 4,205815 4,455893 4,622623 9,602065 10,00343 10,45511 11,16058 11,67433 12,06958 12,43463 
[ e ;  jungle16 ; breaker: 1,0 ] --> 0 0,00214538 0,08522362 0,003161073 0,04579389 0,02253819 0,201983 0,2452934 
Absolute Error Mean: 0,07576731

[ p ;  jungle16 ; breaker: 1,0 ] --> 0,2 0,5 0,76 1,37 1,93 2,24 2,72 2,93 3,2 3,51 3,78 4,08 4,57 4,9 5,19 5,3 
[ s ;  jungle16 ; breaker: 1,0 ] --> 
[ e ;  jungle16 ; breaker: 1,0 ] --> 
Absolute Error Mean: 2,94875

[ p ;  jungle16 ; breaker: 1,0 ] --> 0,2 0,5 0,76 1,37 1,93 2,24 2,72 2,93 3,2 3,51 3,78 4,08 4,57 4,9 5,19 5,3 
[ s ;  jungle16 ; breaker: 1,0 ] --> 
[ e ;  jungle16 ; breaker: 1,0 ] --> 
Absolute Error Mean: 2,94875

[ p ;  jungle16 ; breaker: 1,0 ] --> 0,2 0,5 0,76 1,37 1,93 2,24 2,72 2,93 3,2 3,51 3,78 4,08 4,57 4,9 5,19 5,3 
[ s ;  jungle16 ; breaker: 1,0 ] --> 
[ e ;  jungle16 ; breaker: 1,0 ] --> 
Absolute Error Mean: 2,94875

[ p ;  jungle16 ; breaker: 1,0 ] --> 0,2 0,5 0,76 1,37 1,93 2,24 2,72 2,93 3,2 3,51 3,78 4,08 4,57 4,9 5,19 5,3 
[ s ;  jungle16 ; breaker: 1,0 ] --> 
[ e ;  jungle16 ; breaker: 1,0 ] --> 
Absolute Error Mean: 2,94875

[ p ;  jungle16 ; breaker: 1,0 ] --> 0,2 0,5 0,76 1,37 1,93 2,24 2,72 2,93 3,2 3,51 3,78 4,08 4,57 4,9 5,19 5,3 
[ s ;  jungle16 ; breaker: 1,0 ] --> 
[ e ;  jungle16 ; breaker: 1,0 ] --> 
Absolute Error Mean: 2,94875

[ p ;  jungle16 ; breaker: 1,0 ] --> 0,2 0,5 0,76 1,37 1,93 2,24 2,72 2,93 3,2 3,51 3,78 4,08 4,57 4,9 5,19 5,3 
[ s ;  jungle16 ; breaker: 1,0 ] --> 
[ e ;  jungle16 ; breaker: 1,0 ] --> 
Absolute Error Mean: 2,94875

[ p ;  jungle16 ; breaker: 1,0 ] --> 0,2 0,5 0,76 1,37 1,93 2,24 2,72 2,93 3,2 3,51 3,78 4,08 4,57 4,9 5,19 5,3 
[ s ;  jungle16 ; breaker: 1,0 ] --> 
[ e ;  jungle16 ; breaker: 1,0 ] --> 
Absolute Error Mean: 2,94875

[ p ;  jungle16 ; breaker: 1,0 ] --> 0,2 0,5 0,76 1,37 1,93 2,24 2,72 2,93 3,2 3,51 3,78 4,08 4,57 4,9 5,19 5,3 
[ s ;  jungle16 ; breaker: 1,0 ] --> 
[ e ;  jungle16 ; breaker: 1,0 ] --> 
Absolute Error Mean: 2,94875

[ p ;  jungle16 ; breaker: 1,0 ] --> 0,2 0,5 0,76 1,37 1,93 2,24 2,72 2,93 3,2 3,51 3,78 4,08 4,57 4,9 5,19 5,3 
[ b ;  jungle16 ; breaker: 1,0 ] --> 
[ e ;  jungle16 ; breaker: 1,0 ] --> 
Absolute Error Mean: 2,94875

[ p ;  jungle16 ; breaker: 1,0 ] --> 0,2 0,5 0,76 1,37 1,93 2,24 2,72 2,93 3,2 3,51 3,78 4,08 4,57 4,9 5,19 5,3 
[ b ;  jungle16 ; breaker: 1,0 ] --> 
[ e ;  jungle16 ; breaker: 1,0 ] --> 
Absolute Error Mean: 2,94875

[ p ;  jungle16 ; breaker: 1,0 ] --> 0,2 0,5 0,76 1,37 1,93 2,24 2,72 2,93 3,2 3,51 3,78 4,08 4,57 4,9 5,19 5,3 

NEW RESULT

[ p ;  jungle4 ; breaker: 1,0 ] --> 0,2 0,5 0,76 1,37 
[ b ;  jungle4 ; breaker: 1,0 ] --> 0,2 0,8004067 0,9667792 1,400001 
[ e ;  jungle4 ; breaker: 1,0 ] --> 0 0,3004067 0,2067792 0,03000081 
Absolute Error Mean: 0,1342967

[ p ;  jungle4 ; breaker: 1,0 ] --> 0,2 0,5 0,76 1,37 

NEW RESULT

[ p ;  jungle4 ; breaker: 1,0 ] --> 0,2 0,5 0,76 1,37 

NEW RESULT

[ p ;  jungle8 ; breaker: 1,0 ] --> 0,2 0,5 0,76 1,37 1,93 2,24 2,72 2,93 

NEW RESULT

[ p ;  jungle8 ; breaker: 1,0 ] --> 0,2 0,5 0,76 1,37 1,93 2,24 2,72 2,93 
[ s ;  jungle8 ; breaker: 1,0 ] --> 0,2 0,4409906 0,8487892 2,266901 2,542882 2,908974 3,487024 14,49501 
[ e ;  jungle8 ; breaker: 1,0 ] --> 0 0,0590094 0,08878917 0,8969008 0,6128825 0,6689737 0,7670238 11,56501 
Absolute Error Mean: 1,832324

[ p ;  jungle8 ; breaker: 1,0 ] --> 0,2 0,5 0,76 1,37 1,93 2,24 2,72 2,93 

NEW RESULT

[ p ;  jungle8 ; breaker: 1,0 ] --> 0,2 0,5 0,76 1,37 1,93 2,24 2,72 2,93 

NEW RESULT

[ p ;  jungle8 ; breaker: 1,0 ] --> 0,2 0,5 0,76 1,37 1,93 2,24 2,72 2,93 

NEW RESULT

[ p ;  jungle16 ; breaker: 1,0 ] --> 0,2 0,5 0,76 1,37 1,93 2,24 2,72 2,93 3,2 3,51 3,78 4,08 4,57 4,9 5,19 5,3 
[ b ;  jungle16 ; breaker: 1,0 ] --> 0,2 0,3633369 0,6484257 1,146338 1,345074 1,545549 1,788502 2,036437 6,476472 6,861209 7,412802 8,147912 8,788627 9,306624 9,8216 10,17094 10,72933 11,28295 11,66766 12,18967 12,88277 13,44341 13,95601 14,34759 
[ e ;  jungle16 ; breaker: 1,0 ] --> 0 0,1366631 0,1115743 0,2236624 0,5849255 0,6944515 0,9314982 0,8935635 3,276472 3,351209 3,632802 4,067912 4,218626 4,406624 4,6316 4,870943 
Absolute Error Mean: 2,252033

[ p ;  jungle16 ; breaker: 1,0 ] --> 0,2 0,5 0,76 1,37 1,93 2,24 2,72 2,93 3,2 3,51 3,78 4,08 4,57 4,9 5,19 5,3 
[ s ;  jungle16 ; breaker: 1,0 ] --> 0,2 0,5866467 0,9357432 1,609763 2,164135 2,633151 3,018925 3,230425 3,658441 4,040859 4,425789 4,847583 5,280264 5,628584 5,930415 6,186397 
[ e ;  jungle16 ; breaker: 1,0 ] --> 0 0,08664674 0,1757432 0,239763 0,234135 0,3931506 0,2989249 0,3004246 0,4584408 0,5308588 0,6457894 0,7675829 0,7102642 0,7285838 0,7404151 0,8863964 
Absolute Error Mean: 0,44982

[ p ;  jungle16 ; breaker: 1,0 ] --> 0,2 0,5 0,76 1,37 1,93 2,24 2,72 2,93 3,2 3,51 3,78 4,08 4,57 4,9 5,19 5,3 
[ b ;  jungle16 ; breaker: 1,0 ] --> 0,2 0,5393282 0,8797718 1,511769 2,070018 2,539623 2,963089 3,263137 3,774279 4,242262 4,756602 5,309848 5,775246 6,285705 6,709609 7,136364 
[ e ;  jungle16 ; breaker: 1,0 ] --> 0 0,03932822 0,1197718 0,1417689 0,1400179 0,2996235 0,2430894 0,3331366 0,5742786 0,7322624 0,9766023 1,229848 1,205246 1,385705 1,519608 1,836363 
Absolute Error Mean: 0,6735406

[ p ;  jungle16 ; breaker: 1,0 ] --> 0,2 0,5 0,76 1,37 1,93 2,24 2,72 2,93 3,2 3,51 3,78 4,08 4,57 4,9 5,19 5,3 
[ s ;  jungle16 ; breaker: 1,0 ] --> 0,2 0,5430269 0,8401625 1,558996 2,158329 2,580565 3,00764 3,261542 3,653276 4,033512 4,418814 4,80156 5,233839 5,58363 5,938628 6,156954 
[ e ;  jungle16 ; breaker: 1,0 ] --> 0 0,04302692 0,08016247 0,1889961 0,2283288 0,340565 0,2876401 0,3315418 0,4532757 0,5235121 0,6388137 0,72156 0,6638384 0,68363 0,7486277 0,8569536 
Absolute Error Mean: 0,4244045

[ p ;  jungle16 ; breaker: 1,0 ] --> 0,2 0,5 0,76 1,37 1,93 2,24 2,72 2,93 3,2 3,51 3,78 4,08 4,57 4,9 5,19 5,3 
[ b ;  jungle16 ; breaker: 1,0 ] --> 0,2 0,5486573 0,8525083 1,415676 1,975027 2,407401 3,021013 3,280526 3,894886 4,280602 4,629724 4,92794 5,309978 5,652057 6,033511 6,299019 6,101776 6,532449 6,915985 7,425125 8,148942 8,446751 8,741726 8,957072 9,33807 9,636477 10,0642 10,70449 11,00307 11,30411 11,69012 12,02773 
[ e ;  jungle16 ; breaker: 1,0 ] --> 0 0,0486573 0,09250832 0,04567623 0,04502738 0,1674008 0,301013 0,3505259 0,6948862 0,7706015 0,8497236 0,8479404 0,7399774 0,7520566 0,8435106 0,9990191 
Absolute Error Mean: 0,4717828

[ p ;  jungle16 ; breaker: 1,0 ] --> 0,2 0,5 0,76 1,37 1,93 2,24 2,72 2,93 3,2 3,51 3,78 4,08 4,57 4,9 5,19 5,3 
[ s ;  jungle16 ; breaker: 1,0 ] --> 0,2 0,536306 0,833315 1,384706 2,022771 2,404464 2,832599 3,004945 3,402284 3,756519 4,103539 4,453018 4,89321 5,197605 5,539162 5,749929 6,004892 6,372386 6,681191 7,289701 7,854156 8,253468 8,647935 8,862425 9,244139 9,556166 9,941224 10,21106 10,60134 10,95438 11,25369 11,4674 
[ e ;  jungle16 ; breaker: 1,0 ] --> 0 0,03630596 0,07331502 0,01470554 0,09277117 0,1644642 0,1125991 0,0749445 0,2022843 0,2465193 0,323539 0,3730183 0,3232102 0,297605 0,3491616 0,4499292 
Absolute Error Mean: 0,1958983

[ p ;  jungle16 ; breaker: 1,0 ] --> 0,2 0,5 0,76 1,37 1,93 2,24 2,72 2,93 3,2 3,51 3,78 4,08 4,57 4,9 5,19 5,3 
[ b ;  jungle16 ; breaker: 1,0 ] --> 0,2 0,4997008 0,8843506 1,313057 1,787672 2,131294 2,473234 2,732235 3,118797 3,379533 3,679847 3,937232 4,197087 4,464204 4,812235 5,247026 
[ e ;  jungle16 ; breaker: 1,0 ] --> 0 0,0002991855 0,1243506 0,0569433 0,1423281 0,1087055 0,2467659 0,1977651 0,08120275 0,1304674 0,1001527 0,1427677 0,3729134 0,4357963 0,3777652 0,05297375 
Absolute Error Mean: 0,1606998

[ p ;  jungle16 ; breaker: 1,0 ] --> 0,2 0,5 0,76 1,37 1,93 2,24 2,72 2,93 3,2 3,51 3,78 4,08 4,57 4,9 5,19 5,3 
[ s ;  jungle16 ; breaker: 1,0 ] --> 0,2 0,5047328 0,8141183 1,465031 2,07129 2,463276 2,850708 3,0708 3,593188 3,978269 4,335383 4,767163 5,112526 5,503396 5,861564 6,036054 
[ e ;  jungle16 ; breaker: 1,0 ] --> 0 0,004732847 0,05411834 0,09503114 0,1412896 0,2232761 0,1307075 0,1408 0,3931875 0,4682693 0,5553834 0,6871629 0,5425258 0,6033955 0,6715641 0,7360539 
Absolute Error Mean: 0,3404686

[ p ;  jungle16 ; breaker: 1,0 ] --> 0,2 0,5 0,76 1,37 1,93 2,24 2,72 2,93 3,2 3,51 3,78 4,08 4,57 4,9 5,19 5,3 
