b;0;0,04958513;0,1667061;0,1900463;
b;0;0,04264307;0,04593825;0,1180779;
s;0;0,002003551;0,1273923;0,08254576;
s;0;0,006086469;0,07828438;0,005020022;
s;0;0,005358994;0,0536353;0,2492813;
s;0;6,203695;6,272377;5,970719;6,122058;6,140088;6,042687;6,086029;6,404373;6,450134;6,560146;6,667682;6,711343;6,739365;6,802454;7,048565;7,026209;7,275576;7,408616;7,420693;7,497826;7,550438;7,699792;8,030634;7,969004;8,086626;
s;0;0,03119701;0,07897919;0,2012612;0,02186275;0,02347589;0,07638454;0,005987644;0,3897135;0,4600861;0,5438254;0,6511602;0,5984602;0,6740499;0,8170705;0,9366531;0,8471675;1,045511;1,155643;1,094733;1,121916;1,174394;1,245893;1,553673;1,442382;1,564407;
s;0;0,3623499;0,458896;0,2333702;0,1494159;0,2496033;0,2547321;0,2998347;0,5440996;0,6186841;0,7552688;0,8576999;0,8493781;0,9535837;1,098674;1,220232;1,112745;1,337772;1,473831;1,4619;1,41017;1,564374;1,61461;1,994536;1,914824;1,96139;
s;0;0,01258579;0,0864321;0,1897846;0,01613045;0,0531044;0,07264447;0,0038414;0,1875715;0,2327559;0,3662212;0,4460363;0,364017;0,4172158;0,5580611;0,6523433;0,5933089;0,8184571;0,9083524;0,8767953;0,8998961;0,9616976;1,009059;1,345901;1,287496;1,38453;
s;0;0,01349491;0,06965482;0,5035872;0,2749072;0,278264;0,456357;0,3599987;0,1487584;0,1292627;0,09185076;0,0675478;0,2746181;0,2726483;0,1502733;0,005586147;0,01642799;0,1071877;0,2032123;0,14676;0,1202531;0,2478404;0,3199139;0,5702286;0,5294704;0,573637;
s;0;0,2083961;0,2548004;0,001155138;0,1095692;0,2061329;0,1085963;0,1763184;0,4144366;0,4872966;0,5970242;0,679903;0,6235247;0,695313;0,8124113;0,9576454;0,863564;1,082721;1,162913;1,098341;1,095842;1,302302;1,221439;1,499465;1,411332;1,45483;
s;0;0,004595637;0,02082551;0,310663;0,3373277;0,3716786;0,5503545;0,4772608;0,3407633;0,2912984;0,2556477;0,2455184;0,4479799;0,4439354;0,3540792;0,162683;0,2243471;0,02588844;0,05698442;0,04288626;0,03397799;0,04666662;0,04328918;0,3189993;0,2345066;0,3535919;
s;0;0,3081052;0,3765612;0,1228013;0,2526809;0,3264401;0,2265115;0,2724526;0,4358521;0,4781361;0,5632856;0,6195092;0,4872046;0,516541;0,605741;0,7251725;0,5600624;0,7669506;0,8290224;0,7451243;0,6945586;0,9031534;0,874157;1,129595;1,070591;1,1141;
s;0;6,521796;6,62165;6,36953;6,519001;6,619049;6,473538;6,547585;6,734989;6,806155;6,973175;7,030971;6,947474;6,948405;7,087771;7,208347;7,17074;7,349907;7,483829;7,42607;7,376037;7,477382;7,470553;7,826939;7,743859;7,835464;
s;0;0,03182632;0,07673842;0,1534225;0,05506432;0,02051544;0,07632399;0,004709005;
s;0;0,005869806;0,0299589;0,2950966;0,195747;0,09972024;0,248543;0,1786375;
s;0;0,03380293;0,1078502;0,1689152;0,009349585;0,1325827;0,0108211;0,08397007;
s;0;0,1064984;0,1435629;0,08913815;0,03196359;0,096771;0,005724192;0,05905461;
s;0;0,03172553;0,0751012;0,1816006;0,06850839;0,1644249;0,04194975;0,1379776;
s;0;0,007614017;0,006777406;0,2732862;0,1201061;0,1272843;0,2555459;0,1841741;
s;0;0,007543743;0,05133581;0,1069865;0,4633745;0,09485412;0,187731;0,09202027;
s;0;0,001730978;0,07228768;0,006386995;0,0677793;0,1138194;0,006884336;0,06017709;
s;0;0,02166772;0,0237056;0,1035818;0,04963505;0,1209283;0,003422976;0,08955097;
s;0;0,02178028;0,06982237;0,1356453;0,2407736;0,3307283;0,1802769;0,2745483;
b;0;0,1398189;0,08336669;0,09531152;0,1695632;0,248849;0,2973166;0,2517831;
b;0;0,08486152;0,06048214;0,1174275;0,3982439;0,5059048;0,5045211;0,4810817;0,5699909;0,7020068;0,4398217;0,5079057;0,8191392;0,9690471;0,9286785;0,531878;0,8425026;0,8167205;0,9320493;0,8854899;0,6864486;0,5836377;0,8653073;0,4580164;0,4901299;0,5213876;
b;0;0,0235664;0,006147206;0,4373394;0,438421;0,4706322;0,4928789;0,4728088;0,5668719;0,3179348;0,2853427;0,3855698;0,6995428;0,5493422;0,6100636;0,5414758;0,7281199;0,3522592;0,3938165;0,608099;0,7599788;0,4002123;0,4247899;0,2974396;0,55831;0,3366671;
b;0;0,002764404;0,02872038;0,1597952;0,3368732;0,3917445;0,6679161;0,6974185;0,4556723;0,5387344;0,6016934;0,4417779;0,492753;0,6183543;0,7277164;0,6326571;0,7425351;0,4684453;0,5339665;0,4676337;0,3631563;0,2573495;0,5399065;0,4865379;0,5213385;0,4754763;
b;0;0,05901575;0,05586749;0,3732132;0,3660336;0,1627831;0,4076977;0,4124036;0,1492393;0,02850342;0,06317806;0,1842391;0,4933958;0,3879218;0,2757215;0,157052;0,3248048;0,2765465;0,3438063;0,5788331;0,4467311;0,3667059;0,3694353;0,006686211;0,1899862;0,0921526;
b;0;0,08744168;0,06102449;0,03347111;0,3381292;0,4464234;0,7177157;0,3936052;0,2268119;0,3055375;0,3953419;0,181149;0,1827412;0,2585316;0,3692966;0,06211901;0,3495431;0,3515477;0,4431286;0,3422418;0,2030296;0,1481504;0,1422195;0,1999083;0,2530556;0,1976767;
b;0;0,1132147;0,06048322;0,3967428;0,8027116;0,7240683;0,7649379;0,7683692;0,9101262;1,064869;1,179059;1,045176;1,125839;1,248988;1,410526;1,365523;1,805849;1,553923;1,617772;1,854116;2,029679;1,721572;1,975532;1,920845;2,231346;2,031106;
b;0;0,08289236;0,07766593;0,02101636;0,07285798;0,1548104;0,06915212;0,1025407;0,2172132;0,04646015;0,1134071;0,2604754;0,5969472;0,8011441;0,5553255;0,1840811;0,5741544;0,5756764;0,6941066;0,9060216;0,8295722;0,7738481;0,6663184;0,5876236;0,8743873;0,8514032;
b;0;0,003266811;0,03305626;0,4900055;0,571656;0,6548271;0,9324085;0,6375506;0,7056839;0,8400412;0,9594333;0,7523456;0,9866719;0,8270531;0,7631788;0,4334021;0,8250914;0,800437;0,8366694;0,8475437;0,9712362;0,5572677;0,5802207;0,2184916;0,1122303;0,05555344;
b;0;0,05570096;0,02473736;0,1752995;0,2896342;0,3932637;0,6884065;0,4106829;0,4656892;0,5712237;0,3530054;0,4217925;0,7591581;0,9091563;1,020733;0,6707902;1,08393;0,8499804;0,9156623;0,8933668;1,022423;0,9953823;1,3013;1,218442;1,329242;1,282259;
b;0;0,05802161;0,05389422;0,3515958;0,4235619;0,4533751;0,7301729;0,4293804;0,4932606;0,625335;0,7156773;0,4683645;0,7271814;0,9008274;0,6798668;0,4536695;
b;0;0,01499581;0,0419631;0,1582559;0,4868202;0,6193529;0,8897125;0,8953972;0,6452539;0,7480123;0,8105659;0,6184351;0,9032967;1,077845;0,9841967;0,736084;
b;0;0,1385578;0,1588231;0,01100373;0,2914431;0,3964316;0,6739559;0,623481;0,357157;0,4341569;0,1937332;0,2646227;0,5428104;0,4387865;0,4710665;0,3998346;
b;0;0,08835644;0,08673763;0,1124614;0,4140188;0,4923166;0,7412095;0,4360819;0,4732764;0,550952;0,6377485;0,3709397;0,3738632;0,2649512;0,2476501;0,2091146;
b;0;0,1400163;0,1648051;0,04493439;0,2296815;0,2813938;0,2964213;0,2221191;0,04921556;0,002063274;0,06836462;0,1626353;0,08411789;0,05018997;0,0152092;0,1112628;
b;0;0,1060266;0,09907323;0,05548918;0,3389412;0,4223609;0,6729398;0,3760347;0,3687866;0,1908543;0,1015761;0,07868767;0,1830058;0,04212523;0,05262947;0,4235463;
b;0;0,08793652;0,08577472;0,05679572;0,3858294;0,4828815;0,4516075;0,1987913;0,2136991;0,06355453;0,1763327;0,1614656;0,1252012;0,09613895;0,4052525;0,7321434;
b;0;0,114559;0,1405442;0,001864433;0,3017294;0,40645;0,6276813;0,2930863;0,3233845;0,01780581;0,3460038;0,3597918;0,4110966;0,6006866;0,5929437;0,9650927;
b;0;0,00700742;0,1615849;0,2164333;0,5463799;0,3741314;0,5762143;0,5838642;0,3678753;0,1906717;0,2302563;0,09122944;0,04388952;0,1415725;0,2263374;0,05419636;
b;0;0,0571627;0,0802049;0,1177462;0,4217691;0,5519835;0,8009717;0,5560691;0,5174754;0,3692145;0,4093993;0,4794791;0,5354333;0,4027009;0,4589524;0,212204;
s;0;0,03133297;0,1241205;0,1568326;0,002207875;0,06777668;0,07629418;0,04169512;0,3337898;0,4078033;0,5439212;0,6221876;0,6192751;0,6678853;0,7848234;0,9037895;
s;0;0,002228856;0,07655185;0,03022146;0,09098852;0,1611342;0,08613205;0,1313217;0,39748;0,4700303;0,5588386;0,689662;0,661437;0,7649374;0,8855538;1,07925;
s;0;0,0273332;0,07116842;0,1336608;0,0352993;0,03531957;0,08936715;0,004821539;0,2430692;0,2881844;0,3471005;0,3503923;0,164156;0,212677;0,4060917;0,5252433;
s;0;0,04937017;0,1422487;0,01388395;0,1786681;0,3409843;0,3403258;0,4090905;0,6630719;0,8534043;1,015528;1,125431;1,093155;1,190435;1,334023;1,456872;
s;0;0,0002136827;0,06802815;0,0792141;0,2017454;0,2271857;0,1297064;0,2293663;0,3683171;0,364686;0,428345;0,4882932;0,3792973;0,4609156;0,6543975;0,7995381;
s;0;0,001572371;0,0713563;0,01078713;0,1137921;0,2061269;0,1086543;0,1820717;0,3979609;0,4709647;0,6060073;0,7400098;0,7116003;0,8669677;1,037764;1,232395;
s;0;0,05825794;0,1784711;0,1066121;0,2071582;0,3052773;0,2074723;0,2777524;0,5368631;0,582659;0,718735;0,8238997;0,7641535;0,817049;0,9586258;1,104774;
s;0;0,8037903;3,598579;3,273054;2,967107;3,191959;2,911962;2,907262;3,123147;3,114838;3,095072;3,076402;2,894378;2,918062;2,956027;3,172554;
s;0;0,004223168;0,04852879;0,2045624;0,1527858;0,1337156;0,2849958;0,1901267;0,0008819103;0,04626679;0,08407784;0,1137867;0,04497719;0,03478098;0,1280799;0,3512449;
s;0;0,03280145;0,1277172;0,003912687;0,1054567;0,2036228;0,05480957;0,1264596;0,3148174;0,3898766;0,4995134;0,5773525;0,516396;0,5951452;0,711493;0,8546448;
b;0;0,1315955;0,1268179;0,02573586;0,05006158;0,1043317;0,04812741;0,1009378;
b;0;0,1328013;0,1275411;0,03013754;0,02347767;0,1045766;0,3588445;0,03718448;
b;0;0,1102712;0,1032285;0,02415085;0,04825342;0,002455473;0,09967113;0,1995518;
b;0;0,1045787;0,1235588;0,234706;0,340505;0,3120198;0,4647365;0,7621658;
b;0;0,135916;0,1310185;0,1642721;0,1651669;0,08120251;0,1703601;0,1512153;
b;0;0,1638654;0,1852294;0,5963876;0,4684261;0,4147294;0,3927715;0,4386675;
b;0;0,07758349;0,1227372;0,1500281;0,1280648;0,0702877;0,04850769;0,04070902;
b;0;0,0841313;0,105186;0,1553582;0,2106704;0,1558149;0,2129841;0,2344263;
b;0;0,08111703;0,07533026;0,1523637;0,2030956;0,1486969;0,1803672;0,2751734;
b;0;0,1310607;0,1301444;0,1092793;0,27312;0,2164989;0,1965115;0,2438128;
