
NEW RESULT

[ p ;  jungle4 ; breaker: 1,0 ] --> 0,2 0,5 0,76 1,37 
[ b ;  jungle4 ; breaker: 1,0 ] --> 0,2 0,4504149 0,9267061 1,179954 
[ e ;  jungle4 ; breaker: 1,0 ] --> 0 0,04958513 0,1667061 0,1900463 
Absolute Error Mean: 0,1015844

[ p ;  jungle4 ; breaker: 1,0 ] --> 0,2 0,5 0,76 1,37 
[ b ;  jungle4 ; breaker: 1,0 ] --> 0,2 0,4573569 0,7140617 1,251922 
[ e ;  jungle4 ; breaker: 1,0 ] --> 0 0,04264307 0,04593825 0,1180779 
Absolute Error Mean: 0,0516648

[ p ;  jungle4 ; breaker: 1,0 ] --> 0,2 0,5 0,76 1,37 
[ s ;  jungle4 ; breaker: 1,0 ] --> 0,2 0,5020036 0,8873923 1,452546 
[ e ;  jungle4 ; breaker: 1,0 ] --> 0 0,002003551 0,1273923 0,08254576 
Absolute Error Mean: 0,0529854

[ p ;  jungle4 ; breaker: 1,0 ] --> 0,2 0,5 0,76 1,37 
[ s ;  jungle4 ; breaker: 1,0 ] --> 0,2 0,5060865 0,8382844 1,37502 
[ e ;  jungle4 ; breaker: 1,0 ] --> 0 0,006086469 0,07828438 0,005020022 
Absolute Error Mean: 0,02234772

[ p ;  jungle26 ; breaker: 1,0 ] --> 0,2 0,5 0,76 1,37 
[ s ;  jungle26 ; breaker: 1,0 ] --> 0,2 0,505359 0,8136353 1,120719 1,910183 2,287906 2,620408 2,901008 3,107376 3,761253 4,170693 4,627714 5,133274 5,492127 5,893404 6,14778 6,807663 7,210764 7,593138 7,952091 8,331775 8,563674 9,120797 9,524861 9,933022 10,21091 
[ e ;  jungle26 ; breaker: 1,0 ] --> 0 0,005358994 0,0536353 0,2492813 
Absolute Error Mean: 0,0770689

[ p ;  jungle26 ; breaker: 1,0 ] --> 0,2 0,5 0,76 1,37 1,93 2,24 2,72 2,93 3,2 3,51 3,78 4,08 4,57 4,9 5,19 5,3 5,92 6,1 6,37 6,76 7,09 7,24 7,7 7,8 8,24 8,5 
[ s ;  jungle26 ; breaker: 1,0 ] --> 0,2 6,703695 7,032377 7,340719 8,052058 8,380088 8,762688 9,016029 9,604373 9,960135 10,34015 10,74768 11,28134 11,63937 11,99245 12,34857 12,94621 13,37558 13,77862 14,18069 14,58783 14,79044 15,39979 15,83063 16,209 16,58663 
[ e ;  jungle26 ; breaker: 1,0 ] --> 0 6,203695 6,272377 5,970719 6,122058 6,140088 6,042687 6,086029 6,404373 6,450134 6,560146 6,667682 6,711343 6,739365 6,802454 7,048565 7,026209 7,275576 7,408616 7,420693 7,497826 7,550438 7,699792 8,030634 7,969004 8,086626 
Absolute Error Mean: 6,622582

[ p ;  jungle26 ; breaker: 1,0 ] --> 0,2 0,5 0,76 1,37 1,93 2,24 2,72 2,93 3,2 3,51 3,78 4,08 4,57 4,9 5,19 5,3 5,92 6,1 6,37 6,76 7,09 7,24 7,7 7,8 8,24 8,5 
[ s ;  jungle26 ; breaker: 1,0 ] --> 0,2 0,531197 0,8389792 1,168739 1,908137 2,263476 2,643615 2,924012 3,589714 3,970086 4,323825 4,73116 5,16846 5,57405 6,007071 6,236653 6,767168 7,145511 7,525642 7,854733 8,211916 8,414393 8,945892 9,353673 9,682382 10,06441 
[ e ;  jungle26 ; breaker: 1,0 ] --> 0 0,03119701 0,07897919 0,2012612 0,02186275 0,02347589 0,07638454 0,005987644 0,3897135 0,4600861 0,5438254 0,6511602 0,5984602 0,6740499 0,8170705 0,9366531 0,8471675 1,045511 1,155643 1,094733 1,121916 1,174394 1,245893 1,553673 1,442382 1,564407 
Absolute Error Mean: 0,6829187

[ p ;  jungle26 ; breaker: 1,0 ] --> 0,2 0,5 0,76 1,37 1,93 2,24 2,72 2,93 3,2 3,51 3,78 4,08 4,57 4,9 5,19 5,3 5,92 6,1 6,37 6,76 7,09 7,24 7,7 7,8 8,24 8,5 
[ s ;  jungle26 ; breaker: 1,0 ] --> 0,2 0,8623499 1,218896 1,60337 1,780584 2,489603 2,974732 3,229835 3,7441 4,128684 4,535269 4,9377 5,419378 5,853584 6,288674 6,520233 7,032745 7,437772 7,843831 8,2219 8,50017 8,804374 9,31461 9,794537 10,15482 10,46139 
[ e ;  jungle26 ; breaker: 1,0 ] --> 0 0,3623499 0,458896 0,2333702 0,1494159 0,2496033 0,2547321 0,2998347 0,5440996 0,6186841 0,7552688 0,8576999 0,8493781 0,9535837 1,098674 1,220232 1,112745 1,337772 1,473831 1,4619 1,41017 1,564374 1,61461 1,994536 1,914824 1,96139 
Absolute Error Mean: 0,9519991

[ p ;  jungle26 ; breaker: 1,0 ] --> 0,2 0,5 0,76 1,37 1,93 2,24 2,72 2,93 3,2 3,51 3,78 4,08 4,57 4,9 5,19 5,3 5,92 6,1 6,37 6,76 7,09 7,24 7,7 7,8 8,24 8,5 
[ s ;  jungle26 ; breaker: 1,0 ] --> 0,2 0,4874142 0,8464321 1,180215 1,91387 2,293104 2,647356 2,926159 3,387572 3,742756 4,146221 4,526036 4,934017 5,317216 5,748061 5,952343 6,513309 6,918457 7,278352 7,636796 7,989896 8,201697 8,709059 9,145902 9,527495 9,88453 
[ e ;  jungle26 ; breaker: 1,0 ] --> 0 0,01258579 0,0864321 0,1897846 0,01613045 0,0531044 0,07264447 0,0038414 0,1875715 0,2327559 0,3662212 0,4460363 0,364017 0,4172158 0,5580611 0,6523433 0,5933089 0,8184571 0,9083524 0,8767953 0,8998961 0,9616976 1,009059 1,345901 1,287496 1,38453 
Absolute Error Mean: 0,5286246

[ p ;  jungle26 ; breaker: 1,0 ] --> 0,2 0,5 0,76 1,37 1,93 2,24 2,72 2,93 3,2 3,51 3,78 4,08 4,57 4,9 5,19 5,3 5,92 6,1 6,37 6,76 7,09 7,24 7,7 7,8 8,24 8,5 
[ s ;  jungle26 ; breaker: 1,0 ] --> 0,2 0,4865051 0,6903452 0,8664128 1,655093 1,961736 2,263643 2,570001 3,051242 3,380737 3,688149 4,012452 4,295382 4,627352 5,039727 5,294414 5,903572 6,207188 6,573212 6,90676 7,210253 7,48784 8,019914 8,370229 8,76947 9,073637 
[ e ;  jungle26 ; breaker: 1,0 ] --> 0 0,01349491 0,06965482 0,5035872 0,2749072 0,278264 0,456357 0,3599987 0,1487584 0,1292627 0,09185076 0,0675478 0,2746181 0,2726483 0,1502733 0,005586147 0,01642799 0,1071877 0,2032123 0,14676 0,1202531 0,2478404 0,3199139 0,5702286 0,5294704 0,573637 
Absolute Error Mean: 0,2281439

[ p ;  jungle26 ; breaker: 1,0 ] --> 0,2 0,5 0,76 1,37 1,93 2,24 2,72 2,93 3,2 3,51 3,78 4,08 4,57 4,9 5,19 5,3 5,92 6,1 6,37 6,76 7,09 7,24 7,7 7,8 8,24 8,5 
[ s ;  jungle26 ; breaker: 1,0 ] --> 0,2 0,7083961 1,0148 1,371155 2,039569 2,446133 2,828596 3,106318 3,614437 3,997297 4,377024 4,759903 5,193525 5,595313 6,002411 6,257646 6,783564 7,182721 7,532913 7,858342 8,185843 8,542302 8,921439 9,299465 9,651332 9,95483 
[ e ;  jungle26 ; breaker: 1,0 ] --> 0 0,2083961 0,2548004 0,001155138 0,1095692 0,2061329 0,1085963 0,1763184 0,4144366 0,4872966 0,5970242 0,679903 0,6235247 0,695313 0,8124113 0,9576454 0,863564 1,082721 1,162913 1,098341 1,095842 1,302302 1,221439 1,499465 1,411332 1,45483 
Absolute Error Mean: 0,7125106

[ p ;  jungle26 ; breaker: 1,0 ] --> 0,2 0,5 0,76 1,37 1,93 2,24 2,72 2,93 3,2 3,51 3,78 4,08 4,57 4,9 5,19 5,3 5,92 6,1 6,37 6,76 7,09 7,24 7,7 7,8 8,24 8,5 
[ s ;  jungle26 ; breaker: 1,0 ] --> 0,2 0,5045956 0,7808255 1,059337 1,592672 1,868321 2,169646 2,452739 2,859237 3,218702 3,524352 3,834481 4,12202 4,456065 4,835921 5,137317 5,695653 6,074111 6,426984 6,802886 7,056022 7,286666 7,743289 8,118999 8,474506 8,853592 
[ e ;  jungle26 ; breaker: 1,0 ] --> 0 0,004595637 0,02082551 0,310663 0,3373277 0,3716786 0,5503545 0,4772608 0,3407633 0,2912984 0,2556477 0,2455184 0,4479799 0,4439354 0,3540792 0,162683 0,2243471 0,02588844 0,05698442 0,04288626 0,03397799 0,04666662 0,04328918 0,3189993 0,2345066 0,3535919 
Absolute Error Mean: 0,2306057

[ p ;  jungle26 ; breaker: 1,0 ] --> 0,2 0,5 0,76 1,37 1,93 2,24 2,72 2,93 3,2 3,51 3,78 4,08 4,57 4,9 5,19 5,3 5,92 6,1 6,37 6,76 7,09 7,24 7,7 7,8 8,24 8,5 
[ s ;  jungle26 ; breaker: 1,0 ] --> 0,2 0,8081052 1,136561 1,492801 2,182681 2,56644 2,946512 3,202453 3,635852 3,988136 4,343286 4,699509 5,057205 5,416541 5,795741 6,025173 6,480062 6,866951 7,199022 7,505125 7,784559 8,143153 8,574157 8,929595 9,310591 9,6141 
[ e ;  jungle26 ; breaker: 1,0 ] --> 0 0,3081052 0,3765612 0,1228013 0,2526809 0,3264401 0,2265115 0,2724526 0,4358521 0,4781361 0,5632856 0,6195092 0,4872046 0,516541 0,605741 0,7251725 0,5600624 0,7669506 0,8290224 0,7451243 0,6945586 0,9031534 0,874157 1,129595 1,070591 1,1141 
Absolute Error Mean: 0,5770889

[ p ;  jungle26 ; breaker: 1,0 ] --> 0,2 0,5 0,76 1,37 1,93 2,24 2,72 2,93 3,2 3,51 3,78 4,08 4,57 4,9 5,19 5,3 5,92 6,1 6,37 6,76 7,09 7,24 7,7 7,8 8,24 8,5 
[ s ;  jungle26 ; breaker: 1,0 ] --> 0,2 7,021796 7,38165 7,73953 8,449 8,859049 9,193539 9,477585 9,934989 10,31616 10,75317 11,11097 11,51747 11,8484 12,27777 12,50835 13,09074 13,44991 13,85383 14,18607 14,46604 14,71738 15,17055 15,62694 15,98386 16,33546 
[ e ;  jungle26 ; breaker: 1,0 ] --> 0 6,521796 6,62165 6,36953 6,519001 6,619049 6,473538 6,547585 6,734989 6,806155 6,973175 7,030971 6,947474 6,948405 7,087771 7,208347 7,17074 7,349907 7,483829 7,42607 7,376037 7,477382 7,470553 7,826939 7,743859 7,835464 
Absolute Error Mean: 6,791162

[ p ;  jungle8 ; breaker: 1,0 ] --> 0,2 0,5 0,76 1,37 1,93 2,24 2,72 2,93 3,2 3,51 3,78 4,08 4,57 4,9 5,19 5,3 5,92 6,1 6,37 6,76 7,09 7,24 7,7 7,8 8,24 8,5 
[ s ;  jungle8 ; breaker: 1,0 ] --> 0,2 0,5318263 0,8367384 1,216578 1,874936 2,260515 2,643676 2,925291 
[ e ;  jungle8 ; breaker: 1,0 ] --> 0 0,03182632 0,07673842 0,1534225 0,05506432 0,02051544 0,07632399 0,004709005 
Absolute Error Mean: 4,102638

[ p ;  jungle8 ; breaker: 1,0 ] --> 0,2 0,5 0,76 1,37 1,93 2,24 2,72 2,93 
[ s ;  jungle8 ; breaker: 1,0 ] --> 0,2 0,5058698 0,7899589 1,074903 1,734253 2,14028 2,471457 2,751363 2,953523 4,991971 5,322325 5,702851 6,396671 6,833189 7,238447 7,494291 
[ e ;  jungle8 ; breaker: 1,0 ] --> 0 0,005869806 0,0299589 0,2950966 0,195747 0,09972024 0,248543 0,1786375 
Absolute Error Mean: 0,1316966

[ p ;  jungle8 ; breaker: 1,0 ] --> 0,2 0,5 0,76 1,37 1,93 2,24 2,72 2,93 
[ s ;  jungle8 ; breaker: 1,0 ] --> 0,2 0,5338029 0,8678502 1,201085 1,93935 2,372583 2,730821 3,01397 
[ e ;  jungle8 ; breaker: 1,0 ] --> 0 0,03380293 0,1078502 0,1689152 0,009349585 0,1325827 0,0108211 0,08397007 
Absolute Error Mean: 0,06841146

[ p ;  jungle8 ; breaker: 1,0 ] --> 0,2 0,5 0,76 1,37 1,93 2,24 2,72 2,93 
[ s ;  jungle8 ; breaker: 1,0 ] --> 0,2 0,6064984 0,9035629 1,280862 1,961964 2,336771 2,714276 2,989055 
[ e ;  jungle8 ; breaker: 1,0 ] --> 0 0,1064984 0,1435629 0,08913815 0,03196359 0,096771 0,005724192 0,05905461 
Absolute Error Mean: 0,0665891

[ p ;  jungle8 ; breaker: 1,0 ] --> 0,2 0,5 0,76 1,37 1,93 2,24 2,72 2,93 
[ s ;  jungle8 ; breaker: 1,0 ] --> 0,2 0,5317255 0,8351012 1,188399 1,998508 2,404425 2,76195 3,067978 
[ e ;  jungle8 ; breaker: 1,0 ] --> 0 0,03172553 0,0751012 0,1816006 0,06850839 0,1644249 0,04194975 0,1379776 
Absolute Error Mean: 0,08766099

[ p ;  jungle8 ; breaker: 1,0 ] --> 0,2 0,5 0,76 1,37 1,93 2,24 2,72 2,93 
[ s ;  jungle8 ; breaker: 1,0 ] --> 0,2 0,507614 0,7667774 1,096714 1,809894 2,112716 2,464454 2,745826 
[ e ;  jungle8 ; breaker: 1,0 ] --> 0 0,007614017 0,006777406 0,2732862 0,1201061 0,1272843 0,2555459 0,1841741 
Absolute Error Mean: 0,1218485

[ p ;  jungle8 ; breaker: 1,0 ] --> 0,2 0,5 0,76 1,37 1,93 2,24 2,72 2,93 
[ s ;  jungle8 ; breaker: 1,0 ] --> 0,2 0,5075437 0,8113358 1,263013 1,466625 2,145146 2,532269 2,83798 
[ e ;  jungle8 ; breaker: 1,0 ] --> 0 0,007543743 0,05133581 0,1069865 0,4633745 0,09485412 0,187731 0,09202027 
Absolute Error Mean: 0,1254807

[ p ;  jungle8 ; breaker: 1,0 ] --> 0,2 0,5 0,76 1,37 1,93 2,24 2,72 2,93 
[ s ;  jungle8 ; breaker: 1,0 ] --> 0,2 0,501731 0,8322877 1,363613 1,997779 2,353819 2,713116 2,990177 
[ e ;  jungle8 ; breaker: 1,0 ] --> 0 0,001730978 0,07228768 0,006386995 0,0677793 0,1138194 0,006884336 0,06017709 
Absolute Error Mean: 0,04113322

[ p ;  jungle8 ; breaker: 1,0 ] --> 0,2 0,5 0,76 1,37 1,93 2,24 2,72 2,93 
[ s ;  jungle8 ; breaker: 1,0 ] --> 0,2 0,4783323 0,7837056 1,266418 1,979635 2,360928 2,716577 3,019551 
[ e ;  jungle8 ; breaker: 1,0 ] --> 0 0,02166772 0,0237056 0,1035818 0,04963505 0,1209283 0,003422976 0,08955097 
Absolute Error Mean: 0,05156155

[ p ;  jungle8 ; breaker: 1,0 ] --> 0,2 0,5 0,76 1,37 1,93 2,24 2,72 2,93 
[ s ;  jungle8 ; breaker: 1,0 ] --> 0,2 0,4782197 0,8298224 1,505645 2,170774 2,570728 2,900277 3,204548 
[ e ;  jungle8 ; breaker: 1,0 ] --> 0 0,02178028 0,06982237 0,1356453 0,2407736 0,3307283 0,1802769 0,2745483 
Absolute Error Mean: 0,1566969

[ p ;  jungle26 ; breaker: 1,0 ] --> 0,2 0,5 0,76 1,37 1,93 2,24 2,72 2,93 
[ b ;  jungle26 ; breaker: 1,0 ] --> 0,2 0,6398189 0,8433667 1,274688 1,760437 1,991151 2,422683 2,678217 2,856428 3,035474 3,189026 3,600131 4,055468 4,362913 4,799158 5,303622 5,53041 5,709342 5,884334 6,261972 6,641433 7,194088 7,424123 7,835508 8,345915 8,60105 
[ e ;  jungle26 ; breaker: 1,0 ] --> 0 0,1398189 0,08336669 0,09531152 0,1695632 0,248849 0,2973166 0,2517831 
Absolute Error Mean: 0,1607511

[ p ;  jungle26 ; breaker: 1,0 ] --> 0,2 0,5 0,76 1,37 1,93 2,24 2,72 2,93 3,2 3,51 3,78 4,08 4,57 4,9 5,19 5,3 5,92 6,1 6,37 6,76 7,09 7,24 7,7 7,8 8,24 8,5 
[ b ;  jungle26 ; breaker: 1,0 ] --> 0,2 0,5848615 0,8204821 1,252573 1,531756 1,734095 2,215479 2,448918 2,630009 2,807993 3,340178 3,572094 3,750861 3,930953 4,261322 4,768122 5,077497 5,283279 5,437951 5,87451 6,403552 6,656362 6,834692 7,341984 7,74987 7,978612 
[ e ;  jungle26 ; breaker: 1,0 ] --> 0 0,08486152 0,06048214 0,1174275 0,3982439 0,5059048 0,5045211 0,4810817 0,5699909 0,7020068 0,4398217 0,5079057 0,8191392 0,9690471 0,9286785 0,531878 0,8425026 0,8167205 0,9320493 0,8854899 0,6864486 0,5836377 0,8653073 0,4580164 0,4901299 0,5213876 
Absolute Error Mean: 0,5654877

[ p ;  jungle26 ; breaker: 1,0 ] --> 0,2 0,5 0,76 1,37 1,93 2,24 2,72 2,93 3,2 3,51 3,78 4,08 4,57 4,9 5,19 5,3 5,92 6,1 6,37 6,76 7,09 7,24 7,7 7,8 8,24 8,5 
[ b ;  jungle26 ; breaker: 1,0 ] --> 0,2 0,4764336 0,7538528 0,9326606 1,491579 1,769368 2,227121 2,457191 2,633128 3,192065 3,494657 3,69443 3,870457 4,350658 4,579937 4,758524 5,19188 5,747741 5,976183 6,151901 6,330021 6,839787 7,27521 7,502561 7,68169 8,163333 
[ e ;  jungle26 ; breaker: 1,0 ] --> 0 0,0235664 0,006147206 0,4373394 0,438421 0,4706322 0,4928789 0,4728088 0,5668719 0,3179348 0,2853427 0,3855698 0,6995428 0,5493422 0,6100636 0,5414758 0,7281199 0,3522592 0,3938165 0,608099 0,7599788 0,4002123 0,4247899 0,2974396 0,55831 0,3366671 
Absolute Error Mean: 0,4291396

[ p ;  jungle26 ; breaker: 1,0 ] --> 0,2 0,5 0,76 1,37 1,93 2,24 2,72 2,93 3,2 3,51 3,78 4,08 4,57 4,9 5,19 5,3 5,92 6,1 6,37 6,76 7,09 7,24 7,7 7,8 8,24 8,5 
[ b ;  jungle26 ; breaker: 1,0 ] --> 0,2 0,5027644 0,7312796 1,210205 1,593127 1,848256 2,052084 2,232582 2,744328 2,971266 3,178307 3,638222 4,077247 4,281646 4,462284 4,667343 5,177465 5,631555 5,836033 6,292367 6,726844 6,98265 7,160093 7,313462 7,718661 8,024524 
[ e ;  jungle26 ; breaker: 1,0 ] --> 0 0,002764404 0,02872038 0,1597952 0,3368732 0,3917445 0,6679161 0,6974185 0,4556723 0,5387344 0,6016934 0,4417779 0,492753 0,6183543 0,7277164 0,6326571 0,7425351 0,4684453 0,5339665 0,4676337 0,3631563 0,2573495 0,5399065 0,4865379 0,5213385 0,4754763 
Absolute Error Mean: 0,448113

[ p ;  jungle26 ; breaker: 1,0 ] --> 0,2 0,5 0,76 1,37 1,93 2,24 2,72 2,93 3,2 3,51 3,78 4,08 4,57 4,9 5,19 5,3 5,92 6,1 6,37 6,76 7,09 7,24 7,7 7,8 8,24 8,5 
[ b ;  jungle26 ; breaker: 1,0 ] --> 0,2 0,5590158 0,8158675 0,9967868 1,563966 2,077217 2,312302 2,517596 3,050761 3,538503 3,716822 3,895761 4,076604 4,512078 4,914279 5,142948 5,595195 5,823453 6,026194 6,181167 6,643269 6,873294 7,330564 7,793314 8,050014 8,592153 
[ e ;  jungle26 ; breaker: 1,0 ] --> 0 0,05901575 0,05586749 0,3732132 0,3660336 0,1627831 0,4076977 0,4124036 0,1492393 0,02850342 0,06317806 0,1842391 0,4933958 0,3879218 0,2757215 0,157052 0,3248048 0,2765465 0,3438063 0,5788331 0,4467311 0,3667059 0,3694353 0,006686211 0,1899862 0,0921526 
Absolute Error Mean: 0,2527674

[ p ;  jungle26 ; breaker: 1,0 ] --> 0,2 0,5 0,76 1,37 1,93 2,24 2,72 2,93 3,2 3,51 3,78 4,08 4,57 4,9 5,19 5,3 5,92 6,1 6,37 6,76 7,09 7,24 7,7 7,8 8,24 8,5 
[ b ;  jungle26 ; breaker: 1,0 ] --> 0,2 0,5874417 0,8210245 1,336529 1,591871 1,793577 2,002284 2,536395 2,973188 3,204463 3,384658 3,898851 4,387259 4,641469 4,820704 5,362119 5,570457 5,748452 5,926871 6,417758 6,886971 7,091849 7,55778 7,999908 8,493055 8,697677 
[ e ;  jungle26 ; breaker: 1,0 ] --> 0 0,08744168 0,06102449 0,03347111 0,3381292 0,4464234 0,7177157 0,3936052 0,2268119 0,3055375 0,3953419 0,181149 0,1827412 0,2585316 0,3692966 0,06211901 0,3495431 0,3515477 0,4431286 0,3422418 0,2030296 0,1481504 0,1422195 0,1999083 0,2530556 0,1976767 
Absolute Error Mean: 0,2573016

[ p ;  jungle26 ; breaker: 1,0 ] --> 0,2 0,5 0,76 1,37 1,93 2,24 2,72 2,93 3,2 3,51 3,78 4,08 4,57 4,9 5,19 5,3 5,92 6,1 6,37 6,76 7,09 7,24 7,7 7,8 8,24 8,5 
[ b ;  jungle26 ; breaker: 1,0 ] --> 0,2 0,6132147 0,8204832 0,9732572 1,127288 1,515932 1,955062 2,161631 2,289874 2,445131 2,600941 3,034824 3,444161 3,651012 3,779474 3,934478 4,114151 4,546077 4,752228 4,905884 5,060321 5,518427 5,724468 5,879155 6,008654 6,468894 
[ e ;  jungle26 ; breaker: 1,0 ] --> 0 0,1132147 0,06048322 0,3967428 0,8027116 0,7240683 0,7649379 0,7683692 0,9101262 1,064869 1,179059 1,045176 1,125839 1,248988 1,410526 1,365523 1,805849 1,553923 1,617772 1,854116 2,029679 1,721572 1,975532 1,920845 2,231346 2,031106 
Absolute Error Mean: 1,220091

[ p ;  jungle26 ; breaker: 1,0 ] --> 0,2 0,5 0,76 1,37 1,93 2,24 2,72 2,93 3,2 3,51 3,78 4,08 4,57 4,9 5,19 5,3 5,92 6,1 6,37 6,76 7,09 7,24 7,7 7,8 8,24 8,5 
[ b ;  jungle26 ; breaker: 1,0 ] --> 0,2 0,5828924 0,8376659 1,348984 1,857142 2,08519 2,650848 2,827459 2,982787 3,46354 3,666593 3,819525 3,973053 4,098856 4,634675 5,115919 5,345846 5,524323 5,675893 5,853979 6,260428 6,466152 7,033681 7,212377 7,365613 7,648597 
[ e ;  jungle26 ; breaker: 1,0 ] --> 0 0,08289236 0,07766593 0,02101636 0,07285798 0,1548104 0,06915212 0,1025407 0,2172132 0,04646015 0,1134071 0,2604754 0,5969472 0,8011441 0,5553255 0,1840811 0,5741544 0,5756764 0,6941066 0,9060216 0,8295722 0,7738481 0,6663184 0,5876236 0,8743873 0,8514032 
Absolute Error Mean: 0,4111193

[ p ;  jungle26 ; breaker: 1,0 ] --> 0,2 0,5 0,76 1,37 1,93 2,24 2,72 2,93 3,2 3,51 3,78 4,08 4,57 4,9 5,19 5,3 5,92 6,1 6,37 6,76 7,09 7,24 7,7 7,8 8,24 8,5 
[ b ;  jungle26 ; breaker: 1,0 ] --> 0,2 0,5032668 0,7269437 0,8799945 1,358344 1,585173 1,787592 2,292449 2,494316 2,669959 2,820567 3,327654 3,583328 4,072947 4,426821 4,866598 5,094909 5,299563 5,53333 5,912457 6,118764 6,682732 7,119779 7,581509 8,35223 8,555553 
[ e ;  jungle26 ; breaker: 1,0 ] --> 0 0,003266811 0,03305626 0,4900055 0,571656 0,6548271 0,9324085 0,6375506 0,7056839 0,8400412 0,9594333 0,7523456 0,9866719 0,8270531 0,7631788 0,4334021 0,8250914 0,800437 0,8366694 0,8475437 0,9712362 0,5572677 0,5802207 0,2184916 0,1122303 0,05555344 
Absolute Error Mean: 0,5921277

[ p ;  jungle26 ; breaker: 1,0 ] --> 0,2 0,5 0,76 1,37 1,93 2,24 2,72 2,93 3,2 3,51 3,78 4,08 4,57 4,9 5,19 5,3 5,92 6,1 6,37 6,76 7,09 7,24 7,7 7,8 8,24 8,5 
[ b ;  jungle26 ; breaker: 1,0 ] --> 0,2 0,555701 0,7847373 1,1947 1,640366 1,846736 2,031594 2,519317 2,734311 2,938776 3,426995 3,658207 3,810842 3,990844 4,169267 4,62921 4,836071 5,25002 5,454338 5,866633 6,067577 6,244617 6,3987 6,581558 6,910758 7,217741 
[ e ;  jungle26 ; breaker: 1,0 ] --> 0 0,05570096 0,02473736 0,1752995 0,2896342 0,3932637 0,6884065 0,4106829 0,4656892 0,5712237 0,3530054 0,4217925 0,7591581 0,9091563 1,020733 0,6707902 1,08393 0,8499804 0,9156623 0,8933668 1,022423 0,9953823 1,3013 1,218442 1,329242 1,282259 
Absolute Error Mean: 0,6962023

[ p ;  jungle16 ; breaker: 1,0 ] --> 0,2 0,5 0,76 1,37 1,93 2,24 2,72 2,93 3,2 3,51 3,78 4,08 4,57 4,9 5,19 5,3 5,92 6,1 6,37 6,76 7,09 7,24 7,7 7,8 8,24 8,5 
[ b ;  jungle16 ; breaker: 1,0 ] --> 0,2 0,5580216 0,8138942 1,018404 1,506438 1,786625 1,989827 2,50062 2,706739 2,884665 3,064323 3,611635 3,842819 3,999173 4,510133 4,846331 
[ e ;  jungle16 ; breaker: 1,0 ] --> 0 0,05802161 0,05389422 0,3515958 0,4235619 0,4533751 0,7301729 0,4293804 0,4932606 0,625335 0,7156773 0,4683645 0,7271814 0,9008274 0,6798668 0,4536695 
Absolute Error Mean: 3,049392

[ p ;  jungle16 ; breaker: 1,0 ] --> 0,2 0,5 0,76 1,37 1,93 2,24 2,72 2,93 3,2 3,51 3,78 4,08 4,57 4,9 5,19 5,3 
[ b ;  jungle16 ; breaker: 1,0 ] --> 0,2 0,4850042 0,7180369 1,211744 1,44318 1,620647 1,830288 2,034603 2,554746 2,761988 2,969434 3,461565 3,666703 3,822155 4,205803 4,563916 
[ e ;  jungle16 ; breaker: 1,0 ] --> 0 0,01499581 0,0419631 0,1582559 0,4868202 0,6193529 0,8897125 0,8953972 0,6452539 0,7480123 0,8105659 0,6184351 0,9032967 1,077845 0,9841967 0,736084 
Absolute Error Mean: 0,6018867

[ p ;  jungle16 ; breaker: 1,0 ] --> 0,2 0,5 0,76 1,37 1,93 2,24 2,72 2,93 3,2 3,51 3,78 4,08 4,57 4,9 5,19 5,3 
[ b ;  jungle16 ; breaker: 1,0 ] --> 0,2 0,6385578 0,9188231 1,381004 1,638557 1,843568 2,046044 2,306519 2,842843 3,075843 3,586267 3,815377 4,02719 4,461214 4,718934 4,900166 
[ e ;  jungle16 ; breaker: 1,0 ] --> 0 0,1385578 0,1588231 0,01100373 0,2914431 0,3964316 0,6739559 0,623481 0,357157 0,4341569 0,1937332 0,2646227 0,5428104 0,4387865 0,4710665 0,3998346 
Absolute Error Mean: 0,3372415

[ p ;  jungle16 ; breaker: 1,0 ] --> 0,2 0,5 0,76 1,37 1,93 2,24 2,72 2,93 3,2 3,51 3,78 4,08 4,57 4,9 5,19 5,3 
[ b ;  jungle16 ; breaker: 1,0 ] --> 0,2 0,5883564 0,8467376 1,257539 1,515981 1,747683 1,978791 2,493918 2,726724 2,959048 3,142251 3,70906 4,196137 4,635049 4,94235 5,509115 
[ e ;  jungle16 ; breaker: 1,0 ] --> 0 0,08835644 0,08673763 0,1124614 0,4140188 0,4923166 0,7412095 0,4360819 0,4732764 0,550952 0,6377485 0,3709397 0,3738632 0,2649512 0,2476501 0,2091146 
Absolute Error Mean: 0,3437299

[ p ;  jungle16 ; breaker: 1,0 ] --> 0,2 0,5 0,76 1,37 1,93 2,24 2,72 2,93 3,2 3,51 3,78 4,08 4,57 4,9 5,19 5,3 
[ b ;  jungle16 ; breaker: 1,0 ] --> 0,2 0,6400163 0,924805 1,414934 1,700318 1,958606 2,423579 2,707881 3,249216 3,507937 3,711635 3,917365 4,485882 4,95019 5,205209 5,411263 
[ e ;  jungle16 ; breaker: 1,0 ] --> 0 0,1400163 0,1648051 0,04493439 0,2296815 0,2813938 0,2964213 0,2221191 0,04921556 0,002063274 0,06836462 0,1626353 0,08411789 0,05018997 0,0152092 0,1112628 
Absolute Error Mean: 0,1201519

[ p ;  jungle16 ; breaker: 1,0 ] --> 0,2 0,5 0,76 1,37 1,93 2,24 2,72 2,93 3,2 3,51 3,78 4,08 4,57 4,9 5,19 5,3 
[ b ;  jungle16 ; breaker: 1,0 ] --> 0,2 0,6060266 0,8590732 1,314511 1,591059 1,817639 2,04706 2,553965 2,831213 3,319146 3,881576 4,158688 4,386994 4,942125 5,24263 5,723547 
[ e ;  jungle16 ; breaker: 1,0 ] --> 0 0,1060266 0,09907323 0,05548918 0,3389412 0,4223609 0,6729398 0,3760347 0,3687866 0,1908543 0,1015761 0,07868767 0,1830058 0,04212523 0,05262947 0,4235463 
Absolute Error Mean: 0,2195048

[ p ;  jungle16 ; breaker: 1,0 ] --> 0,2 0,5 0,76 1,37 1,93 2,24 2,72 2,93 3,2 3,51 3,78 4,08 4,57 4,9 5,19 5,3 
[ b ;  jungle16 ; breaker: 1,0 ] --> 0,2 0,5879365 0,8457747 1,313204 1,54417 1,757118 2,268393 2,731209 2,986301 3,446445 3,956333 4,241466 4,444799 4,803861 5,595253 6,032144 
[ e ;  jungle16 ; breaker: 1,0 ] --> 0 0,08793652 0,08577472 0,05679572 0,3858294 0,4828815 0,4516075 0,1987913 0,2136991 0,06355453 0,1763327 0,1614656 0,1252012 0,09613895 0,4052525 0,7321434 
Absolute Error Mean: 0,2327128

[ p ;  jungle16 ; breaker: 1,0 ] --> 0,2 0,5 0,76 1,37 1,93 2,24 2,72 2,93 3,2 3,51 3,78 4,08 4,57 4,9 5,19 5,3 
[ b ;  jungle16 ; breaker: 1,0 ] --> 0,2 0,614559 0,9005442 1,368136 1,628271 1,83355 2,092319 2,636914 2,876616 3,527806 4,126004 4,439792 4,981097 5,500687 5,782944 6,265093 
[ e ;  jungle16 ; breaker: 1,0 ] --> 0 0,114559 0,1405442 0,001864433 0,3017294 0,40645 0,6276813 0,2930863 0,3233845 0,01780581 0,3460038 0,3597918 0,4110966 0,6006866 0,5929437 0,9650927 
Absolute Error Mean: 0,34392


NEW RESULT

[ p ;  jungle16 ; breaker: 1,0 ] --> 0,2 0,5 0,76 1,37 1,93 2,24 2,72 2,93 3,2 3,51 3,78 4,08 4,57 4,9 5,19 5,3 

NEW RESULT

[ p ;  jungle16 ; breaker: 1,0 ] --> 0,2 0,5 0,76 1,37 1,93 2,24 2,72 2,93 3,2 3,51 3,78 4,08 4,57 4,9 5,19 5,3 
[ b ;  jungle16 ; breaker: 1,0 ] --> 0,2 0,5070074 0,9215849 1,153567 1,38362 1,865869 2,143786 2,346136 2,832125 3,319328 3,549744 3,98877 4,526111 4,758428 4,963663 5,245804 
[ e ;  jungle16 ; breaker: 1,0 ] --> 0 0,00700742 0,1615849 0,2164333 0,5463799 0,3741314 0,5762143 0,5838642 0,3678753 0,1906717 0,2302563 0,09122944 0,04388952 0,1415725 0,2263374 0,05419636 
Absolute Error Mean: 0,2382278

[ p ;  jungle16 ; breaker: 1,0 ] --> 0,2 0,5 0,76 1,37 1,93 2,24 2,72 2,93 3,2 3,51 3,78 4,08 4,57 4,9 5,19 5,3 
[ b ;  jungle16 ; breaker: 1,0 ] --> 0,2 0,5571627 0,8402049 1,252254 1,508231 1,688017 1,919028 2,373931 2,682525 3,140785 3,370601 3,600521 4,034567 4,497299 4,731048 5,087796 
[ e ;  jungle16 ; breaker: 1,0 ] --> 0 0,0571627 0,0802049 0,1177462 0,4217691 0,5519835 0,8009717 0,5560691 0,5174754 0,3692145 0,4093993 0,4794791 0,5354333 0,4027009 0,4589524 0,212204 
Absolute Error Mean: 0,3731729

[ p ;  jungle16 ; breaker: 1,0 ] --> 0,2 0,5 0,76 1,37 1,93 2,24 2,72 2,93 3,2 3,51 3,78 4,08 4,57 4,9 5,19 5,3 
[ s ;  jungle16 ; breaker: 1,0 ] --> 0,2 0,531333 0,8841205 1,213167 1,927792 2,307777 2,643706 2,971695 3,53379 3,917803 4,323921 4,702188 5,189275 5,567885 5,974823 6,20379 
[ e ;  jungle16 ; breaker: 1,0 ] --> 0 0,03133297 0,1241205 0,1568326 0,002207875 0,06777668 0,07629418 0,04169512 0,3337898 0,4078033 0,5439212 0,6221876 0,6192751 0,6678853 0,7848234 0,9037895 
Absolute Error Mean: 0,3364834

[ p ;  jungle16 ; breaker: 1,0 ] --> 0,2 0,5 0,76 1,37 1,93 2,24 2,72 2,93 3,2 3,51 3,78 4,08 4,57 4,9 5,19 5,3 
[ s ;  jungle16 ; breaker: 1,0 ] --> 0,2 0,5022289 0,8365518 1,339779 2,020988 2,401134 2,806132 3,061322 3,59748 3,98003 4,338839 4,769662 5,231437 5,664937 6,075554 6,37925 
[ e ;  jungle16 ; breaker: 1,0 ] --> 0 0,002228856 0,07655185 0,03022146 0,09098852 0,1611342 0,08613205 0,1313217 0,39748 0,4700303 0,5588386 0,689662 0,661437 0,7649374 0,8855538 1,07925 
Absolute Error Mean: 0,3803605

[ p ;  jungle16 ; breaker: 1,0 ] --> 0,2 0,5 0,76 1,37 1,93 2,24 2,72 2,93 3,2 3,51 3,78 4,08 4,57 4,9 5,19 5,3 
[ s ;  jungle16 ; breaker: 1,0 ] --> 0,2 0,5273332 0,8311684 1,236339 1,894701 2,27532 2,630633 2,934822 3,443069 3,798184 4,1271 4,430392 4,734156 5,112677 5,596092 5,825243 
[ e ;  jungle16 ; breaker: 1,0 ] --> 0 0,0273332 0,07116842 0,1336608 0,0352993 0,03531957 0,08936715 0,004821539 0,2430692 0,2881844 0,3471005 0,3503923 0,164156 0,212677 0,4060917 0,5252433 
Absolute Error Mean: 0,1833678

[ p ;  jungle16 ; breaker: 1,0 ] --> 0,2 0,5 0,76 1,37 1,93 2,24 2,72 2,93 3,2 3,51 3,78 4,08 4,57 4,9 5,19 5,3 
[ s ;  jungle16 ; breaker: 1,0 ] --> 0,2 0,5493702 0,9022487 1,356116 2,108668 2,580984 3,060326 3,339091 3,863072 4,363404 4,795528 5,205431 5,663156 6,090435 6,524024 6,756872 
[ e ;  jungle16 ; breaker: 1,0 ] --> 0 0,04937017 0,1422487 0,01388395 0,1786681 0,3409843 0,3403258 0,4090905 0,6630719 0,8534043 1,015528 1,125431 1,093155 1,190435 1,334023 1,456872 
Absolute Error Mean: 0,6379057

[ p ;  jungle16 ; breaker: 1,0 ] --> 0,2 0,5 0,76 1,37 1,93 2,24 2,72 2,93 3,2 3,51 3,78 4,08 4,57 4,9 5,19 5,3 
[ s ;  jungle16 ; breaker: 1,0 ] --> 0,2 0,4997863 0,8280281 1,290786 2,131745 2,467186 2,849706 3,159366 3,568317 3,874686 4,208345 4,568293 4,949297 5,360916 5,844398 6,099538 
[ e ;  jungle16 ; breaker: 1,0 ] --> 0 0,0002136827 0,06802815 0,0792141 0,2017454 0,2271857 0,1297064 0,2293663 0,3683171 0,364686 0,428345 0,4882932 0,3792973 0,4609156 0,6543975 0,7995381 
Absolute Error Mean: 0,3049531

[ p ;  jungle16 ; breaker: 1,0 ] --> 0,2 0,5 0,76 1,37 1,93 2,24 2,72 2,93 3,2 3,51 3,78 4,08 4,57 4,9 5,19 5,3 
[ s ;  jungle16 ; breaker: 1,0 ] --> 0,2 0,5015724 0,8313563 1,359213 2,043792 2,446127 2,828654 3,112072 3,597961 3,980965 4,386007 4,82001 5,2816 5,766968 6,227764 6,532395 
[ e ;  jungle16 ; breaker: 1,0 ] --> 0 0,001572371 0,0713563 0,01078713 0,1137921 0,2061269 0,1086543 0,1820717 0,3979609 0,4709647 0,6060073 0,7400098 0,7116003 0,8669677 1,037764 1,232395 
Absolute Error Mean: 0,4223769

[ p ;  jungle16 ; breaker: 1,0 ] --> 0,2 0,5 0,76 1,37 1,93 2,24 2,72 2,93 3,2 3,51 3,78 4,08 4,57 4,9 5,19 5,3 
[ s ;  jungle16 ; breaker: 1,0 ] --> 0,2 0,5582579 0,9384711 1,476612 2,137158 2,545277 2,927472 3,207752 3,736863 4,092659 4,498735 4,9039 5,334154 5,717049 6,148626 6,404774 
[ e ;  jungle16 ; breaker: 1,0 ] --> 0 0,05825794 0,1784711 0,1066121 0,2071582 0,3052773 0,2074723 0,2777524 0,5368631 0,582659 0,718735 0,8238997 0,7641535 0,817049 0,9586258 1,104774 
Absolute Error Mean: 0,477985

[ p ;  jungle16 ; breaker: 1,0 ] --> 0,2 0,5 0,76 1,37 1,93 2,24 2,72 2,93 3,2 3,51 3,78 4,08 4,57 4,9 5,19 5,3 
[ s ;  jungle16 ; breaker: 1,0 ] --> 0,2 1,30379 4,358579 4,643054 4,897107 5,431959 5,631962 5,837262 6,323147 6,624838 6,875072 7,156402 7,464378 7,818062 8,146027 8,472554 9,003467 9,379295 9,705151 10,12942 10,78216 11,1832 11,58517 11,83978 12,29777 12,62413 13,02877 13,43265 13,88226 14,28344 14,69089 14,96875 
[ e ;  jungle16 ; breaker: 1,0 ] --> 0 0,8037903 3,598579 3,273054 2,967107 3,191959 2,911962 2,907262 3,123147 3,114838 3,095072 3,076402 2,894378 2,918062 2,956027 3,172554 
Absolute Error Mean: 2,750262

[ p ;  jungle16 ; breaker: 1,0 ] --> 0,2 0,5 0,76 1,37 1,93 2,24 2,72 2,93 3,2 3,51 3,78 4,08 4,57 4,9 5,19 5,3 
[ s ;  jungle16 ; breaker: 1,0 ] --> 0,2 0,5042232 0,8085288 1,165438 1,777214 2,106284 2,435004 2,739873 3,200882 3,556267 3,864078 4,193787 4,525023 4,934781 5,31808 5,651245 
[ e ;  jungle16 ; breaker: 1,0 ] --> 0 0,004223168 0,04852879 0,2045624 0,1527858 0,1337156 0,2849958 0,1901267 0,0008819103 0,04626679 0,08407784 0,1137867 0,04497719 0,03478098 0,1280799 0,3512449 
Absolute Error Mean: 0,1139397

[ p ;  jungle16 ; breaker: 1,0 ] --> 0,2 0,5 0,76 1,37 1,93 2,24 2,72 2,93 3,2 3,51 3,78 4,08 4,57 4,9 5,19 5,3 
[ s ;  jungle16 ; breaker: 1,0 ] --> 0,2 0,5328014 0,8877172 1,373913 2,035457 2,443623 2,77481 3,05646 3,514817 3,899877 4,279513 4,657352 5,086396 5,495145 5,901493 6,154645 
[ e ;  jungle16 ; breaker: 1,0 ] --> 0 0,03280145 0,1277172 0,003912687 0,1054567 0,2036228 0,05480957 0,1264596 0,3148174 0,3898766 0,4995134 0,5773525 0,516396 0,5951452 0,711493 0,8546448 
Absolute Error Mean: 0,3196262

[ p ;  jungle8 ; breaker: 1,0 ] --> 0,2 0,5 0,76 1,37 1,93 2,24 2,72 2,93 3,2 3,51 3,78 4,08 4,57 4,9 5,19 5,3 
[ b ;  jungle8 ; breaker: 1,0 ] --> 0,2 0,6315955 0,8868179 1,395736 1,879938 2,135668 2,671873 3,030938 
[ e ;  jungle8 ; breaker: 1,0 ] --> 0 0,1315955 0,1268179 0,02573586 0,05006158 0,1043317 0,04812741 0,1009378 
Absolute Error Mean: 2,19485

[ p ;  jungle8 ; breaker: 1,0 ] --> 0,2 0,5 0,76 1,37 1,93 2,24 2,72 2,93 
[ b ;  jungle8 ; breaker: 1,0 ] --> 0,2 0,6328013 0,8875411 1,400138 1,906522 2,135423 2,361156 2,967185 
[ e ;  jungle8 ; breaker: 1,0 ] --> 0 0,1328013 0,1275411 0,03013754 0,02347767 0,1045766 0,3588445 0,03718448 
Absolute Error Mean: 0,1018204

[ p ;  jungle8 ; breaker: 1,0 ] --> 0,2 0,5 0,76 1,37 1,93 2,24 2,72 2,93 
[ b ;  jungle8 ; breaker: 1,0 ] --> 0,2 0,6102712 0,8632285 1,394151 1,881747 2,237545 2,620329 3,129552 
[ e ;  jungle8 ; breaker: 1,0 ] --> 0 0,1102712 0,1032285 0,02415085 0,04825342 0,002455473 0,09967113 0,1995518 
Absolute Error Mean: 0,0734478

[ p ;  jungle8 ; breaker: 1,0 ] --> 0,2 0,5 0,76 1,37 1,93 2,24 2,72 2,93 
[ b ;  jungle8 ; breaker: 1,0 ] --> 0,2 0,6045787 0,8835588 1,604706 2,270505 2,55202 3,184736 3,692166 
[ e ;  jungle8 ; breaker: 1,0 ] --> 0 0,1045787 0,1235588 0,234706 0,340505 0,3120198 0,4647365 0,7621658 
Absolute Error Mean: 0,2927838

[ p ;  jungle8 ; breaker: 1,0 ] --> 0,2 0,5 0,76 1,37 1,93 2,24 2,72 2,93 
[ b ;  jungle8 ; breaker: 1,0 ] --> 0,2 0,635916 0,8910185 1,534272 1,764833 2,321203 2,54964 3,081215 
[ e ;  jungle8 ; breaker: 1,0 ] --> 0 0,135916 0,1310185 0,1642721 0,1651669 0,08120251 0,1703601 0,1512153 
Absolute Error Mean: 0,1248939

[ p ;  jungle8 ; breaker: 1,0 ] --> 0,2 0,5 0,76 1,37 1,93 2,24 2,72 2,93 
[ b ;  jungle8 ; breaker: 1,0 ] --> 0,2 0,6638654 0,9452294 1,966388 2,398426 2,654729 3,112772 3,368668 
[ e ;  jungle8 ; breaker: 1,0 ] --> 0 0,1638654 0,1852294 0,5963876 0,4684261 0,4147294 0,3927715 0,4386675 
Absolute Error Mean: 0,3325096

[ p ;  jungle8 ; breaker: 1,0 ] --> 0,2 0,5 0,76 1,37 1,93 2,24 2,72 2,93 
[ b ;  jungle8 ; breaker: 1,0 ] --> 0,2 0,5775835 0,8827372 1,520028 2,058065 2,310288 2,768508 2,970709 
[ e ;  jungle8 ; breaker: 1,0 ] --> 0 0,07758349 0,1227372 0,1500281 0,1280648 0,0702877 0,04850769 0,04070902 
Absolute Error Mean: 0,07973975

[ p ;  jungle8 ; breaker: 1,0 ] --> 0,2 0,5 0,76 1,37 1,93 2,24 2,72 2,93 
[ b ;  jungle8 ; breaker: 1,0 ] --> 0,2 0,5841313 0,865186 1,525358 2,14067 2,395815 2,932984 3,164426 
[ e ;  jungle8 ; breaker: 1,0 ] --> 0 0,0841313 0,105186 0,1553582 0,2106704 0,1558149 0,2129841 0,2344263 
Absolute Error Mean: 0,1448214

[ p ;  jungle8 ; breaker: 1,0 ] --> 0,2 0,5 0,76 1,37 1,93 2,24 2,72 2,93 
[ b ;  jungle8 ; breaker: 1,0 ] --> 0,2 0,581117 0,8353302 1,522364 2,133096 2,388697 2,900367 3,205173 
[ e ;  jungle8 ; breaker: 1,0 ] --> 0 0,08111703 0,07533026 0,1523637 0,2030956 0,1486969 0,1803672 0,2751734 
Absolute Error Mean: 0,139518

[ p ;  jungle8 ; breaker: 1,0 ] --> 0,2 0,5 0,76 1,37 1,93 2,24 2,72 2,93 
[ b ;  jungle8 ; breaker: 1,0 ] --> 0,2 0,6310607 0,8901444 1,479279 2,20312 2,456499 2,916512 3,173813 
[ e ;  jungle8 ; breaker: 1,0 ] --> 0 0,1310607 0,1301444 0,1092793 0,27312 0,2164989 0,1965115 0,2438128 
Absolute Error Mean: 0,1625534

[ p ;  jungle16 ; breaker: 1,0 ] --> 0,2 0,5 0,76 1,37 1,93 2,24 2,72 2,93 
